wave flux error channelflag bitflag stitchflag
    5.127     0.0005275     0.0198984           1         392           0
    5.157    -0.0025080     0.0105632           1         136           0
    5.187     0.0000152     0.0051818           1         136           0
    5.217     0.0003613     0.0028990           1         136           0
    5.247    -0.0016255     0.0028627           1         136           0
    5.278    -0.0025046     0.0032363           1         136           0
    5.308    -0.0020231     0.0030969           1         136           0
    5.338    -0.0048958     0.0028676           1         392           0
    5.368    -0.0063557     0.0030686           1         392           0
    5.399    -0.0037741     0.0040630           1       16776           0
    5.429     0.0020625     0.0025377           1       16796           0
    5.459    -0.0014686     0.0029093           1       16796           0
    5.489     0.0018872     0.0029327           1         392           0
    5.520     0.0006326     0.0025372           1         392           0
    5.550    -0.0002323     0.0023755           1         392           0
    5.580    -0.0019988     0.0022163           1         392           0
    5.610    -0.0029349     0.0024155           1         392           0
    5.641    -0.0028563     0.0022232           1        8468           0
    5.671    -0.0028251     0.0020792           1        8468           0
    5.701    -0.0040704     0.0016718           1         392           0
    5.731    -0.0022788     0.0021104           1         392           0
    5.762    -0.0028268     0.0020341           1         412           0
    5.792    -0.0037393     0.0021293           1         412           0
    5.822    -0.0035587     0.0021730           1         392           0
    5.852    -0.0026707     0.0021588           1         392           0
    5.883    -0.0013335     0.0024113           1         392           0
    5.913    -0.0006014     0.0022616           1         136           0
    5.943    -0.0020280     0.0023389           1         136           0
    5.973    -0.0010460     0.0022418           1         136           0
    6.004    -0.0013419     0.0019166           1         136           0
    6.034     0.0007224     0.0023222           1         136           0
    6.064     0.0009812     0.0022201           1         392           0
    6.094     0.0013230     0.0022682           1         392           0
    6.125     0.0009713     0.0023596           1         392           0
    6.155    -0.0005155     0.0023806           1         392           0
    6.185    -0.0003027     0.0022621           1         392           0
    6.215     0.0027692     0.0020331           1         392           0
    6.245    -0.0017351     0.0027068           1         392           0
    6.276    -0.0035049     0.0031172           1         392           0
    6.306    -0.0018447     0.0024378           1         392           0
    6.336    -0.0018998     0.0025491           1         392           0
    6.366    -0.0012846     0.0028246           1         392           0
    6.397    -0.0035035     0.0025371           1         392           0
    6.427    -0.0030856     0.0026470           1         392           0
    6.457    -0.0030494     0.0025275           1         392           0
    6.487    -0.0031247     0.0025362           1         392           0
    6.518    -0.0020673     0.0026092           1         392           0
    6.548    -0.0037582     0.0033470           1         392           0
    6.578    -0.0053896     0.0038568           1         392           0
    6.608    -0.0000540     0.0039589           1         392           0
    6.639     0.0008886     0.0037849           1         136           0
    6.669     0.0033034     0.0041398           1         136           0
    6.699    -0.0019371     0.0037505           1         136           0
    6.729    -0.0033215     0.0040202           1         136           0
    6.760    -0.0001501     0.0038211           1         136           0
    6.790    -0.0033219     0.0036167           1         392           0
    6.820    -0.0002652     0.0038333           1         392           0
    6.850    -0.0027504     0.0037074           1         392           0
    6.881    -0.0010879     0.0041079           1         392           0
    6.911    -0.0004180     0.0038016           1         392           0
    6.941     0.0015982     0.0038066           1         392           0
    6.971     0.0043146     0.0035453           1         392           0
    7.002    -0.0044805     0.0035796           1         392           0
    7.032    -0.0006503     0.0035107           1         392           0
    7.062    -0.0037243     0.0039371           1         392           0
    7.092    -0.0026826     0.0036082           1         392           0
    7.122    -0.0017593     0.0037937           1         392           0
    7.153    -0.0003445     0.0037413           1         392           0
    7.183    -0.0026850     0.0034775           1         392           0
    7.213    -0.0017557     0.0036564           1         392           0
    7.243     0.0023137     0.0039514           1         392           0
    7.274     0.0003717     0.0040788           1         392           0
    7.304    -0.0008253     0.0042827           1         392           0
    7.334    -0.0023874     0.0052046           1       53312           0
    7.395     0.0003504     0.0057219           1       18496           0
    7.455    -0.0009413     0.0044670           1       18496           0
    7.516    -0.0000458     0.0045979           1       53312           0
    7.576     0.0031395     0.0070960           1      153664           0
    7.637     0.0029752     0.0022303           1         392           0
    7.697     0.0006457     0.0027607           1         392           0
    7.758    -0.0012262     0.0029466           1         392           0
    7.818     0.0011066     0.0029984           1         392           0
    7.879     0.0022044     0.0025606           1         392           0
    7.939     0.0030942     0.0029826           1         392           0
    8.000     0.0023091     0.0029015           1         392           0
    8.060     0.0012056     0.0029180           1         392           0
    8.120     0.0053678     0.0026453           1         392           0
    8.181     0.0050733     0.0028753           1         392           0
    8.241     0.0069858     0.0024574           1         392           0
    8.302     0.0040230     0.0027871           1         392           0
    8.362     0.0032374     0.0015631           2       16796           0
    8.423     0.0015168     0.0014638           2       16796           0
    8.483     0.0016939     0.0014854           2       16792           0
    8.544     0.0008994     0.0014706           2       16776           0
    8.604     0.0007878     0.0016177           2         392           0
    8.665     0.0007437     0.0015720           2         392           0
    8.725     0.0021457     0.0011883           2         392           0
    8.786     0.0016958     0.0014751           2         392           0
    8.846     0.0014472     0.0015733           2         392           0
    8.907     0.0017128     0.0012910           2         392           0
    8.967     0.0001379     0.0016318           2         392           0
    9.028     0.0000245     0.0018655           2         136           0
    9.088    -0.0002521     0.0018700           2         136           0
    9.149     0.0012150     0.0017469           2         136           0
    9.209     0.0024239     0.0018860           2         136           0
    9.270     0.0033937     0.0020607           2         136           0
    9.330     0.0032663     0.0018999           2         136           0
    9.391     0.0015247     0.0023106           2         392           0
    9.451    -0.0002057     0.0015950           2         392           0
    9.512     0.0005388     0.0015139           2         392           0
    9.572     0.0005929     0.0018463           2         392           0
    9.633     0.0003172     0.0016413           2         392           0
    9.693    -0.0010836     0.0011117           2         392           0
    9.754    -0.0008752     0.0011425           2       16796           0
    9.814    -0.0003737     0.0013223           2       16796           0
    9.875    -0.0014552     0.0012714           2         392           0
    9.935    -0.0016941     0.0012216           2         392           0
    9.995     0.0004427     0.0013645           2         392           0
   10.056     0.0008718     0.0011000           2         392           0
   10.116     0.0016270     0.0012822           2         392           0
   10.177     0.0001490     0.0011307           2         392           0
   10.237    -0.0004573     0.0010577           2         392           0
   10.298    -0.0004527     0.0011113           2         392           0
   10.358    -0.0004325     0.0010384           2         392           0
   10.419    -0.0000216     0.0011231           2         392           0
   10.479     0.0014685     0.0013592           2         392           0
   10.540     0.0019536     0.0014498           2         392           0
   10.600     0.0005738     0.0014491           2         392           0
   10.661    -0.0002711     0.0012973           2         392           0
   10.721    -0.0001943     0.0013209           2         392           0
   10.782    -0.0001150     0.0014082           2         392           0
   10.842     0.0012704     0.0013105           2         392           0
   10.903     0.0014211     0.0014022           2         392           0
   10.963    -0.0001792     0.0015699           2         392           0
   11.024     0.0023063     0.0013616           2         392           0
   11.084    -0.0013354     0.0018014           2         392           0
   11.145     0.0003285     0.0017738           2         392           0
   11.205     0.0062626     0.0016752           2         392           0
   11.266     0.0017326     0.0019787           2         392           0
   11.326     0.0022146     0.0018342           2         392           0
   11.387     0.0026844     0.0012766           2         412           0
   11.447    -0.0014385     0.0015495           2         412           0
   11.508     0.0003056     0.0020614           2         392           0
   11.568    -0.0004700     0.0019492           2         392           0
   11.628    -0.0001534     0.0020681           2         392           0
   11.689     0.0006523     0.0021782           2         392           0
   11.750     0.0025111     0.0018948           2         392           0
   11.810     0.0017132     0.0020459           2         392           0
   11.870     0.0051474     0.0018533           2         392           0
   11.931     0.0050753     0.0020390           2         392           0
   11.991     0.0074073     0.0043574           2         392           0
   12.052     0.0070369     0.0012855           2         392           0
   12.112     0.0105433     0.0018558           2         392           0
   12.173     0.0058279     0.0019373           2         392           0
   12.233     0.0036063     0.0019508           2         392           0
   12.294     0.0023945     0.0019599           2         392           0
   12.354     0.0018961     0.0018714           2         392           0
   12.415     0.0025045     0.0018587           2         392           0
   12.475     0.0027114     0.0019366           2         392           0
   12.536     0.0028563     0.0018708           2         392           0
   12.596     0.0014473     0.0017730           2         392           0
   12.657     0.0011712     0.0017316           2         392           0
   12.717     0.0026076     0.0017957           2         392           0
   12.778     0.0061214     0.0017474           2         392           0
   12.838     0.0037856     0.0016385           2         392           0
   12.899     0.0056769     0.0021916           2         392           0
   12.959     0.0053745     0.0019507           2         392           0
   13.020     0.0033891     0.0018959           2         392           0
   13.080     0.0038108     0.0020030           2         392           0
   13.141     0.0046741     0.0014844           2         392           0
   13.201     0.0021759     0.0023835           2         392           0
   13.262     0.0045635     0.0022978           2         392           0
   13.322     0.0033938     0.0020465           2         392           0
   13.383     0.0029627     0.0020030           2         392           0
   13.443     0.0025203     0.0026701           2         392           0
   13.503     0.0054449     0.0029372           2         392           0
   13.564     0.0056069     0.0026934           2         392           0
   13.625     0.0053531     0.0029383           2         392           0
   13.685     0.0073341     0.0030199           2         392           0
   13.745     0.0145965     0.0028117           2         392           0
   13.806     0.0118505     0.0031466           2         392           0
   13.866     0.0036884     0.0026829           2         392           0
   13.927     0.0035619     0.0029685           2         392           0
   13.987     0.0054003     0.0032453           2         392           0
   14.048     0.0068583     0.0031354           2         392           0
   14.108     0.0079660     0.0034719           2         392           0
   14.169     0.0059169     0.0032759           2         392           0
   14.229     0.0087692     0.0028175           2         392           0
   14.290     0.0117462     0.0027543           2         392           0
   14.408     0.0035347     0.0011266           3        4360           0
   14.493     0.0032132     0.0005393           3        4360           0
   14.577     0.0030137     0.0005719           3        4360           0
   14.662     0.0029500     0.0006070           3        4360           0
   14.747     0.0029675     0.0005749           3        4360           0
   14.832     0.0029458     0.0008489           3        4360           0
   14.916     0.0023702     0.0006758           3        4360           0
   15.001     0.0036096     0.0005683           3        4360           0
   15.085     0.0028524     0.0012353           3        4360           0
   15.170     0.0027171     0.0035113           3        4360           0
   15.255     0.0030682     0.0013427           3        4360           0
   15.340     0.0030498     0.0009481           3        4360           0
   15.424     0.0027461     0.0006316           3        4360           0
   15.509     0.0020330     0.0018979           3        4360           0
   15.594     0.0034614     0.0029187           3        4360           0
   15.678     0.0040918     0.0029539           3        4360           0
   15.763     0.0027775     0.0006183           3        4360           0
   15.848     0.0030712     0.0012861           3        4360           0
   15.932     0.0015927     0.0016316           3        4360           0
   16.017     0.0023585     0.0040158           3        4360           0
   16.102     0.0023093     0.0007671           3        4360           0
   16.186     0.0035954     0.0036744           3        4360           0
   16.271     0.0029959     0.0009370           3        4360           0
   16.356     0.0022176     0.0009110           3        4360           0
   16.440     0.0025641     0.0007761           3        4360           0
   16.525     0.0027297     0.0005217           3        4360           0
   16.610     0.0029159     0.0004914           3        4360           0
   16.694     0.0036421     0.0007527           3        4360           0
   16.779     0.0038064     0.0021701           3        4360           0
   16.864     0.0025850     0.0036481           3        4360           0
   16.948     0.0015499     0.0020812           3        4360           0
   17.033     0.0026967     0.0017113           3        4360           0
   17.118     0.0037531     0.0032502           3        4360           0
   17.202     0.0020439     0.0008011           3        4360           0
   17.287     0.0022580     0.0021183           3        4360           0
   17.372     0.0047872     0.0010911           3        4360           0
   17.456     0.0048246     0.0028039           3        4360           0
   17.541     0.0045086     0.0035603           3        4360           0
   17.626     0.0054383     0.0015883           3        4360           0
   17.711     0.0063917     0.0007900           3        4360           0
   17.795     0.0057571     0.0013080           3        4360           0
   17.880     0.0058321     0.0020773           3        4360           0
   17.965     0.0055509     0.0029873           3        4360           0
   18.049     0.0050649     0.0024064           3        4360           0
   18.134     0.0053558     0.0042546           3        4360           0
   18.219     0.0058918     0.0053850           3        4360           0
   18.303     0.0085339     0.0033081           3        4360           0
   18.388     0.0055834     0.0037402           3        4360           0
   18.472     0.0060614     0.0046520           3        4360           0
   18.557     0.0041905     0.0018308           3        4360           0
   18.642     0.0061335     0.0009565           3        4360           0
   18.727     0.0053290     0.0011237           3        4360           0
   18.811     0.0048876     0.0011219           3        4360           0
   18.896     0.0044252     0.0009292           3        4360           0
   18.981     0.0041410     0.0011655           3        4360           0
   19.065     0.0047326     0.0018011           3        4360           0
   19.150     0.0046918     0.0013807           3        4360           0
   19.235     0.0034637     0.0012188           3    19009600           0
   19.404     0.0042012     0.0036631           3    19009600           0
   19.573     0.0039532     0.0038152           3    19009600           0
   19.743     0.0032480     0.0088800           3    19009600           0
   19.912     0.0047443     0.0040528           3    19009600           0
   20.081     0.0049500     0.0056580           3        4360           0
   20.251     0.0043965     0.0028633           3        4360           0
   20.420     0.0038129     0.0022805           3        4360           0
   20.590     0.0035173     0.0027445           3        4360           0
   20.759     0.0038906     0.0030769           3        4360           0
   20.928     0.0023736     0.0038657           3        4360           0
   21.097     0.0038327     0.0015555           4        4360           0
   21.267     0.0050076     0.0031799           4        4360           0
   21.436     0.0030355     0.0017127           4        4360           0
   21.606     0.0039616     0.0016209           4        4360           0
   21.775     0.0028730     0.0012266           4        4360           0
   21.944    -0.0007872     0.0008159           4        4360           0
   22.114     0.0026069     0.0008626           4        4360           0
   22.283     0.0038930     0.0028140           4        4360           0
   22.452     0.0034232     0.0014634           4        4360           0
   22.622     0.0038653     0.0041680           4        4360           0
   22.791     0.0038682     0.0039381           4        4360           0
   22.960     0.0039691     0.0011152           4        4360           0
   23.130     0.0040850     0.0005514           4        4360           0
   23.299     0.0046607     0.0020513           4        4360           0
   23.469     0.0046942     0.0013529           4        4360           0
   23.638     0.0045673     0.0032414           4        4360           0
   23.807     0.0049447     0.0022654           4        4360           0
   23.976     0.0046250     0.0013506           4        4360           0
   24.146     0.0043924     0.0017867           4        4360           0
   24.315     0.0047376     0.0017413           4        4360           0
   24.485     0.0043375     0.0005919           4        4360           0
   24.654     0.0045946     0.0005302           4        4360           0
   24.823     0.0039786     0.0007457           4        4360           0
   24.993     0.0042934     0.0007942           4        4360           0
   25.162     0.0043801     0.0043723           4        4360           0
   25.331     0.0049861     0.0012857           4        4360           0
   25.501     0.0055719     0.0013792           4        4360           0
   25.670     0.0069863     0.0012726           4        4360           0
   25.839     0.0010406     0.0048530           4        4360           0
   26.009     0.0055546     0.0037761           4        4360           0
   26.178     0.0062202     0.0011458           4        4360           0
   26.347     0.0039815     0.0005975           4        4360           0
   26.517     0.0044828     0.0005750           4        4360           0
   26.686     0.0060695     0.0005743           4        4360           0
   26.856     0.0064413     0.0005608           4        4360           0
   27.025     0.0062214     0.0005446           4        4360           0
   27.194     0.0058490     0.0019118           4        4360           0
   27.364     0.0064316     0.0028042           4        4360           0
   27.533     0.0072287     0.0037558           4        4360           0
   27.702     0.0069000     0.0022775           4        4360           0
   27.872     0.0070132     0.0024733           4        4360           0
   28.041     0.0069290     0.0029981           4        4360           0
   28.210     0.0108331     0.0010126           4        4360           0
   28.380     0.0054137     0.0027587           4        4360           0
   28.549     0.0057525     0.0030480           4        4360           0
   28.719     0.0060196     0.0032809           4        4360           0
   28.888     0.0061127     0.0033075           4        4360           0
   29.057     0.0051355     0.0046741           4        4360           0
   29.226     0.0062643     0.0022699           4        4360           0
   29.396     0.0068250     0.0026268           4        4360           0
   29.565     0.0075530     0.0022893           4        4360           0
   29.735     0.0081880     0.0033638           4        4360           0
   29.904     0.0076876     0.0054403           4        4360           0
   30.073     0.0077570     0.0013606           4        4360           0
   30.243     0.0061900     0.0014954           4        4360           0
   30.412     0.0065346     0.0037083           4        4360           0
   30.581     0.0061793     0.0082112           4        4360           0
   30.751     0.0050499     0.0039045           4        4360           0
   30.920     0.0067944     0.0080419           4        4360           0
   31.089     0.0075672     0.0029973           4        4360           0
   31.259     0.0077902     0.0031517           4        4360           0
   31.428     0.0052849     0.0021743           4        4360           0
   31.597     0.0058716     0.0013013           4        4360           0
   31.767     0.0055386     0.0017551           4        4360           0
   31.936     0.0064257     0.0020268           4        4360           0
   32.105     0.0067014     0.0022527           4        4360           0
   32.275     0.0074083     0.0027305           4        4360           0
   32.444     0.0084001     0.0018392           4        4360           0
   32.614     0.0074745     0.0024160           4        4360           0
   32.783     0.0088017     0.0035640           4        4360           0
   32.952     0.0068194     0.0046763           4        4360           0
   33.122     0.0073552     0.0041427           4        4360           0
   33.291     0.0078184     0.0066153           4        4360           0
   33.460     0.0081027     0.0026260           4        4360           0
   33.630     0.0093988     0.0023521           4        4360           0
   33.799     0.0064888     0.0031249           4        4360           0
   33.968     0.0047865     0.0044966           4        4360           0
   34.138     0.0066256     0.0026201           4        4360           0
   34.307     0.0098689     0.0070364           4        4360           0
   34.477     0.0077989     0.0141771           4        4360           0
   34.646     0.0094993     0.0034465           4        4360           0
   34.815     0.0117121     0.0062434           4        4360           0
   34.985     0.0146497     0.0182577           4        4360           0
   35.154     0.0107674     0.0066414           4        4360           0
   35.323     0.0065756     0.0069862           4        4360           0
   35.493     0.0155786     0.0175821           4        4360           0
   35.662    -0.0006842     0.0034140           4        4360           0
   35.831     0.0146840     0.0070955           4        4360           0
   36.001     0.0133701     0.0087784           4        4360           0
   36.170     0.0081701     0.0054784           4        4360           0
   36.339     0.0145438     0.0051360           4        4360           0
   36.509     0.0139491     0.0070513           4        4360           0
   36.678     0.0113483     0.0054532           4        4360           0
   36.847     0.0120871     0.0075151           4        4360           0
   37.017     0.0175603     0.0341591           4        4360           0
   37.186     0.0193269     0.0133599           4        4360           0
   37.355     0.0072223     0.0081554           4        4360           0
   37.525     0.0046106     0.0095807           4        4360           0
   37.694     0.0062342     0.0073017           4        4360           0
   37.864     0.0005303     0.0101399           4        4360           0
   38.033     0.0205146     0.0187134           4        4360           0
   38.202     0.0300637     0.0461921           4        4360           0
   38.372    -0.0048736     0.0915164           4        4360           0
   38.541     0.0070428     0.0297521           4        4360           0
   38.710    -0.0031977     0.0497197           4        4360           0
   38.880     0.0074945     0.0863260           4        4360           0
   39.049    -0.0286377     0.4775681           4        4360           0
   39.218    -0.0080614     0.1935125           4        4360           0
   39.388     0.0045317     0.0577659           4        4360           0
   39.557     0.0009576     0.0970569           4        4360           0
   39.727     0.0395269     0.2571690           4        4360           0
   39.896     0.0125545     0.0330280           4        4488           0
   40.065     0.0019211     0.0093364           4        4488           0
   40.235     0.0016716     0.0055887           4        4488           0
   40.404    -0.0003058     0.0036536           4        4488           0
   40.573     0.0004623     0.0019001           4        4488           0
   40.743    -0.0000363     0.0018927           4        4508           0
   40.912     0.0013829     0.0005522           4        4488           0
   41.081     0.0005272     0.0003212           4        4488           0
   41.251    -0.0000706     0.0011886           4        4488           0
   41.420     0.0000079     0.0016294           4        4488           0
   41.589    -0.0006198     0.0007845           4        4488           0
   41.759    -0.0006176     0.0017893           4        4488           0
   41.928     0.0000825     0.0091408           4        4508           0
   42.097    -0.0000462     0.0010615           4        4508           0
   42.267     0.0008012     0.0010043           4        4488           0
