wave flux error channelflag bitflag stitchflag
    5.127     0.0001867     0.0033253           1         392           0
    5.157     0.0001697     0.0019666           1         136           0
    5.187     0.0006613     0.0009281           1         136           0
    5.217     0.0006874     0.0006019           1         136           0
    5.247     0.0007656     0.0006580           1         136           0
    5.278     0.0007120     0.0006372           1         136           0
    5.308     0.0010999     0.0006155           1         136           0
    5.338     0.0010092     0.0005788           1         392           0
    5.368     0.0009571     0.0005456           1         392           0
    5.399     0.0007954     0.0005878           1       16776           0
    5.429     0.0007039     0.0005073           1       16796           0
    5.459     0.0006825     0.0004939           1       16796           0
    5.489     0.0007814     0.0004847           1         392           0
    5.520     0.0007422     0.0004930           1         392           0
    5.550     0.0007738     0.0004760           1         392           0
    5.580     0.0010356     0.0004788           1         392           0
    5.610     0.0011260     0.0005050           1         392           0
    5.641     0.0010924     0.0004484           1        8468           0
    5.671     0.0008290     0.0004289           1        8468           0
    5.701     0.0010080     0.0004646           1         392           0
    5.731     0.0009615     0.0004439           1         392           0
    5.762     0.0008014     0.0004571           1         412           0
    5.792     0.0008201     0.0004990           1         412           0
    5.822     0.0008845     0.0004806           1         392           0
    5.852     0.0009936     0.0004708           1         392           0
    5.883     0.0011105     0.0005246           1         392           0
    5.913     0.0008938     0.0005034           1         136           0
    5.943     0.0010227     0.0004925           1         136           0
    5.973     0.0010127     0.0004914           1         136           0
    6.004     0.0012066     0.0005057           1         136           0
    6.034     0.0013037     0.0005140           1         136           0
    6.064     0.0011180     0.0005192           1         392           0
    6.094     0.0010978     0.0005109           1         392           0
    6.125     0.0013431     0.0005294           1         392           0
    6.155     0.0009714     0.0005379           1         392           0
    6.185     0.0005106     0.0005282           1         392           0
    6.215     0.0007557     0.0005363           1         392           0
    6.245     0.0011052     0.0005116           1         392           0
    6.276     0.0008529     0.0005117           1         392           0
    6.306     0.0007087     0.0005265           1         392           0
    6.336     0.0009753     0.0005913           1         392           0
    6.366     0.0012515     0.0005737           1         392           0
    6.397     0.0009688     0.0006078           1         392           0
    6.427     0.0012335     0.0005210           1         392           0
    6.457     0.0012619     0.0005343           1         392           0
    6.487     0.0010018     0.0006415           1         392           0
    6.518     0.0012371     0.0006166           1         392           0
    6.548     0.0014614     0.0006387           1         392           0
    6.578     0.0015733     0.0007047           1         392           0
    6.608     0.0019316     0.0006732           1         392           0
    6.639     0.0020438     0.0006236           1         136           0
    6.669     0.0025084     0.0006491           1         136           0
    6.699     0.0022034     0.0006151           1         136           0
    6.729     0.0019187     0.0006280           1         136           0
    6.760     0.0016327     0.0006827           1         136           0
    6.790     0.0018968     0.0007240           1         392           0
    6.820     0.0012194     0.0007751           1         392           0
    6.850     0.0011236     0.0007671           1         392           0
    6.881     0.0011364     0.0007534           1         392           0
    6.911     0.0011114     0.0007174           1         392           0
    6.941     0.0010628     0.0007917           1         392           0
    6.971     0.0011769     0.0007487           1         392           0
    7.002     0.0010167     0.0007890           1         392           0
    7.032     0.0010768     0.0008644           1         392           0
    7.062     0.0011164     0.0008706           1         392           0
    7.092     0.0010338     0.0008428           1         392           0
    7.122     0.0015267     0.0008140           1         392           0
    7.153     0.0015145     0.0008125           1         392           0
    7.183     0.0011644     0.0008032           1         392           0
    7.213     0.0010674     0.0008081           1         392           0
    7.243     0.0014297     0.0009105           1         392           0
    7.274     0.0013976     0.0008824           1         392           0
    7.304     0.0015946     0.0009614           1         392           0
    7.334     0.0017705     0.0012338           1       53312           0
    7.395     0.0016589     0.0013444           1       18496           0
    7.455     0.0013375     0.0011440           1       18496           0
    7.516     0.0014498     0.0011612           1       53312           0
    7.576     0.0011001     0.0015256           1      153664           0
    7.637     0.0015103     0.0006157           1         392           0
    7.697     0.0015270     0.0005819           1         392           0
    7.758     0.0016724     0.0007530           1         392           0
    7.818     0.0020547     0.0007261           1         392           0
    7.879     0.0023393     0.0007191           1         392           0
    7.939     0.0023799     0.0007424           1         392           0
    8.000     0.0027304     0.0006638           1         392           0
    8.060     0.0030082     0.0006360           1         392           0
    8.120     0.0031707     0.0006079           1         392           0
    8.181     0.0037362     0.0005470           1         392           0
    8.241     0.0035572     0.0006005           1         392           0
    8.302     0.0032594     0.0006295           1         392           0
    8.362     0.0032819     0.0003771           2       16796           0
    8.423     0.0032071     0.0003895           2       16796           0
    8.483     0.0029523     0.0003884           2       16792           0
    8.544     0.0030526     0.0003813           2       16776           0
    8.604     0.0028109     0.0004296           2         392           0
    8.665     0.0026361     0.0003853           2         392           0
    8.725     0.0024730     0.0003645           2         392           0
    8.786     0.0023582     0.0003757           2         392           0
    8.846     0.0020910     0.0003691           2         392           0
    8.907     0.0021535     0.0003883           2         392           0
    8.967     0.0024182     0.0004204           2         392           0
    9.028     0.0023303     0.0003846           2         136           0
    9.088     0.0022160     0.0004073           2         136           0
    9.149     0.0026619     0.0003620           2         136           0
    9.209     0.0028708     0.0003711           2         136           0
    9.270     0.0024465     0.0003828           2         136           0
    9.330     0.0023401     0.0003704           2         136           0
    9.391     0.0020871     0.0003836           2         392           0
    9.451     0.0018887     0.0004131           2         392           0
    9.512     0.0017342     0.0003668           2         392           0
    9.572     0.0015596     0.0003547           2         392           0
    9.633     0.0017553     0.0003293           2         392           0
    9.693     0.0017716     0.0003474           2         392           0
    9.754     0.0015525     0.0003421           2       16796           0
    9.814     0.0015252     0.0003376           2       16796           0
    9.875     0.0015313     0.0003293           2         392           0
    9.935     0.0016920     0.0003299           2         392           0
    9.995     0.0014974     0.0003103           2         392           0
   10.056     0.0016348     0.0003158           2         392           0
   10.116     0.0015633     0.0002985           2         392           0
   10.177     0.0017047     0.0002926           2         392           0
   10.237     0.0020276     0.0002989           2         392           0
   10.298     0.0019724     0.0003230           2         392           0
   10.358     0.0020922     0.0003238           2         392           0
   10.419     0.0020037     0.0003177           2         392           0
   10.479     0.0018843     0.0003363           2         392           0
   10.540     0.0018754     0.0003419           2         392           0
   10.600     0.0017208     0.0003346           2         392           0
   10.661     0.0017224     0.0003299           2         392           0
   10.721     0.0017065     0.0003508           2         392           0
   10.782     0.0016815     0.0003364           2         392           0
   10.842     0.0017475     0.0003609           2         392           0
   10.903     0.0016127     0.0003806           2         392           0
   10.963     0.0017780     0.0003759           2         392           0
   11.024     0.0017693     0.0003871           2         392           0
   11.084     0.0018359     0.0004128           2         392           0
   11.145     0.0018455     0.0004083           2         392           0
   11.205     0.0018686     0.0004150           2         392           0
   11.266     0.0023921     0.0004090           2         392           0
   11.326     0.0024911     0.0004256           2         392           0
   11.387     0.0023515     0.0004112           2         412           0
   11.447     0.0020241     0.0003954           2         412           0
   11.508     0.0020985     0.0004154           2         392           0
   11.568     0.0022571     0.0004384           2         392           0
   11.628     0.0024533     0.0003491           2         392           0
   11.689     0.0023497     0.0004576           2         392           0
   11.750     0.0027081     0.0004568           2         392           0
   11.810     0.0030068     0.0004616           2         392           0
   11.870     0.0027472     0.0004498           2         392           0
   11.931     0.0036019     0.0004563           2         392           0
   11.991     0.0054197     0.0003967           2         392           0
   12.052     0.0060934     0.0003654           2         392           0
   12.112     0.0062061     0.0004613           2         392           0
   12.173     0.0053227     0.0004794           2         392           0
   12.233     0.0045627     0.0004581           2         392           0
   12.294     0.0040179     0.0005028           2         392           0
   12.354     0.0035211     0.0004701           2         392           0
   12.415     0.0031768     0.0003754           2         392           0
   12.475     0.0031749     0.0004617           2         392           0
   12.536     0.0031221     0.0004762           2         392           0
   12.596     0.0031216     0.0004328           2         392           0
   12.657     0.0031208     0.0004418           2         392           0
   12.717     0.0031669     0.0004468           2         392           0
   12.778     0.0032270     0.0004563           2         392           0
   12.838     0.0031648     0.0004727           2         392           0
   12.899     0.0033337     0.0004847           2         392           0
   12.959     0.0035420     0.0004947           2         392           0
   13.020     0.0032206     0.0004880           2         392           0
   13.080     0.0029537     0.0005228           2         392           0
   13.141     0.0037661     0.0005521           2         392           0
   13.201     0.0035176     0.0005736           2         392           0
   13.262     0.0035631     0.0005406           2         392           0
   13.322     0.0035574     0.0005774           2         392           0
   13.383     0.0035271     0.0005849           2         392           0
   13.443     0.0041801     0.0006078           2         392           0
   13.503     0.0038466     0.0006248           2         392           0
   13.564     0.0041001     0.0006150           2         392           0
   13.625     0.0043912     0.0006309           2         392           0
   13.685     0.0045023     0.0006298           2         392           0
   13.745     0.0048132     0.0006496           2         392           0
   13.806     0.0042352     0.0006697           2         392           0
   13.866     0.0034572     0.0006949           2         392           0
   13.927     0.0036211     0.0007038           2         392           0
   13.987     0.0034265     0.0007051           2         392           0
   14.048     0.0031903     0.0007665           2         392           0
   14.108     0.0034604     0.0007037           2         392           0
   14.169     0.0030683     0.0007886           2         392           0
   14.239     0.0034898     0.0004827           3        4360           0
   14.323     0.0033546     0.0005238           3        4360           0
   14.408     0.0030013     0.0005667           3        4360           0
   14.493     0.0033731     0.0005401           3        4360           0
   14.577     0.0028553     0.0005429           3        4360           0
   14.662     0.0028180     0.0005810           3        4360           0
   14.747     0.0025858     0.0005088           3        4360           0
   14.832     0.0020469     0.0007053           3        4360           0
   14.916     0.0023697     0.0059705           3        4360           0
   15.001     0.0027678     0.0030367           3        4360           0
   15.085     0.0032402     0.0007866           3        4360           0
   15.170     0.0037450     0.0006140           3        4360           0
   15.255     0.0037922     0.0006560           3        4360           0
   15.340     0.0034458     0.0006442           3        4360           0
   15.424     0.0032305     0.0005288           3        4360           0
   15.509     0.0031766     0.0005076           3        4360           0
   15.594     0.0032763     0.0005591           3        4360           0
   15.678     0.0030466     0.0005912           3        4360           0
   15.763     0.0025796     0.0004863           3        4360           0
   15.848     0.0026505     0.0005583           3        4360           0
   15.932     0.0030580     0.0007296           3        4360           0
   16.017     0.0033822     0.0007171           3        4360           0
   16.102     0.0036004     0.0006976           3        4360           0
   16.186     0.0038978     0.0008004           3        4360           0
   16.271     0.0037918     0.0042053           3        4360           0
   16.356     0.0038625     0.0010828           3        4360           0
   16.440     0.0035601     0.0007151           3        4360           0
   16.525     0.0034437     0.0006202           3        4360           0
   16.610     0.0051616     0.0003530           3        4360           0
   16.694     0.0054875     0.0003656           3        4360           0
   16.779     0.0042458     0.0006390           3        4360           0
   16.864     0.0034983     0.0008606           3        4360           0
   16.948     0.0036922     0.0008568           3        4360           0
   17.033     0.0041775     0.0007135           3        4360           0
   17.118     0.0035123     0.0013570           3        4360           0
   17.202     0.0045818     0.0043173           3        4360           0
   17.287     0.0033152     0.0010252           3        4360           0
   17.372     0.0042142     0.0008364           3        4360           0
   17.456     0.0045996     0.0009067           3        4360           0
   17.541     0.0046538     0.0006604           3        4360           0
   17.626     0.0052285     0.0007071           3        4360           0
   17.711     0.0058923     0.0006599           3        4360           0
   17.795     0.0059879     0.0006639           3        4360           0
   17.880     0.0075338     0.0004662           3        4360           0
   17.965     0.0081909     0.0005644           3        4360           0
   18.049     0.0054605     0.0008019           3        4360           0
   18.134     0.0048077     0.0008038           3        4360           0
   18.219     0.0060673     0.0008331           3        4360           0
   18.303     0.0075227     0.0011366           3        4360           0
   18.388     0.0054239     0.0009739           3        4360           0
   18.472     0.0059238     0.0009216           3        4360           0
   18.557     0.0060050     0.0044650           3        4360           0
   18.642     0.0048491     0.0020833           3        4360           0
   18.727     0.0047642     0.0008660           3        4360           0
   18.811     0.0046289     0.0008472           3        4360           0
   18.896     0.0049206     0.0008977           3        4360           0
   18.981     0.0046530     0.0009512           3        4360           0
   19.065     0.0046397     0.0008556           3        4360           0
   19.150     0.0051372     0.0009409           3        4360           0
   19.235     0.0030358     0.0013482           3    19009600           0
   19.404     0.0043971     0.0022715           3    19009600           0
   19.573     0.0052560     0.0024710           3    19009600           0
   19.743     0.0045654     0.0014778           3    19009600           0
   19.912     0.0046531     0.0016669           3    19009600           0
   20.081     0.0055133     0.0061512           3        4360           0
   20.251     0.0047708     0.0026518           3        4360           0
   20.420     0.0044701     0.0017184           3        4360           0
   20.590     0.0046961     0.0017482           3        4360           0
   20.759     0.0048730     0.0019185           3        4360           0
   20.928     0.0044806     0.0047677           3        4360           0
   21.097     0.0046846     0.0008297           4        4360           0
   21.267     0.0047266     0.0010289           4        4360           0
   21.436     0.0051709     0.0010131           4        4360           0
   21.606     0.0040886     0.0011168           4        4360           0
   21.775     0.0033759     0.0009663           4        4360           0
   21.944     0.0063077     0.0008526           4        4360           0
   22.114     0.0050607     0.0009778           4        4360           0
   22.283     0.0051167     0.0007305           4        4360           0
   22.452     0.0045744     0.0009005           4        4360           0
   22.622     0.0042183     0.0010422           4        4360           0
   22.791     0.0049847     0.0007418           4        4360           0
   22.960     0.0047745     0.0006189           4        4360           0
   23.130     0.0050966     0.0006966           4        4360           0
   23.299     0.0048890     0.0007380           4        4360           0
   23.469     0.0058551     0.0007665           4        4360           0
   23.638     0.0058260     0.0007245           4        4360           0
   23.807     0.0057109     0.0006371           4        4360           0
   23.976     0.0061386     0.0006642           4        4360           0
   24.146     0.0061620     0.0008175           4        4360           0
   24.315     0.0058171     0.0008320           4        4360           0
   24.485     0.0055477     0.0010402           4        4360           0
   24.654     0.0064002     0.0008206           4        4360           0
   24.823     0.0065034     0.0007987           4        4360           0
   24.993     0.0072576     0.0009705           4        4360           0
   25.162     0.0061488     0.0007850           4        4360           0
   25.331     0.0069022     0.0008249           4        4360           0
   25.501     0.0071738     0.0008803           4        4360           0
   25.670     0.0065944     0.0009004           4        4360           0
   25.839     0.0056366     0.0036506           4        4360           0
   26.009     0.0067451     0.0011842           4        4360           0
   26.178     0.0067123     0.0008097           4        4360           0
   26.347     0.0063853     0.0008131           4        4360           0
   26.517     0.0062011     0.0051150           4        4360           0
   26.686     0.0069133     0.0025234           4        4360           0
   26.856     0.0064628     0.0007699           4        4360           0
   27.025     0.0065168     0.0008265           4        4360           0
   27.194     0.0067770     0.0008709           4        4360           0
   27.364     0.0068101     0.0007937           4        4360           0
   27.533     0.0073264     0.0007710           4        4360           0
   27.702     0.0096825     0.0007135           4        4360           0
   27.872     0.0113112     0.0008156           4        4360           0
   28.041     0.0070938     0.0009702           4        4360           0
   28.210     0.0064052     0.0011567           4        4360           0
   28.380     0.0066869     0.0009968           4        4360           0
   28.549     0.0075597     0.0010097           4        4360           0
   28.719     0.0070945     0.0008933           4        4360           0
   28.888     0.0074144     0.0008442           4        4360           0
   29.057     0.0071883     0.0009255           4        4360           0
   29.226     0.0080238     0.0010284           4        4360           0
   29.396     0.0079543     0.0011786           4        4360           0
   29.565     0.0076844     0.0011099           4        4360           0
   29.735     0.0083623     0.0009455           4        4360           0
   29.904     0.0092201     0.0009685           4        4360           0
   30.073     0.0090906     0.0012183           4        4360           0
   30.243     0.0102086     0.0015373           4        4360           0
   30.412     0.0083368     0.0032078           4        4360           0
   30.581     0.0087913     0.0014718           4        4360           0
   30.751     0.0082211     0.0014041           4        4360           0
   30.920     0.0094354     0.0010774           4        4360           0
   31.089     0.0083421     0.0012685           4        4360           0
   31.259     0.0088972     0.0012674           4        4360           0
   31.428     0.0089329     0.0011129           4        4360           0
   31.597     0.0081040     0.0010431           4        4360           0
   31.767     0.0092475     0.0010540           4        4360           0
   31.936     0.0093278     0.0011694           4        4360           0
   32.105     0.0102032     0.0011176           4        4360           0
   32.275     0.0093074     0.0012410           4        4360           0
   32.444     0.0084214     0.0019681           4        4360           0
   32.614     0.0077345     0.0034536           4        4360           0
   32.783     0.0099548     0.0018315           4        4360           0
   32.952     0.0100063     0.0018688           4        4360           0
   33.122     0.0110399     0.0018426           4        4360           0
   33.291     0.0085909     0.0025697           4        4360           0
   33.460     0.0084316     0.0026930           4        4360           0
   33.630     0.0092202     0.0018659           4        4360           0
   33.799     0.0103550     0.0022135           4        4360           0
   33.968     0.0106075     0.0021404           4        4360           0
   34.138     0.0094096     0.0031413           4        4360           0
   34.307     0.0100722     0.0033620           4        4360           0
   34.477     0.0109879     0.0023301           4        4360           0
   34.646     0.0105804     0.0027746           4        4360           0
   34.815     0.0091357     0.0060539           4        4360           0
   34.985     0.0042860     0.0316485           4        4360           0
   35.154     0.0104995     0.0088988           4        4360           0
   35.323     0.0094825     0.0039072           4        4360           0
   35.493     0.0079616     0.0226466           4        4360           0
   35.662     0.0143578     0.0072350           4        4360           0
   35.831     0.0116593     0.0033340           4        4360           0
   36.001     0.0104418     0.0036439           4        4360           0
   36.170     0.0112345     0.0050462           4        4360           0
   36.339     0.0131803     0.0050156           4        4360           0
   36.509     0.0093662     0.0040991           4        4360           0
   36.678     0.0021477     0.0066107           4        4360           0
   36.847     0.0134729     0.0077020           4        4360           0
   37.017     0.0026218     0.0055765           4        4360           0
   37.186     0.0075875     0.0069765           4        4360           0
   37.355     0.0021997     0.0065777           4        4360           0
   37.525     0.0145630     0.0070232           4        4360           0
   37.694     0.0139872     0.0088857           4        4360           0
   37.864     0.0112058     0.0109696           4        4360           0
   38.033     0.0030566     0.0386990           4        4360           0
   38.202    -0.0104678     0.0621287           4        4360           0
   38.372     0.0020264     0.0247309           4        4360           0
   38.541     0.0137960     0.0272165           4        4360           0
   38.710    -0.0136539     0.0216954           4        4360           0
   38.880    -0.0309344     0.0225611           4        4360           0
   39.049    -0.0191780     0.1218930           4        4360           0
   39.218     0.0016607     0.0580942           4        4360           0
   39.388    -0.0035818     0.0167678           4        4360           0
   39.557    -0.0008671     0.0571892           4        4360           0
   39.727    -0.0060750     0.0967613           4        4360           0
   39.896    -0.0079601     0.0194253           4        4488           0
   40.065     0.0069047     0.0115210           4        4488           0
   40.235     0.0005171     0.0048324           4        4488           0
   40.404     0.0017532     0.0029907           4        4488           0
   40.573     0.0034167     0.0015278           4        4488           0
   40.743     0.0011702     0.0005443           4        4508           0
   40.912    -0.0002035     0.0002373           4        4488           0
   41.081     0.0018534     0.0001768           4        4488           0
   41.251     0.0003293     0.0001917           4        4488           0
   41.420    -0.0000789     0.0004157           4        4488           0
   41.589    -0.0002500     0.0004519           4        4488           0
   41.759    -0.0000550     0.0004810           4        4488           0
   41.928     0.0002163     0.0012014           4        4508           0
   42.097    -0.0005771     0.0007080           4        4508           0
   42.267     0.0019613     0.0010249           4        4488           0
