wave flux error channelflag bitflag stitchflag
    5.127     0.0001617     0.0034202           1         392           0
    5.157     0.0000826     0.0021116           1         136           0
    5.187     0.0000859     0.0010310           1         136           0
    5.217     0.0006405     0.0006427           1         136           0
    5.247     0.0007764     0.0005964           1         136           0
    5.278     0.0006581     0.0005974           1         136           0
    5.308     0.0004936     0.0005718           1         136           0
    5.338     0.0005924     0.0005246           1         392           0
    5.368     0.0006624     0.0005824           1         392           0
    5.399     0.0007467     0.0005433           1       16776           0
    5.429     0.0006111     0.0005445           1       16796           0
    5.459     0.0009430     0.0004808           1       16796           0
    5.489     0.0008120     0.0005161           1         392           0
    5.520     0.0007274     0.0004926           1         392           0
    5.550     0.0007851     0.0004253           1         392           0
    5.580     0.0006918     0.0004846           1         392           0
    5.610     0.0004877     0.0004713           1         392           0
    5.641     0.0009514     0.0004664           1        8468           0
    5.671     0.0008406     0.0004598           1        8468           0
    5.701     0.0006656     0.0004620           1         392           0
    5.731     0.0008885     0.0004441           1         392           0
    5.762     0.0008044     0.0004750           1         412           0
    5.792     0.0007377     0.0004918           1         412           0
    5.822     0.0004954     0.0004866           1         392           0
    5.852     0.0006932     0.0004943           1         392           0
    5.883     0.0007627     0.0005212           1         392           0
    5.913     0.0008070     0.0004871           1         136           0
    5.943     0.0009546     0.0005235           1         136           0
    5.973     0.0008531     0.0004901           1         136           0
    6.004     0.0010169     0.0005744           1         136           0
    6.034     0.0007778     0.0005324           1         136           0
    6.064     0.0007486     0.0005189           1         392           0
    6.094     0.0006734     0.0004921           1         392           0
    6.125     0.0007679     0.0004967           1         392           0
    6.155     0.0007307     0.0005157           1         392           0
    6.185     0.0006073     0.0004912           1         392           0
    6.215     0.0005902     0.0005219           1         392           0
    6.245     0.0007709     0.0005288           1         392           0
    6.276     0.0005956     0.0005141           1         392           0
    6.306     0.0006395     0.0005106           1         392           0
    6.336     0.0006621     0.0006260           1         392           0
    6.366     0.0008528     0.0005725           1         392           0
    6.397     0.0008485     0.0005946           1         392           0
    6.427     0.0006429     0.0006018           1         392           0
    6.457     0.0010001     0.0005402           1         392           0
    6.487     0.0010949     0.0005580           1         392           0
    6.518     0.0009302     0.0005965           1         392           0
    6.548     0.0012495     0.0006604           1         392           0
    6.578     0.0011946     0.0007314           1         392           0
    6.608     0.0017635     0.0006631           1         392           0
    6.639     0.0018526     0.0006258           1         136           0
    6.669     0.0017825     0.0006646           1         136           0
    6.699     0.0021220     0.0006133           1         136           0
    6.729     0.0019062     0.0006485           1         136           0
    6.760     0.0011804     0.0007018           1         136           0
    6.790     0.0013126     0.0007190           1         392           0
    6.820     0.0013901     0.0006852           1         392           0
    6.850     0.0007801     0.0007841           1         392           0
    6.881     0.0008058     0.0007452           1         392           0
    6.911     0.0008213     0.0007530           1         392           0
    6.941     0.0008366     0.0007964           1         392           0
    6.971     0.0009759     0.0007855           1         392           0
    7.002     0.0009757     0.0009164           1         392           0
    7.032     0.0010227     0.0009169           1         392           0
    7.062     0.0008467     0.0008284           1         392           0
    7.092     0.0006637     0.0007947           1         392           0
    7.122     0.0005158     0.0008230           1         392           0
    7.153     0.0004827     0.0007980           1         392           0
    7.183     0.0009456     0.0007855           1         392           0
    7.213     0.0007519     0.0009195           1         392           0
    7.243     0.0009819     0.0008313           1         392           0
    7.274     0.0013355     0.0008992           1         392           0
    7.304     0.0012763     0.0009524           1         392           0
    7.334     0.0009412     0.0011900           1       53312           0
    7.395     0.0009971     0.0012488           1       18496           0
    7.455     0.0013631     0.0011903           1       18496           0
    7.516     0.0012634     0.0011586           1       53312           0
    7.576     0.0011390     0.0014988           1      153664           0
    7.637     0.0010648     0.0006259           1         392           0
    7.697     0.0011754     0.0005834           1         392           0
    7.758     0.0014542     0.0007441           1         392           0
    7.818     0.0013970     0.0007664           1         392           0
    7.879     0.0014173     0.0007092           1         392           0
    7.939     0.0018230     0.0006738           1         392           0
    8.000     0.0020038     0.0006898           1         392           0
    8.060     0.0021903     0.0006394           1         392           0
    8.120     0.0025435     0.0005955           1         392           0
    8.181     0.0026735     0.0006385           1         392           0
    8.241     0.0024311     0.0005711           1         392           0
    8.302     0.0022351     0.0005863           1         392           0
    8.362     0.0026245     0.0003629           2       16796           0
    8.423     0.0024232     0.0003803           2       16796           0
    8.483     0.0022124     0.0003956           2       16792           0
    8.544     0.0020836     0.0004129           2       16776           0
    8.604     0.0019832     0.0003980           2         392           0
    8.665     0.0017922     0.0003772           2         392           0
    8.725     0.0018754     0.0003954           2         392           0
    8.786     0.0016335     0.0003477           2         392           0
    8.846     0.0017338     0.0003645           2         392           0
    8.907     0.0016298     0.0003740           2         392           0
    8.967     0.0015547     0.0004109           2         392           0
    9.028     0.0015489     0.0004003           2         136           0
    9.088     0.0016452     0.0003809           2         136           0
    9.149     0.0018915     0.0004118           2         136           0
    9.209     0.0018350     0.0003832           2         136           0
    9.270     0.0016732     0.0003863           2         136           0
    9.330     0.0016817     0.0003836           2         136           0
    9.391     0.0013985     0.0004001           2         392           0
    9.451     0.0012674     0.0003981           2         392           0
    9.512     0.0010586     0.0004166           2         392           0
    9.572     0.0009367     0.0003979           2         392           0
    9.633     0.0010011     0.0003317           2         392           0
    9.693     0.0009830     0.0003373           2         392           0
    9.754     0.0011929     0.0003035           2       16796           0
    9.814     0.0007625     0.0003319           2       16796           0
    9.875     0.0008753     0.0003391           2         392           0
    9.935     0.0009524     0.0003094           2         392           0
    9.995     0.0009067     0.0003126           2         392           0
   10.056     0.0008888     0.0003135           2         392           0
   10.116     0.0006844     0.0003083           2         392           0
   10.177     0.0009082     0.0003044           2         392           0
   10.237     0.0008619     0.0003068           2         392           0
   10.298     0.0008844     0.0003123           2         392           0
   10.358     0.0008696     0.0003196           2         392           0
   10.419     0.0010005     0.0003159           2         392           0
   10.479     0.0010391     0.0003209           2         392           0
   10.540     0.0011688     0.0003375           2         392           0
   10.600     0.0013667     0.0003298           2         392           0
   10.661     0.0012196     0.0003340           2         392           0
   10.721     0.0010361     0.0003459           2         392           0
   10.782     0.0009675     0.0003664           2         392           0
   10.842     0.0007719     0.0003686           2         392           0
   10.903     0.0008147     0.0003551           2         392           0
   10.963     0.0007017     0.0003816           2         392           0
   11.024     0.0005374     0.0004074           2         392           0
   11.084     0.0005985     0.0004373           2         392           0
   11.145     0.0007341     0.0004064           2         392           0
   11.205     0.0008412     0.0004076           2         392           0
   11.266     0.0008666     0.0004243           2         392           0
   11.326     0.0008388     0.0004268           2         392           0
   11.387     0.0011295     0.0004267           2         412           0
   11.447     0.0012122     0.0004236           2         412           0
   11.508     0.0010978     0.0004288           2         392           0
   11.568     0.0011575     0.0004725           2         392           0
   11.628     0.0012596     0.0004594           2         392           0
   11.689     0.0010096     0.0004827           2         392           0
   11.750     0.0009524     0.0004478           2         392           0
   11.810     0.0015033     0.0004658           2         392           0
   11.870     0.0017208     0.0004586           2         392           0
   11.931     0.0017821     0.0004377           2         392           0
   11.991     0.0030081     0.0004129           2         392           0
   12.052     0.0036282     0.0004671           2         392           0
   12.112     0.0031515     0.0004756           2         392           0
   12.173     0.0028851     0.0004520           2         392           0
   12.233     0.0026193     0.0004623           2         392           0
   12.294     0.0020212     0.0004615           2         392           0
   12.354     0.0020245     0.0004567           2         392           0
   12.415     0.0021219     0.0004865           2         392           0
   12.475     0.0018472     0.0004556           2         392           0
   12.536     0.0015950     0.0004686           2         392           0
   12.596     0.0015976     0.0004511           2         392           0
   12.657     0.0017083     0.0004341           2         392           0
   12.717     0.0017372     0.0004572           2         392           0
   12.778     0.0019915     0.0004468           2         392           0
   12.838     0.0022001     0.0004569           2         392           0
   12.899     0.0020121     0.0004538           2         392           0
   12.959     0.0020121     0.0004760           2         392           0
   13.020     0.0018513     0.0005140           2         392           0
   13.080     0.0018981     0.0005289           2         392           0
   13.141     0.0017685     0.0005497           2         392           0
   13.201     0.0021108     0.0005234           2         392           0
   13.262     0.0023709     0.0005336           2         392           0
   13.322     0.0023951     0.0005724           2         392           0
   13.383     0.0022561     0.0005832           2         392           0
   13.443     0.0024722     0.0005842           2         392           0
   13.503     0.0027790     0.0006152           2         392           0
   13.564     0.0023741     0.0005925           2         392           0
   13.625     0.0024442     0.0006051           2         392           0
   13.685     0.0027723     0.0006062           2         392           0
   13.745     0.0029720     0.0006372           2         392           0
   13.806     0.0021964     0.0006656           2         392           0
   13.866     0.0017365     0.0006709           2         392           0
   13.927     0.0015800     0.0006808           2         392           0
   13.985     0.0025662     0.0005719           3        4488           0
   14.069     0.0033553     0.0016807           3        4360           0
   14.154     0.0028746     0.0008313           3        4360           0
   14.239     0.0027444     0.0004342           3        4360           0
   14.323     0.0029984     0.0003798           3        4360           0
   14.408     0.0027227     0.0004013           3        4360           0
   14.493     0.0027634     0.0003983           3        4360           0
   14.577     0.0024135     0.0004241           3        4360           0
   14.662     0.0021561     0.0004286           3        4360           0
   14.747     0.0022277     0.0004574           3        4360           0
   14.832     0.0022522     0.0004867           3        4360           0
   14.916     0.0024277     0.0004678           3        4360           0
   15.001     0.0026444     0.0004128           3        4360           0
   15.085     0.0021994     0.0004703           3        4360           0
   15.170     0.0020362     0.0004487           3        4360           0
   15.255     0.0019767     0.0003837           3        4360           0
   15.340     0.0020422     0.0004786           3        4360           0
   15.424     0.0019988     0.0003318           3        4360           0
   15.509     0.0018866     0.0002913           3        4360           0
   15.594     0.0018503     0.0012936           3        4360           0
   15.678     0.0015645     0.0014639           3        4360           0
   15.763     0.0014025     0.0003820           3        4360           0
   15.848     0.0013234     0.0003956           3        4360           0
   15.932     0.0016837     0.0005132           3        4360           0
   16.017     0.0018529     0.0005356           3        4360           0
   16.102     0.0014264     0.0025373           3        4360           0
   16.186     0.0009750     0.0039494           3        4360           0
   16.271     0.0018566     0.0009344           3        4360           0
   16.356     0.0020696     0.0006685           3        4360           0
   16.440     0.0016035     0.0009704           3        4360           0
   16.525     0.0014637     0.0007423           3        4360           0
   16.610     0.0026910     0.0011740           3        4360           0
   16.694     0.0027215     0.0016025           3        4360           0
   16.779     0.0016308     0.0005964           3        4360           0
   16.864     0.0018361     0.0007283           3        4360           0
   16.948     0.0014887     0.0007653           3        4360           0
   17.033     0.0014374     0.0006254           3        4360           0
   17.118     0.0018611     0.0011903           3        4360           0
   17.202     0.0019606     0.0008283           3        4360           0
   17.287     0.0012898     0.0005648           3        4360           0
   17.372     0.0009693     0.0007234           3        4360           0
   17.456     0.0014419     0.0010935           3        4360           0
   17.541     0.0015581     0.0005815           3        4360           0
   17.626     0.0024909     0.0005229           3        4360           0
   17.711     0.0025558     0.0005115           3        4360           0
   17.795     0.0023258     0.0005165           3        4360           0
   17.880     0.0018690     0.0005115           3        4360           0
   17.965     0.0016235     0.0005915           3        4360           0
   18.049     0.0021465     0.0005479           3        4360           0
   18.134     0.0031688     0.0005162           3        4360           0
   18.219     0.0028489     0.0006531           3        4360           0
   18.303     0.0031679     0.0006851           3        4360           0
   18.388     0.0020637     0.0007324           3        4360           0
   18.472     0.0026419     0.0007149           3        4360           0
   18.557     0.0026393     0.0007627           3        4360           0
   18.642     0.0027287     0.0006547           3        4360           0
   18.727     0.0029298     0.0004894           3        4360           0
   18.811     0.0019563     0.0006485           3        4360           0
   18.896     0.0022920     0.0006485           3        4360           0
   18.981     0.0033021     0.0006069           3        4360           0
   19.065     0.0027144     0.0005459           3        4360           0
   19.150     0.0026861     0.0006170           3        4360           0
   19.235     0.0015914     0.0009634           3    19009600           0
   19.404     0.0027606     0.0017871           3    19009600           0
   19.573     0.0018771     0.0011761           3    19009600           0
   19.743     0.0021326     0.0010275           3    19009600           0
   19.912     0.0023181     0.0011267           3    19009600           0
   20.081     0.0024299     0.0037677           3        4360           0
   20.251     0.0030279     0.0022647           3        4360           0
   20.420     0.0026865     0.0014520           3        4360           0
   20.590     0.0026186     0.0011065           3        4360           0
   20.759     0.0027281     0.0014470           3        4360           0
   20.928     0.0022987     0.0018248           3        4360           0
   21.097     0.0032806     0.0017593           4        4360           0
   21.267     0.0032837     0.0007452           4        4360           0
   21.436     0.0035084     0.0007424           4        4360           0
   21.606     0.0025016     0.0008019           4        4360           0
   21.775     0.0035555     0.0007569           4        4360           0
   21.944     0.0028481     0.0005920           4        4360           0
   22.114     0.0030769     0.0006921           4        4360           0
   22.283     0.0024791     0.0005542           4        4360           0
   22.452     0.0025419     0.0006694           4        4360           0
   22.622     0.0024459     0.0007281           4        4360           0
   22.791     0.0027738     0.0005921           4        4360           0
   22.960     0.0028316     0.0013292           4        4360           0
   23.130     0.0031292     0.0004977           4        4360           0
   23.299     0.0029705     0.0005499           4        4360           0
   23.469     0.0026582     0.0005780           4        4360           0
   23.638     0.0026440     0.0005435           4        4360           0
   23.807     0.0023675     0.0004918           4        4360           0
   23.976     0.0022946     0.0004931           4        4360           0
   24.146     0.0024185     0.0005803           4        4360           0
   24.315     0.0024274     0.0005892           4        4360           0
   24.485     0.0028807     0.0006921           4        4360           0
   24.654     0.0031991     0.0005567           4        4360           0
   24.823     0.0024783     0.0006063           4        4360           0
   24.993     0.0030749     0.0006942           4        4360           0
   25.162     0.0032907     0.0005125           4        4360           0
   25.331     0.0024789     0.0007740           4        4360           0
   25.501     0.0029507     0.0007704           4        4360           0
   25.670     0.0024831     0.0006927           4        4360           0
   25.839     0.0023965     0.0028224           4        4360           0
   26.009     0.0026759     0.0008410           4        4360           0
   26.178     0.0030356     0.0005502           4        4360           0
   26.347     0.0028562     0.0004818           4        4360           0
   26.517     0.0028456     0.0004900           4        4360           0
   26.686     0.0030457     0.0005638           4        4360           0
   26.856     0.0026274     0.0005660           4        4360           0
   27.025     0.0028568     0.0005741           4        4360           0
   27.194     0.0036419     0.0014861           4        4360           0
   27.364     0.0033545     0.0018726           4        4360           0
   27.533     0.0032446     0.0014721           4        4360           0
   27.702     0.0036926     0.0006287           4        4360           0
   27.872     0.0042824     0.0006403           4        4360           0
   28.041     0.0039328     0.0007068           4        4360           0
   28.210     0.0030883     0.0007252           4        4360           0
   28.380     0.0036540     0.0006301           4        4360           0
   28.549     0.0036370     0.0006216           4        4360           0
   28.719     0.0042090     0.0006391           4        4360           0
   28.888     0.0034807     0.0006161           4        4360           0
   29.057     0.0030528     0.0006666           4        4360           0
   29.226     0.0032565     0.0007040           4        4360           0
   29.396     0.0035045     0.0008716           4        4360           0
   29.565     0.0027800     0.0008432           4        4360           0
   29.735     0.0025321     0.0006686           4        4360           0
   29.904     0.0029659     0.0007719           4        4360           0
   30.073     0.0033114     0.0008384           4        4360           0
   30.243     0.0033414     0.0007301           4        4360           0
   30.412     0.0037329     0.0010095           4        4360           0
   30.581     0.0030241     0.0128629           4        4360           0
   30.751     0.0042024     0.0011387           4        4360           0
   30.920     0.0028608     0.0009860           4        4360           0
   31.089     0.0029526     0.0008762           4        4360           0
   31.259     0.0038114     0.0008462           4        4360           0
   31.428     0.0039212     0.0007363           4        4360           0
   31.597     0.0041607     0.0007516           4        4360           0
   31.767     0.0040039     0.0007562           4        4360           0
   31.936     0.0036408     0.0008229           4        4360           0
   32.105     0.0036235     0.0009343           4        4360           0
   32.275     0.0029700     0.0011033           4        4360           0
   32.444     0.0032371     0.0012277           4        4360           0
   32.614     0.0030833     0.0013179           4        4360           0
   32.783     0.0052936     0.0024653           4        4360           0
   32.952     0.0021452     0.0022985           4        4360           0
   33.122     0.0035115     0.0017550           4        4360           0
   33.291     0.0042442     0.0026717           4        4360           0
   33.460     0.0037416     0.0016645           4        4360           0
   33.630     0.0036336     0.0013863           4        4360           0
   33.799     0.0099938     0.0010623           4        4360           0
   33.968     0.0098621     0.0013458           4        4360           0
   34.138     0.0053929     0.0020688           4        4360           0
   34.307     0.0046062     0.0019602           4        4360           0
   34.477     0.0021395     0.0019642           4        4360           0
   34.646     0.0052457     0.0015046           4        4360           0
   34.815     0.0043223     0.0020036           4        4360           0
   34.985     0.0043663     0.0023455           4        4360           0
   35.154     0.0055255     0.0026027           4        4360           0
   35.323     0.0045627     0.0034618           4        4360           0
   35.493     0.0068995     0.0043236           4        4360           0
   35.662     0.0056551     0.0030970           4        4360           0
   35.831     0.0075178     0.0027588           4        4360           0
   36.001     0.0069995     0.0026655           4        4360           0
   36.170     0.0053011     0.0025357           4        4360           0
   36.339     0.0059548     0.0030333           4        4360           0
   36.509     0.0058560     0.0034932           4        4360           0
   36.678     0.0061208     0.0040757           4        4360           0
   36.847     0.0052044     0.0040553           4        4360           0
   37.017     0.0077040     0.0032617           4        4360           0
   37.186     0.0120930     0.0042879           4        4360           0
   37.355     0.0137568     0.0052028           4        4360           0
   37.525     0.0100937     0.0043546           4        4360           0
   37.694     0.0058653     0.0055114           4        4360           0
   37.864     0.0030155     0.0071056           4        4360           0
   38.033     0.0084197     0.0212437           4        4360           0
   38.202     0.0150894     0.0338880           4        4360           0
   38.372     0.0132614     0.0125452           4        4360           0
   38.541     0.0085912     0.0239169           4        4360           0
   38.710    -0.0018563     0.0151229           4        4360           0
   38.880     0.0005627     0.0155404           4        4360           0
   39.049     0.0068812     0.0250033           4        4360           0
   39.218     0.0067776     0.0145418           4        4360           0
   39.388     0.0037801     0.0125722           4        4360           0
   39.557     0.0118720     0.0123803           4        4360           0
   39.727     0.0150944     0.0128800           4        4360           0
   39.896     0.0090821     0.0125665           4        4488           0
   40.065     0.0008477     0.0092705           4        4488           0
   40.235     0.0009340     0.0043407           4        4488           0
   40.404     0.0008809     0.0021291           4        4488           0
   40.573     0.0012160     0.0009296           4        4488           0
   40.743     0.0003343     0.0003814           4        4508           0
   40.912    -0.0000110     0.0001831           4        4488           0
   41.081    -0.0000057     0.0000911           4        4488           0
   41.251    -0.0000643     0.0001354           4        4488           0
   41.420     0.0000149     0.0002408           4        4488           0
   41.589     0.0002073     0.0003399           4        4488           0
   41.759     0.0005308     0.0003617           4        4488           0
   41.928     0.0000777     0.0008700           4        4508           0
   42.097    -0.0001204     0.0005255           4        4508           0
   42.267     0.0004710     0.0006937           4        4488           0
