wave flux error channelflag bitflag stitchflag
    5.127     0.0009673     0.0029918           1         392           0
    5.157     0.0015818     0.0016833           1         136           0
    5.187     0.0013097     0.0009892           1         136           0
    5.217     0.0012202     0.0006437           1         136           0
    5.247     0.0013555     0.0006051           1         136           0
    5.278     0.0017271     0.0006353           1         136           0
    5.308     0.0013847     0.0005490           1         136           0
    5.338     0.0014139     0.0005057           1         392           0
    5.368     0.0015146     0.0005179           1         392           0
    5.399     0.0015290     0.0004836           1       16776           0
    5.429     0.0016836     0.0004837           1       16796           0
    5.459     0.0015827     0.0004943           1       16796           0
    5.489     0.0016595     0.0004600           1         392           0
    5.520     0.0016629     0.0004489           1         392           0
    5.550     0.0013079     0.0004638           1         392           0
    5.580     0.0013573     0.0004745           1         392           0
    5.610     0.0013971     0.0004576           1         392           0
    5.641     0.0014845     0.0004746           1        8468           0
    5.671     0.0016596     0.0004468           1        8468           0
    5.701     0.0014894     0.0004495           1         392           0
    5.731     0.0014104     0.0004072           1         392           0
    5.762     0.0014714     0.0004460           1         412           0
    5.792     0.0015203     0.0004668           1         412           0
    5.822     0.0018060     0.0005043           1         392           0
    5.852     0.0022021     0.0005103           1         392           0
    5.883     0.0021601     0.0005016           1         392           0
    5.913     0.0018736     0.0004984           1         136           0
    5.943     0.0017356     0.0005106           1         136           0
    5.973     0.0016829     0.0005351           1         136           0
    6.004     0.0019142     0.0005124           1         136           0
    6.034     0.0018555     0.0004874           1         136           0
    6.064     0.0020466     0.0005017           1         392           0
    6.094     0.0018960     0.0005636           1         392           0
    6.125     0.0015558     0.0005336           1         392           0
    6.155     0.0017567     0.0005296           1         392           0
    6.185     0.0022879     0.0004863           1         392           0
    6.215     0.0026748     0.0005072           1         392           0
    6.245     0.0027207     0.0005051           1         392           0
    6.276     0.0027217     0.0005309           1         392           0
    6.306     0.0031946     0.0005689           1         392           0
    6.336     0.0042879     0.0005290           1         392           0
    6.366     0.0056962     0.0005568           1         392           0
    6.397     0.0064040     0.0005422           1         392           0
    6.427     0.0062974     0.0005612           1         392           0
    6.457     0.0053176     0.0005851           1         392           0
    6.487     0.0047416     0.0005646           1         392           0
    6.518     0.0043310     0.0006009           1         392           0
    6.548     0.0036056     0.0006142           1         392           0
    6.578     0.0035399     0.0007319           1         392           0
    6.608     0.0028850     0.0006357           1         392           0
    6.639     0.0027741     0.0006311           1         136           0
    6.669     0.0027565     0.0006556           1         136           0
    6.699     0.0024440     0.0005756           1         136           0
    6.729     0.0021920     0.0006471           1         136           0
    6.760     0.0023822     0.0006529           1         136           0
    6.790     0.0025376     0.0006602           1         392           0
    6.820     0.0022726     0.0006504           1         392           0
    6.850     0.0026795     0.0007450           1         392           0
    6.881     0.0028445     0.0008111           1         392           0
    6.911     0.0024063     0.0007670           1         392           0
    6.941     0.0024084     0.0007461           1         392           0
    6.971     0.0028481     0.0008398           1         392           0
    7.002     0.0026497     0.0008499           1         392           0
    7.032     0.0023881     0.0008527           1         392           0
    7.062     0.0025479     0.0007931           1         392           0
    7.092     0.0026767     0.0007864           1         392           0
    7.122     0.0030412     0.0007906           1         392           0
    7.153     0.0027991     0.0007938           1         392           0
    7.183     0.0035809     0.0007668           1         392           0
    7.213     0.0040845     0.0006348           1         392           0
    7.243     0.0036235     0.0008796           1         392           0
    7.274     0.0033950     0.0008431           1         392           0
    7.304     0.0032552     0.0008812           1         392           0
    7.334     0.0035029     0.0010569           1       53312           0
    7.395     0.0042468     0.0013386           1       18496           0
    7.455     0.0042946     0.0010894           1       18496           0
    7.516     0.0052136     0.0011505           1       53312           0
    7.576     0.0062239     0.0015439           1      153664           0
    7.637     0.0073209     0.0006100           1         392           0
    7.697     0.0087098     0.0005747           1         392           0
    7.758     0.0077040     0.0006340           1         392           0
    7.818     0.0083121     0.0006551           1         392           0
    7.879     0.0088662     0.0006302           1         392           0
    7.939     0.0087020     0.0006325           1         392           0
    8.000     0.0085352     0.0005611           1         392           0
    8.060     0.0083882     0.0005342           1         392           0
    8.120     0.0081437     0.0005254           1         392           0
    8.181     0.0075763     0.0005126           1         392           0
    8.241     0.0065408     0.0005522           1         392           0
    8.302     0.0064135     0.0005430           1         392           0
    8.362     0.0049128     0.0002523           2       16796           0
    8.423     0.0043003     0.0002603           2       16796           0
    8.483     0.0043020     0.0002643           2       16792           0
    8.544     0.0048025     0.0002758           2       16776           0
    8.604     0.0044893     0.0003057           2         392           0
    8.665     0.0049903     0.0002376           2         392           0
    8.725     0.0051613     0.0002447           2         392           0
    8.786     0.0056788     0.0002588           2         392           0
    8.846     0.0060368     0.0002306           2         392           0
    8.907     0.0058474     0.0002659           2         392           0
    8.967     0.0058050     0.0003358           2         392           0
    9.028     0.0043963     0.0003169           2         136           0
    9.088     0.0040972     0.0003610           2         136           0
    9.149     0.0034006     0.0003405           2         136           0
    9.209     0.0029541     0.0003721           2         136           0
    9.270     0.0031068     0.0003447           2         136           0
    9.330     0.0023866     0.0003616           2         136           0
    9.391     0.0023853     0.0003701           2         392           0
    9.451     0.0022465     0.0003680           2         392           0
    9.512     0.0023687     0.0003159           2         392           0
    9.572     0.0022691     0.0003543           2         392           0
    9.633     0.0023980     0.0003210           2         392           0
    9.693     0.0022798     0.0003040           2         392           0
    9.754     0.0021902     0.0003090           2       16796           0
    9.814     0.0019965     0.0002847           2       16796           0
    9.875     0.0025631     0.0003026           2         392           0
    9.935     0.0027594     0.0002919           2         392           0
    9.995     0.0027192     0.0002677           2         392           0
   10.056     0.0022514     0.0002802           2         392           0
   10.116     0.0021150     0.0002745           2         392           0
   10.177     0.0020557     0.0002558           2         392           0
   10.237     0.0021585     0.0002524           2         392           0
   10.298     0.0021734     0.0002719           2         392           0
   10.358     0.0022388     0.0002672           2         392           0
   10.419     0.0022202     0.0002845           2         392           0
   10.479     0.0021735     0.0003015           2         392           0
   10.540     0.0021439     0.0002766           2         392           0
   10.600     0.0024911     0.0002669           2         392           0
   10.661     0.0024333     0.0002800           2         392           0
   10.721     0.0024034     0.0002743           2         392           0
   10.782     0.0026603     0.0002834           2         392           0
   10.842     0.0028412     0.0002820           2         392           0
   10.903     0.0034975     0.0003229           2         392           0
   10.963     0.0032552     0.0003142           2         392           0
   11.024     0.0032337     0.0003194           2         392           0
   11.084     0.0035928     0.0003294           2         392           0
   11.145     0.0037855     0.0003576           2         392           0
   11.205     0.0037946     0.0003423           2         392           0
   11.266     0.0046074     0.0003667           2         392           0
   11.326     0.0051519     0.0003628           2         392           0
   11.387     0.0062894     0.0003631           2         412           0
   11.447     0.0073620     0.0003813           2         412           0
   11.508     0.0116332     0.0003051           2         392           0
   11.568     0.0163560     0.0002200           2         392           0
   11.628     0.0168420     0.0002640           2         392           0
   11.689     0.0135116     0.0003842           2         392           0
   11.750     0.0112294     0.0003375           2         392           0
   11.810     0.0093502     0.0003910           2         392           0
   11.870     0.0083550     0.0003253           2         392           0
   11.931     0.0066734     0.0003360           2         392           0
   11.991     0.0061489     0.0004060           2         392           0
   12.052     0.0058448     0.0004692           2         392           0
   12.112     0.0056621     0.0004214           2         392           0
   12.173     0.0061643     0.0004022           2         392           0
   12.233     0.0064303     0.0004323           2         392           0
   12.294     0.0065211     0.0004040           2         392           0
   12.354     0.0067170     0.0004157           2         392           0
   12.415     0.0068749     0.0004216           2         392           0
   12.475     0.0066839     0.0003823           2         392           0
   12.536     0.0063434     0.0004008           2         392           0
   12.596     0.0061933     0.0002943           2         392           0
   12.657     0.0071819     0.0003758           2         392           0
   12.717     0.0072114     0.0002977           2         392           0
   12.778     0.0073521     0.0003947           2         392           0
   12.838     0.0079070     0.0003754           2         392           0
   12.899     0.0093102     0.0003147           2         392           0
   12.959     0.0086994     0.0003333           2         392           0
   13.020     0.0092674     0.0003190           2         392           0
   13.080     0.0101427     0.0003416           2         392           0
   13.141     0.0113156     0.0003635           2         392           0
   13.201     0.0132551     0.0003741           2         392           0
   13.262     0.0124783     0.0003424           2         392           0
   13.322     0.0074084     0.0004534           2         392           0
   13.383     0.0060662     0.0004570           2         392           0
   13.443     0.0057396     0.0004998           2         392           0
   13.503     0.0055859     0.0004867           2         392           0
   13.564     0.0053802     0.0005463           2         392           0
   13.625     0.0056783     0.0005171           2         392           0
   13.685     0.0054923     0.0005896           2         392           0
   13.745     0.0055218     0.0005861           2         392           0
   13.806     0.0054498     0.0006047           2         392           0
   13.866     0.0048610     0.0005798           2         392           0
   13.927     0.0054034     0.0006498           2         392           0
   13.987     0.0057083     0.0006184           2         392           0
   14.048     0.0053438     0.0007142           2         392           0
   14.108     0.0045150     0.0006793           2         392           0
   14.169     0.0056241     0.0006822           2         392           0
   14.239     0.0056298     0.0004032           3        4360           0
   14.323     0.0055257     0.0004451           3        4360           0
   14.408     0.0060205     0.0004064           3        4360           0
   14.493     0.0057080     0.0003918           3        4360           0
   14.577     0.0054035     0.0004151           3        4360           0
   14.662     0.0058549     0.0004204           3        4360           0
   14.747     0.0044732     0.0003931           3        4360           0
   14.832     0.0050767     0.0004079           3        4360           0
   14.916     0.0048833     0.0005022           3        4360           0
   15.001     0.0049521     0.0007425           3        4360           0
   15.085     0.0049247     0.0003481           3        4360           0
   15.170     0.0044981     0.0004212           3        4360           0
   15.255     0.0046119     0.0004587           3        4360           0
   15.340     0.0041128     0.0004521           3        4360           0
   15.424     0.0041562     0.0003235           3        4360           0
   15.509     0.0041582     0.0003694           3        4360           0
   15.594     0.0043862     0.0003586           3        4360           0
   15.678     0.0044912     0.0008615           3        4360           0
   15.763     0.0042964     0.0013850           3        4360           0
   15.848     0.0049738     0.0003871           3        4360           0
   15.932     0.0051028     0.0005110           3        4360           0
   16.017     0.0073934     0.0005428           3        4360           0
   16.102     0.0074950     0.0005889           3        4360           0
   16.186     0.0057720     0.0005508           3        4360           0
   16.271     0.0062689     0.0005226           3        4360           0
   16.356     0.0061326     0.0004917           3        4360           0
   16.440     0.0065185     0.0005190           3        4360           0
   16.525     0.0060694     0.0004525           3        4360           0
   16.610     0.0057828     0.0004070           3        4360           0
   16.694     0.0063540     0.0003582           3        4360           0
   16.779     0.0058556     0.0004593           3        4360           0
   16.864     0.0082826     0.0006879           3        4360           0
   16.948     0.0108082     0.0006487           3        4360           0
   17.033     0.0106280     0.0005313           3        4360           0
   17.118     0.0094843     0.0011200           3        4360           0
   17.202     0.0094954     0.0007421           3        4360           0
   17.287     0.0099051     0.0005953           3        4360           0
   17.372     0.0100048     0.0005809           3        4360           0
   17.456     0.0108179     0.0027507           3        4360           0
   17.541     0.0145280     0.0033732           3        4360           0
   17.626     0.0125056     0.0018912           3        4360           0
   17.711     0.0111503     0.0004228           3        4360           0
   17.795     0.0104174     0.0005174           3        4360           0
   17.880     0.0103957     0.0005321           3        4360           0
   17.965     0.0097633     0.0005651           3        4360           0
   18.049     0.0089054     0.0005524           3        4360           0
   18.134     0.0082329     0.0005561           3        4360           0
   18.219     0.0080347     0.0006279           3        4360           0
   18.303     0.0083294     0.0007225           3        4360           0
   18.388     0.0074101     0.0007613           3        4360           0
   18.472     0.0073385     0.0006807           3        4360           0
   18.557     0.0059064     0.0007710           3        4360           0
   18.642     0.0053814     0.0005610           3        4360           0
   18.727     0.0063016     0.0006043           3        4360           0
   18.811     0.0067674     0.0006177           3        4360           0
   18.896     0.0068458     0.0005931           3        4360           0
   18.981     0.0067792     0.0005490           3        4360           0
   19.065     0.0067207     0.0005758           3        4360           0
   19.150     0.0083113     0.0007028           3        4360           0
   19.235     0.0068468     0.0011302           3    19009600           0
   19.404     0.0091697     0.0030713           3    19009600           0
   19.573     0.0068555     0.0011079           3    19009600           0
   19.743     0.0066796     0.0009615           3    19009600           0
   19.912     0.0070569     0.0010943           3    19009600           0
   20.081     0.0076368     0.0032440           3        4360           0
   20.251     0.0073512     0.0018610           3        4360           0
   20.420     0.0074669     0.0011640           3        4360           0
   20.590     0.0073612     0.0010837           3        4360           0
   20.759     0.0076304     0.0013353           3        4360           0
   20.928     0.0079785     0.0020332           3        4360           0
   21.097     0.0080603     0.0006307           4        4360           0
   21.267     0.0087009     0.0007573           4        4360           0
   21.436     0.0086005     0.0007068           4        4360           0
   21.606     0.0085679     0.0007596           4        4360           0
   21.775     0.0084785     0.0007487           4        4360           0
   21.944     0.0087899     0.0008079           4        4360           0
   22.114     0.0080996     0.0007949           4        4360           0
   22.283     0.0085869     0.0005734           4        4360           0
   22.452     0.0083475     0.0021186           4        4360           0
   22.622     0.0089294     0.0007386           4        4360           0
   22.791     0.0094781     0.0005528           4        4360           0
   22.960     0.0094262     0.0004927           4        4360           0
   23.130     0.0091828     0.0005035           4        4360           0
   23.299     0.0100467     0.0015350           4        4360           0
   23.469     0.0107400     0.0023453           4        4360           0
   23.638     0.0105353     0.0022074           4        4360           0
   23.807     0.0101707     0.0021172           4        4360           0
   23.976     0.0105545     0.0016586           4        4360           0
   24.146     0.0109636     0.0005495           4        4360           0
   24.315     0.0110979     0.0008501           4        4360           0
   24.485     0.0111688     0.0019344           4        4360           0
   24.654     0.0111062     0.0004628           4        4360           0
   24.823     0.0111087     0.0005965           4        4360           0
   24.993     0.0124891     0.0005777           4        4360           0
   25.162     0.0117369     0.0006033           4        4360           0
   25.331     0.0121777     0.0004413           4        4360           0
   25.501     0.0124282     0.0004717           4        4360           0
   25.670     0.0124475     0.0012203           4        4360           0
   25.839     0.0121789     0.0028807           4        4360           0
   26.009     0.0129371     0.0010013           4        4360           0
   26.178     0.0127430     0.0005913           4        4360           0
   26.347     0.0132136     0.0004860           4        4360           0
   26.517     0.0140733     0.0004524           4        4360           0
   26.686     0.0149386     0.0004822           4        4360           0
   26.856     0.0156014     0.0003890           4        4360           0
   27.025     0.0135723     0.0004805           4        4360           0
   27.194     0.0135590     0.0004606           4        4360           0
   27.364     0.0142770     0.0004659           4        4360           0
   27.533     0.0146632     0.0004466           4        4360           0
   27.702     0.0149745     0.0006503           4        4360           0
   27.872     0.0153778     0.0007393           4        4360           0
   28.041     0.0150987     0.0007222           4        4360           0
   28.210     0.0149027     0.0008150           4        4360           0
   28.380     0.0155035     0.0006500           4        4360           0
   28.549     0.0140661     0.0006562           4        4360           0
   28.719     0.0158678     0.0005719           4        4360           0
   28.888     0.0166424     0.0006230           4        4360           0
   29.057     0.0178713     0.0008088           4        4360           0
   29.226     0.0178927     0.0007609           4        4360           0
   29.396     0.0178101     0.0007187           4        4360           0
   29.565     0.0164067     0.0008514           4        4360           0
   29.735     0.0164053     0.0007005           4        4360           0
   29.904     0.0180218     0.0006811           4        4360           0
   30.073     0.0190948     0.0006851           4        4360           0
   30.243     0.0169014     0.0010663           4        4360           0
   30.412     0.0190861     0.0008139           4        4360           0
   30.581     0.0185076     0.0053052           4        4360           0
   30.751     0.0194997     0.0009298           4        4360           0
   30.920     0.0175750     0.0004480           4        4360           0
   31.089     0.0199008     0.0008713           4        4360           0
   31.259     0.0201892     0.0024497           4        4360           0
   31.428     0.0199843     0.0024567           4        4360           0
   31.597     0.0200027     0.0011541           4        4360           0
   31.767     0.0211479     0.0007252           4        4360           0
   31.936     0.0217025     0.0012277           4        4360           0
   32.105     0.0215977     0.0019315           4        4360           0
   32.275     0.0223864     0.0011304           4        4360           0
   32.444     0.0231822     0.0013009           4        4360           0
   32.614     0.0224197     0.0025614           4        4360           0
   32.783     0.0226041     0.0013040           4        4360           0
   32.952     0.0235759     0.0013482           4        4360           0
   33.122     0.0204699     0.0015664           4        4360           0
   33.291     0.0249362     0.0018771           4        4360           0
   33.460     0.0223483     0.0019286           4        4360           0
   33.630     0.0249961     0.0015851           4        4360           0
   33.799     0.0261274     0.0032881           4        4360           0
   33.968     0.0275629     0.0023499           4        4360           0
   34.138     0.0287190     0.0018136           4        4360           0
   34.307     0.0343691     0.0024135           4        4360           0
   34.477     0.0445640     0.0022513           4        4360           0
   34.646     0.0462452     0.0019008           4        4360           0
   34.815     0.0310467     0.0022092           4        4360           0
   34.985     0.0308827     0.0017475           4        4360           0
   35.154     0.0276256     0.0030280           4        4360           0
   35.323     0.0338473     0.0069461           4        4360           0
   35.493     0.0303471     0.0055624           4        4360           0
   35.662     0.0308194     0.0042614           4        4360           0
   35.831     0.0425119     0.0060112           4        4360           0
   36.001     0.0481938     0.0067916           4        4360           0
   36.170     0.0415162     0.0033826           4        4360           0
   36.339     0.0333683     0.0048807           4        4360           0
   36.509     0.0330101     0.0045191           4        4360           0
   36.678     0.0286506     0.0047091           4        4360           0
   36.847     0.0298618     0.0039579           4        4360           0
   37.017     0.0342098     0.0048152           4        4360           0
   37.186     0.0362284     0.0045172           4        4360           0
   37.355     0.0312911     0.0039950           4        4360           0
   37.525     0.0287225     0.0080587           4        4360           0
   37.694     0.0353788     0.0057154           4        4360           0
   37.864     0.0544151     0.0057896           4        4360           0
   38.033     0.0475838     0.0293445           4        4360           0
   38.202     0.0518548     0.0315862           4        4360           0
   38.372     0.0476182     0.0128363           4        4360           0
   38.541     0.0304472     0.0197025           4        4360           0
   38.710     0.0271880     0.0194990           4        4360           0
   38.880     0.0207973     0.0189753           4        4360           0
   39.049     0.0113308     0.1220239           4        4360           0
   39.218     0.0207242     0.0317024           4        4360           0
   39.388     0.0314785     0.0261106           4        4360           0
   39.557     0.0251027     0.0530219           4        4360           0
   39.727     0.0056817     0.0790667           4        4360           0
   39.896     0.0038650     0.0221928           4        4488           0
   40.065     0.0018920     0.0082341           4        4488           0
   40.235     0.0035792     0.0051560           4        4488           0
   40.404     0.0027267     0.0026749           4        4488           0
   40.573     0.0013731     0.0009038           4        4488           0
   40.743     0.0004268     0.0004067           4        4508           0
   40.912     0.0005720     0.0001971           4        4488           0
   41.081     0.0013151     0.0001489           4        4488           0
   41.251     0.0001583     0.0001531           4        4488           0
   41.420     0.0000989     0.0001973           4        4488           0
   41.589     0.0088861     0.0002609           4        4488           0
   41.759     0.0088900     0.0001620           4        4488           0
   41.928     0.0007261     0.0008160           4        4508           0
   42.097     0.0003226     0.0003714           4        4508           0
   42.267     0.0032372     0.0007056           4        4488           0
