wave flux error channelflag bitflag stitchflag
    5.127    -0.0005086     0.0032999           1         392           0
    5.157    -0.0000544     0.0020228           1         136           0
    5.187    -0.0005514     0.0010047           1         136           0
    5.217     0.0001314     0.0006125           1         136           0
    5.247     0.0003826     0.0006062           1         136           0
    5.278     0.0004276     0.0006620           1         136           0
    5.308     0.0005648     0.0005506           1         136           0
    5.338     0.0006314     0.0005449           1         392           0
    5.368     0.0005239     0.0005383           1         392           0
    5.399     0.0003530     0.0005686           1       16776           0
    5.429     0.0004475     0.0005970           1       16796           0
    5.459     0.0006536     0.0005039           1       16796           0
    5.489     0.0005705     0.0004884           1         392           0
    5.520     0.0003413     0.0004725           1         392           0
    5.550     0.0002117     0.0005118           1         392           0
    5.580     0.0003388     0.0005111           1         392           0
    5.610     0.0002384     0.0005077           1         392           0
    5.641     0.0002512     0.0004613           1        8468           0
    5.671     0.0006023     0.0004858           1        8468           0
    5.701     0.0004290     0.0004803           1         392           0
    5.731     0.0003520     0.0004237           1         392           0
    5.762     0.0004310     0.0004894           1         412           0
    5.792     0.0003514     0.0004547           1         412           0
    5.822     0.0002628     0.0005016           1         392           0
    5.852     0.0001065     0.0005338           1         392           0
    5.883     0.0001290     0.0005569           1         392           0
    5.913     0.0001281     0.0004862           1         136           0
    5.943     0.0005212     0.0005598           1         136           0
    5.973     0.0004275     0.0005499           1         136           0
    6.004     0.0005406     0.0005214           1         136           0
    6.034     0.0005685     0.0005338           1         136           0
    6.064     0.0007481     0.0005736           1         392           0
    6.094     0.0008756     0.0005508           1         392           0
    6.125     0.0006432     0.0005050           1         392           0
    6.155     0.0008290     0.0005135           1         392           0
    6.185     0.0004533     0.0004860           1         392           0
    6.215     0.0003800     0.0005085           1         392           0
    6.245     0.0007069     0.0005140           1         392           0
    6.276     0.0005792     0.0004916           1         392           0
    6.306     0.0004977     0.0006300           1         392           0
    6.336     0.0002115     0.0006961           1         392           0
    6.366     0.0004773     0.0005819           1         392           0
    6.397     0.0007416     0.0005569           1         392           0
    6.427     0.0003126     0.0005565           1         392           0
    6.457     0.0006273     0.0005415           1         392           0
    6.487     0.0009858     0.0005335           1         392           0
    6.518     0.0009095     0.0006431           1         392           0
    6.548     0.0008271     0.0006881           1         392           0
    6.578     0.0005976     0.0006844           1         392           0
    6.608     0.0003181     0.0006956           1         392           0
    6.639     0.0009121     0.0006563           1         136           0
    6.669     0.0006686     0.0006342           1         136           0
    6.699     0.0008154     0.0005954           1         136           0
    6.729     0.0007591     0.0005611           1         136           0
    6.760     0.0010618     0.0007355           1         136           0
    6.790     0.0005750     0.0006587           1         392           0
    6.820     0.0006898     0.0007028           1         392           0
    6.850     0.0005915     0.0007081           1         392           0
    6.881     0.0006721     0.0008157           1         392           0
    6.911     0.0007300     0.0008134           1         392           0
    6.941     0.0010483     0.0007906           1         392           0
    6.971     0.0011389     0.0009025           1         392           0
    7.002     0.0015530     0.0008785           1         392           0
    7.032     0.0015238     0.0008861           1         392           0
    7.062     0.0024575     0.0008239           1         392           0
    7.092     0.0031361     0.0008223           1         392           0
    7.122     0.0047017     0.0008951           1         392           0
    7.153     0.0051707     0.0008762           1         392           0
    7.183     0.0047258     0.0008382           1         392           0
    7.213     0.0043890     0.0008635           1         392           0
    7.243     0.0038164     0.0009051           1         392           0
    7.274     0.0030866     0.0009240           1         392           0
    7.304     0.0022431     0.0009516           1         392           0
    7.334     0.0013401     0.0013135           1       53312           0
    7.395     0.0016088     0.0013977           1       18496           0
    7.455     0.0016380     0.0012010           1       18496           0
    7.516     0.0015404     0.0011972           1       53312           0
    7.576     0.0015283     0.0015432           1      153664           0
    7.637     0.0017593     0.0005931           1         392           0
    7.697     0.0018306     0.0005900           1         392           0
    7.758     0.0016672     0.0007600           1         392           0
    7.818     0.0015498     0.0007631           1         392           0
    7.879     0.0017405     0.0007383           1         392           0
    7.939     0.0017464     0.0007051           1         392           0
    8.000     0.0022226     0.0007114           1         392           0
    8.060     0.0025436     0.0006346           1         392           0
    8.120     0.0022439     0.0006147           1         392           0
    8.181     0.0022486     0.0006725           1         392           0
    8.241     0.0024522     0.0006343           1         392           0
    8.302     0.0025106     0.0006345           1         392           0
    8.362     0.0027984     0.0003976           2       16796           0
    8.423     0.0031469     0.0004199           2       16796           0
    8.483     0.0037085     0.0003854           2       16792           0
    8.544     0.0043975     0.0003854           2       16776           0
    8.604     0.0051219     0.0004304           2         392           0
    8.665     0.0058107     0.0003716           2         392           0
    8.725     0.0069083     0.0003732           2         392           0
    8.786     0.0078287     0.0003798           2         392           0
    8.846     0.0077909     0.0003714           2         392           0
    8.907     0.0074249     0.0003549           2         392           0
    8.967     0.0072484     0.0003804           2         392           0
    9.028     0.0071887     0.0003747           2         136           0
    9.088     0.0068148     0.0003355           2         136           0
    9.149     0.0058962     0.0003965           2         136           0
    9.209     0.0050673     0.0003767           2         136           0
    9.270     0.0044935     0.0003862           2         136           0
    9.330     0.0039710     0.0004002           2         136           0
    9.391     0.0039229     0.0003800           2         392           0
    9.451     0.0038958     0.0004171           2         392           0
    9.512     0.0039119     0.0003911           2         392           0
    9.572     0.0038199     0.0003824           2         392           0
    9.633     0.0040416     0.0003479           2         392           0
    9.693     0.0041472     0.0003330           2         392           0
    9.754     0.0047509     0.0003634           2       16796           0
    9.814     0.0048890     0.0003320           2       16796           0
    9.875     0.0049518     0.0003321           2         392           0
    9.935     0.0049214     0.0003394           2         392           0
    9.995     0.0045028     0.0003427           2         392           0
   10.056     0.0037247     0.0003325           2         392           0
   10.116     0.0030025     0.0003150           2         392           0
   10.177     0.0024721     0.0003189           2         392           0
   10.237     0.0021285     0.0003028           2         392           0
   10.298     0.0020445     0.0003009           2         392           0
   10.358     0.0021024     0.0003290           2         392           0
   10.419     0.0018506     0.0003233           2         392           0
   10.479     0.0016673     0.0003813           2         392           0
   10.540     0.0015432     0.0003456           2         392           0
   10.600     0.0015970     0.0003444           2         392           0
   10.661     0.0014069     0.0003310           2         392           0
   10.721     0.0013204     0.0003575           2         392           0
   10.782     0.0014798     0.0003757           2         392           0
   10.842     0.0015992     0.0003652           2         392           0
   10.903     0.0015182     0.0003862           2         392           0
   10.963     0.0012937     0.0004078           2         392           0
   11.024     0.0015310     0.0003904           2         392           0
   11.084     0.0015573     0.0004436           2         392           0
   11.145     0.0013276     0.0003931           2         392           0
   11.205     0.0012707     0.0004181           2         392           0
   11.266     0.0014500     0.0004108           2         392           0
   11.326     0.0014958     0.0004021           2         392           0
   11.387     0.0013177     0.0004239           2         412           0
   11.447     0.0012291     0.0004305           2         412           0
   11.508     0.0012572     0.0004375           2         392           0
   11.568     0.0016345     0.0004573           2         392           0
   11.628     0.0014594     0.0004534           2         392           0
   11.689     0.0012131     0.0004327           2         392           0
   11.750     0.0009559     0.0004365           2         392           0
   11.810     0.0010895     0.0004436           2         392           0
   11.870     0.0014724     0.0004416           2         392           0
   11.931     0.0014436     0.0004507           2         392           0
   11.991     0.0013840     0.0004340           2         392           0
   12.052     0.0017835     0.0004531           2         392           0
   12.112     0.0016909     0.0004647           2         392           0
   12.173     0.0015676     0.0004459           2         392           0
   12.233     0.0016600     0.0004516           2         392           0
   12.294     0.0016669     0.0004740           2         392           0
   12.354     0.0018374     0.0004605           2         392           0
   12.415     0.0018020     0.0004505           2         392           0
   12.475     0.0018864     0.0004294           2         392           0
   12.536     0.0023365     0.0004736           2         392           0
   12.596     0.0029038     0.0004482           2         392           0
   12.657     0.0030755     0.0004569           2         392           0
   12.717     0.0034637     0.0004601           2         392           0
   12.778     0.0040000     0.0004589           2         392           0
   12.838     0.0061221     0.0004273           2         392           0
   12.899     0.0088540     0.0004214           2         392           0
   12.959     0.0103029     0.0005051           2         392           0
   13.020     0.0098348     0.0005266           2         392           0
   13.080     0.0081979     0.0005150           2         392           0
   13.141     0.0066598     0.0005748           2         392           0
   13.201     0.0055607     0.0005853           2         392           0
   13.262     0.0046432     0.0005621           2         392           0
   13.322     0.0041784     0.0005813           2         392           0
   13.383     0.0037569     0.0005795           2         392           0
   13.443     0.0033084     0.0006108           2         392           0
   13.503     0.0033303     0.0006011           2         392           0
   13.564     0.0032801     0.0005807           2         392           0
   13.625     0.0036280     0.0006235           2         392           0
   13.685     0.0035783     0.0006376           2         392           0
   13.745     0.0039104     0.0006482           2         392           0
   13.806     0.0041494     0.0006641           2         392           0
   13.866     0.0039930     0.0006865           2         392           0
   13.927     0.0041044     0.0006954           2         392           0
   13.987     0.0041550     0.0007246           2         392           0
   14.048     0.0036484     0.0007335           2         392           0
   14.108     0.0043294     0.0007313           2         392           0
   14.169     0.0043973     0.0007755           2         392           0
   14.239     0.0046412     0.0004354           3        4360           0
   14.323     0.0050683     0.0003539           3        4360           0
   14.408     0.0049299     0.0003407           3        4360           0
   14.493     0.0054854     0.0009769           3        4360           0
   14.577     0.0062359     0.0004159           3        4360           0
   14.662     0.0078779     0.0003656           3        4360           0
   14.747     0.0089153     0.0004965           3        4360           0
   14.832     0.0074481     0.0004551           3        4360           0
   14.916     0.0037973     0.0004792           3        4360           0
   15.001     0.0028833     0.0004793           3        4360           0
   15.085     0.0037052     0.0005001           3        4360           0
   15.170     0.0031147     0.0004533           3        4360           0
   15.255     0.0029484     0.0004969           3        4360           0
   15.340     0.0032459     0.0004722           3        4360           0
   15.424     0.0032109     0.0003862           3        4360           0
   15.509     0.0030274     0.0003332           3        4360           0
   15.594     0.0036100     0.0018618           3        4360           0
   15.678     0.0040202     0.0023567           3        4360           0
   15.763     0.0033443     0.0023415           3        4360           0
   15.848     0.0029232     0.0003968           3        4360           0
   15.932     0.0025018     0.0004726           3        4360           0
   16.017     0.0023833     0.0005402           3        4360           0
   16.102     0.0024433     0.0004356           3        4360           0
   16.186     0.0025329     0.0005301           3        4360           0
   16.271     0.0022267     0.0004348           3        4360           0
   16.356     0.0029764     0.0005110           3        4360           0
   16.440     0.0028792     0.0004870           3        4360           0
   16.525     0.0024964     0.0004281           3        4360           0
   16.610     0.0022269     0.0004072           3        4360           0
   16.694     0.0025066     0.0004247           3        4360           0
   16.779     0.0039479     0.0004399           3        4360           0
   16.864     0.0041565     0.0006672           3        4360           0
   16.948     0.0026083     0.0006462           3        4360           0
   17.033     0.0025238     0.0005060           3        4360           0
   17.118     0.0023723     0.0010194           3        4360           0
   17.202     0.0025192     0.0007126           3        4360           0
   17.287     0.0028216     0.0007311           3        4360           0
   17.372     0.0028208     0.0019555           3        4360           0
   17.456     0.0033321     0.0006943           3        4360           0
   17.541     0.0028368     0.0005351           3        4360           0
   17.626     0.0025847     0.0005513           3        4360           0
   17.711     0.0028152     0.0005014           3        4360           0
   17.795     0.0030181     0.0006755           3        4360           0
   17.880     0.0032817     0.0008411           3        4360           0
   17.965     0.0037396     0.0005854           3        4360           0
   18.049     0.0031773     0.0006624           3        4360           0
   18.134     0.0026480     0.0005991           3        4360           0
   18.219     0.0029323     0.0006839           3        4360           0
   18.303     0.0033137     0.0007830           3        4360           0
   18.388     0.0036316     0.0007363           3        4360           0
   18.472     0.0042658     0.0018971           3        4360           0
   18.557     0.0032089     0.0008328           3        4360           0
   18.642     0.0035625     0.0012570           3        4360           0
   18.727     0.0039722     0.0008062           3        4360           0
   18.811     0.0042406     0.0006035           3        4360           0
   18.896     0.0045976     0.0006098           3        4360           0
   18.981     0.0051461     0.0006173           3        4360           0
   19.065     0.0050288     0.0006230           3        4360           0
   19.150     0.0045530     0.0006736           3        4360           0
   19.235     0.0029700     0.0009849           3    19009600           0
   19.404     0.0049859     0.0014296           3    19009600           0
   19.573     0.0038527     0.0013722           3    19009600           0
   19.743     0.0055484     0.0010974           3    19009600           0
   19.912     0.0051157     0.0010991           3    19009600           0
   20.081     0.0043767     0.0041326           3    19009600           0
   20.251     0.0038836     0.0029120           3    19009600           0
   20.420     0.0040514     0.0017478           3    19009600           0
   20.590     0.0038162     0.0012273           3        4360           0
   20.759     0.0043082     0.0014156           3        4360           0
   20.928     0.0044932     0.0018536           3        4360           0
   21.097     0.0033989     0.0020314           3        4360           0
   21.267     0.0047100     0.0007589           4        4360           0
   21.436     0.0058463     0.0007526           4        4360           0
   21.606     0.0071337     0.0008082           4        4360           0
   21.775     0.0044313     0.0006458           4        4360           0
   21.944     0.0094182     0.0007409           4        4360           0
   22.114     0.0046491     0.0008882           4        4360           0
   22.283     0.0040230     0.0005639           4        4360           0
   22.452     0.0037719     0.0006642           4        4360           0
   22.622     0.0045712     0.0007612           4        4360           0
   22.791     0.0039009     0.0006847           4        4360           0
   22.960     0.0037062     0.0015596           4        4360           0
   23.130     0.0045819     0.0008641           4        4360           0
   23.299     0.0045224     0.0005601           4        4360           0
   23.469     0.0049299     0.0005692           4        4360           0
   23.638     0.0049416     0.0005781           4        4360           0
   23.807     0.0051645     0.0005250           4        4360           0
   23.976     0.0053017     0.0004956           4        4360           0
   24.146     0.0049777     0.0005844           4        4360           0
   24.315     0.0043640     0.0005806           4        4360           0
   24.485     0.0053837     0.0005118           4        4360           0
   24.654     0.0050494     0.0005455           4        4360           0
   24.823     0.0048692     0.0006252           4        4360           0
   24.993     0.0050292     0.0007488           4        4360           0
   25.162     0.0057953     0.0022042           4        4360           0
   25.331     0.0056740     0.0006439           4        4360           0
   25.501     0.0052986     0.0006387           4        4360           0
   25.670     0.0057349     0.0007103           4        4360           0
   25.839     0.0057267     0.0036754           4        4360           0
   26.009     0.0063898     0.0009247           4        4360           0
   26.178     0.0062645     0.0004742           4        4360           0
   26.347     0.0059676     0.0004826           4        4360           0
   26.517     0.0066823     0.0005437           4        4360           0
   26.686     0.0067741     0.0005324           4        4360           0
   26.856     0.0066455     0.0005144           4        4360           0
   27.025     0.0067675     0.0004819           4        4360           0
   27.194     0.0075048     0.0005296           4        4360           0
   27.364     0.0075323     0.0003946           4        4360           0
   27.533     0.0074639     0.0005570           4        4360           0
   27.702     0.0075346     0.0005051           4        4360           0
   27.872     0.0072941     0.0006620           4        4360           0
   28.041     0.0070697     0.0007699           4        4360           0
   28.210     0.0067602     0.0007029           4        4360           0
   28.380     0.0073348     0.0007783           4        4360           0
   28.549     0.0074217     0.0006888           4        4360           0
   28.719     0.0075935     0.0006304           4        4360           0
   28.888     0.0083592     0.0006573           4        4360           0
   29.057     0.0078039     0.0006717           4        4360           0
   29.226     0.0084168     0.0008287           4        4360           0
   29.396     0.0087659     0.0009637           4        4360           0
   29.565     0.0083832     0.0009207           4        4360           0
   29.735     0.0082916     0.0007745           4        4360           0
   29.904     0.0086379     0.0007571           4        4360           0
   30.073     0.0087756     0.0008120           4        4360           0
   30.243     0.0076434     0.0007996           4        4360           0
   30.412     0.0085545     0.0007716           4        4360           0
   30.581     0.0077000     0.0008970           4        4360           0
   30.751     0.0088087     0.0010102           4        4360           0
   30.920     0.0086234     0.0008985           4        4360           0
   31.089     0.0076001     0.0024778           4        4360           0
   31.259     0.0091059     0.0010233           4        4360           0
   31.428     0.0085889     0.0007761           4        4360           0
   31.597     0.0084875     0.0007688           4        4360           0
   31.767     0.0093044     0.0007854           4        4360           0
   31.936     0.0095492     0.0007281           4        4360           0
   32.105     0.0090616     0.0009643           4        4360           0
   32.275     0.0096081     0.0011453           4        4360           0
   32.444     0.0089438     0.0012843           4        4360           0
   32.614     0.0094340     0.0013511           4        4360           0
   32.783     0.0090961     0.0012244           4        4360           0
   32.952     0.0084482     0.0013371           4        4360           0
   33.122     0.0096510     0.0020193           4        4360           0
   33.291     0.0107688     0.0019597           4        4360           0
   33.460     0.0100110     0.0015681           4        4360           0
   33.630     0.0097539     0.0014040           4        4360           0
   33.799     0.0115235     0.0013258           4        4360           0
   33.968     0.0108458     0.0017906           4        4360           0
   34.138     0.0121308     0.0022869           4        4360           0
   34.307     0.0123007     0.0022117           4        4360           0
   34.477     0.0105766     0.0020788           4        4360           0
   34.646     0.0101638     0.0019059           4        4360           0
   34.815     0.0105539     0.0022799           4        4360           0
   34.985     0.0128054     0.0023707           4        4360           0
   35.154     0.0100529     0.0025684           4        4360           0
   35.323     0.0067477     0.0065105           4        4360           0
   35.493     0.0127214     0.0032071           4        4360           0
   35.662     0.0130597     0.0030022           4        4360           0
   35.831     0.0091610     0.0026718           4        4360           0
   36.001     0.0095860     0.0026170           4        4360           0
   36.170     0.0134190     0.0028483           4        4360           0
   36.339     0.0115482     0.0037446           4        4360           0
   36.509     0.0067222     0.0031019           4        4360           0
   36.678     0.0120496     0.0044685           4        4360           0
   36.847     0.0132199     0.0047139           4        4360           0
   37.017     0.0087770     0.0062880           4        4360           0
   37.186     0.0130398     0.0052912           4        4360           0
   37.355     0.0065841     0.0050599           4        4360           0
   37.525     0.0101218     0.0047052           4        4360           0
   37.694     0.0142119     0.0051268           4        4360           0
   37.864     0.0160800     0.0062082           4        4360           0
   38.033     0.0075008     0.0071161           4        4360           0
   38.202     0.0071101     0.0079541           4        4360           0
   38.372     0.0201437     0.0108652           4        4360           0
   38.541     0.0255178     0.0142947           4        4360           0
   38.710     0.0250324     0.0161415           4        4360           0
   38.880     0.0181359     0.0255224           4        4360           0
   39.049     0.0244286     0.2932010           4        4360           0
   39.218     0.0189707     0.1181079           4        4360           0
   39.388     0.0129569     0.0138967           4        4360           0
   39.557     0.0097269     0.0115925           4        4360           0
   39.727     0.0211497     0.0105328           4        4360           0
   39.896     0.0095181     0.0103201           4        4488           0
   40.065     0.0037600     0.0094475           4        4488           0
   40.235     0.0034904     0.0039462           4        4488           0
   40.404     0.0009030     0.0015085           4        4488           0
   40.573     0.0002815     0.0007995           4        4488           0
   40.743     0.0006996     0.0004551           4        4508           0
   40.912     0.0000243     0.0002041           4        4488           0
   41.081     0.0001586     0.0001312           4        4488           0
   41.251     0.0005927     0.0002297           4        4488           0
   41.420     0.0001799     0.0002599           4        4488           0
   41.589     0.0003368     0.0003060           4        4488           0
   41.759     0.0006475     0.0003207           4        4488           0
   41.928     0.0003515     0.0008534           4        4508           0
   42.097     0.0000360     0.0006274           4        4508           0
   42.267     0.0010800     0.0013309           4        4488           0
