wave flux error channelflag bitflag stitchflag
    5.127    -0.0003467     0.0030654           1         392           0
    5.157     0.0002118     0.0019210           1         136           0
    5.187     0.0002042     0.0009360           1         136           0
    5.217     0.0003799     0.0005803           1         136           0
    5.247     0.0005955     0.0005377           1         136           0
    5.278     0.0004673     0.0006391           1         136           0
    5.308     0.0001967     0.0005947           1         136           0
    5.338     0.0004757     0.0005569           1         392           0
    5.368     0.0001443     0.0005471           1         392           0
    5.399     0.0001916     0.0005687           1       16776           0
    5.429     0.0004418     0.0005728           1       16796           0
    5.459     0.0001428     0.0004792           1       16796           0
    5.489     0.0002309     0.0004872           1         392           0
    5.520     0.0004035     0.0004855           1         392           0
    5.550    -0.0000634     0.0005044           1         392           0
    5.580     0.0004966     0.0005218           1         392           0
    5.610     0.0004810     0.0004785           1         392           0
    5.641     0.0006647     0.0004905           1        8468           0
    5.671     0.0004555     0.0004842           1        8468           0
    5.701     0.0003712     0.0004861           1         392           0
    5.731     0.0006464     0.0004691           1         392           0
    5.762     0.0003683     0.0004664           1         412           0
    5.792     0.0001507     0.0005047           1         412           0
    5.822     0.0002139     0.0004771           1         392           0
    5.852     0.0003238     0.0004672           1         392           0
    5.883     0.0002630     0.0005495           1         392           0
    5.913     0.0009487     0.0005215           1         136           0
    5.943     0.0006750     0.0004944           1         136           0
    5.973     0.0006292     0.0005102           1         136           0
    6.004     0.0004574     0.0005094           1         136           0
    6.034     0.0004575     0.0004910           1         136           0
    6.064     0.0008765     0.0005075           1         392           0
    6.094     0.0017226     0.0004757           1         392           0
    6.125     0.0013905     0.0004082           1         392           0
    6.155     0.0011893     0.0004330           1         392           0
    6.185     0.0012847     0.0004229           1         392           0
    6.215     0.0014297     0.0004017           1         392           0
    6.245     0.0012489     0.0004062           1         392           0
    6.276     0.0007498     0.0005054           1         392           0
    6.306     0.0013995     0.0004588           1         392           0
    6.336     0.0013060     0.0004595           1         392           0
    6.366     0.0009171     0.0004972           1         392           0
    6.397     0.0011868     0.0004796           1         392           0
    6.427     0.0013432     0.0004817           1         392           0
    6.457     0.0018709     0.0004798           1         392           0
    6.487     0.0022215     0.0005137           1         392           0
    6.518     0.0017429     0.0005029           1         392           0
    6.548     0.0019701     0.0005454           1         392           0
    6.578     0.0028854     0.0005971           1         392           0
    6.608     0.0040413     0.0005879           1         392           0
    6.639     0.0067917     0.0006049           1         136           0
    6.669     0.0088755     0.0005344           1         136           0
    6.699     0.0086126     0.0005336           1         136           0
    6.729     0.0079100     0.0006120           1         136           0
    6.760     0.0064293     0.0006526           1         136           0
    6.790     0.0054712     0.0006919           1         392           0
    6.820     0.0040773     0.0006622           1         392           0
    6.850     0.0039139     0.0006161           1         392           0
    6.881     0.0030808     0.0006920           1         392           0
    6.911     0.0032213     0.0007621           1         392           0
    6.941     0.0029439     0.0007296           1         392           0
    6.971     0.0020403     0.0007002           1         392           0
    7.002     0.0030002     0.0006892           1         392           0
    7.032     0.0019793     0.0008790           1         392           0
    7.062     0.0026139     0.0007656           1         392           0
    7.092     0.0028008     0.0007135           1         392           0
    7.122     0.0027883     0.0007421           1         392           0
    7.153     0.0029356     0.0007135           1         392           0
    7.183     0.0026507     0.0006836           1         392           0
    7.213     0.0023378     0.0007442           1         392           0
    7.243     0.0029894     0.0008026           1         392           0
    7.274     0.0029969     0.0007711           1         392           0
    7.304     0.0022057     0.0009427           1         392           0
    7.334     0.0036243     0.0009868           1       53312           0
    7.395     0.0030579     0.0011924           1       18496           0
    7.455     0.0035174     0.0009916           1       18496           0
    7.516     0.0038101     0.0009754           1       53312           0
    7.576     0.0039810     0.0011832           1      153664           0
    7.637     0.0035040     0.0004795           1         392           0
    7.697     0.0034488     0.0005077           1         392           0
    7.758     0.0026019     0.0005623           1         392           0
    7.818     0.0029794     0.0005426           1         392           0
    7.879     0.0035586     0.0005850           1         392           0
    7.939     0.0044678     0.0004289           1         392           0
    8.000     0.0052389     0.0005327           1         392           0
    8.060     0.0067288     0.0004738           1         392           0
    8.120     0.0079398     0.0004562           1         392           0
    8.181     0.0091957     0.0003724           1         392           0
    8.241     0.0086800     0.0004128           1         392           0
    8.302     0.0081692     0.0004821           1         392           0
    8.362     0.0075130     0.0001930           2       16796           0
    8.423     0.0076080     0.0001940           2       16796           0
    8.483     0.0072110     0.0001920           2       16792           0
    8.544     0.0064810     0.0001900           2       16776           0
    8.604     0.0057170     0.0002040           2         392           0
    8.665     0.0051110     0.0001810           2         392           0
    8.725     0.0044950     0.0001830           2         392           0
    8.786     0.0044950     0.0001700           2         392           0
    8.846     0.0045520     0.0001950           2         392           0
    8.907     0.0044180     0.0001960           2         392           0
    8.967     0.0034817     0.0003263           2         392           0
    9.028     0.0037561     0.0003176           2         136           0
    9.088     0.0049470     0.0002370           2         136           0
    9.149     0.0059620     0.0002200           2         136           0
    9.209     0.0062510     0.0002160           2         136           0
    9.270     0.0055490     0.0001970           2         136           0
    9.330     0.0057920     0.0002050           2         136           0
    9.391     0.0053120     0.0001950           2         392           0
    9.451     0.0034757     0.0002981           2         392           0
    9.512     0.0032220     0.0001920           2         392           0
    9.572     0.0032500     0.0003475           2         392           0
    9.633     0.0033681     0.0002588           2         392           0
    9.693     0.0032550     0.0002497           2         392           0
    9.754     0.0021875     0.0003135           2       16796           0
    9.814     0.0019673     0.0002724           2       16796           0
    9.875     0.0018760     0.0002758           2         392           0
    9.935     0.0018751     0.0002948           2         392           0
    9.995     0.0017125     0.0002808           2         392           0
   10.056     0.0020341     0.0002913           2         392           0
   10.116     0.0020345     0.0002791           2         392           0
   10.177     0.0021079     0.0002680           2         392           0
   10.237     0.0018676     0.0002263           2         392           0
   10.298     0.0021623     0.0002708           2         392           0
   10.358     0.0021676     0.0002698           2         392           0
   10.419     0.0019538     0.0002616           2         392           0
   10.479     0.0020421     0.0002761           2         392           0
   10.540     0.0018507     0.0002800           2         392           0
   10.600     0.0017761     0.0002777           2         392           0
   10.661     0.0017904     0.0002789           2         392           0
   10.721     0.0019230     0.0003004           2         392           0
   10.782     0.0019779     0.0002925           2         392           0
   10.842     0.0018071     0.0002871           2         392           0
   10.903     0.0019398     0.0003113           2         392           0
   10.963     0.0021736     0.0003272           2         392           0
   11.024     0.0021055     0.0003227           2         392           0
   11.084     0.0020895     0.0003468           2         392           0
   11.145     0.0022610     0.0003265           2         392           0
   11.205     0.0023330     0.0003680           2         392           0
   11.266     0.0028978     0.0003925           2         392           0
   11.326     0.0030837     0.0002912           2         392           0
   11.387     0.0028529     0.0003967           2         412           0
   11.447     0.0027940     0.0003764           2         412           0
   11.508     0.0027756     0.0004008           2         392           0
   11.568     0.0033460     0.0003149           2         392           0
   11.628     0.0030012     0.0004353           2         392           0
   11.689     0.0029378     0.0004240           2         392           0
   11.750     0.0034126     0.0003999           2         392           0
   11.810     0.0043873     0.0004261           2         392           0
   11.870     0.0050468     0.0004220           2         392           0
   11.931     0.0053047     0.0003161           2         392           0
   11.991     0.0077044     0.0003374           2         392           0
   12.052     0.0113258     0.0003127           2         392           0
   12.112     0.0139940     0.0002050           2         392           0
   12.173     0.0121810     0.0002250           2         392           0
   12.233     0.0095838     0.0004212           2         392           0
   12.294     0.0084383     0.0003154           2         392           0
   12.354     0.0071490     0.0004164           2         392           0
   12.415     0.0056840     0.0003985           2         392           0
   12.475     0.0054915     0.0003972           2         392           0
   12.536     0.0048885     0.0004107           2         392           0
   12.596     0.0044663     0.0002970           2         392           0
   12.657     0.0048907     0.0003913           2         392           0
   12.717     0.0048030     0.0003557           2         392           0
   12.778     0.0047347     0.0002900           2         392           0
   12.838     0.0051020     0.0002843           2         392           0
   12.899     0.0055960     0.0003984           2         392           0
   12.959     0.0057901     0.0004111           2         392           0
   13.020     0.0056276     0.0004398           2         392           0
   13.080     0.0052729     0.0004405           2         392           0
   13.141     0.0055487     0.0004204           2         392           0
   13.201     0.0059418     0.0004589           2         392           0
   13.262     0.0058959     0.0004538           2         392           0
   13.322     0.0061870     0.0004569           2         392           0
   13.383     0.0064340     0.0004780           2         392           0
   13.443     0.0069862     0.0005019           2         392           0
   13.503     0.0067274     0.0004188           2         392           0
   13.564     0.0082970     0.0005123           2         392           0
   13.625     0.0081477     0.0005327           2         392           0
   13.685     0.0089195     0.0005556           2         392           0
   13.745     0.0107084     0.0005720           2         392           0
   13.806     0.0112434     0.0005770           2         392           0
   13.866     0.0073290     0.0003630           2         392           0
   13.927     0.0056941     0.0005900           2         392           0
   13.987     0.0051513     0.0006104           2         392           0
   14.069     0.0075705     0.0006887           3        4360           0
   14.154     0.0082784     0.0009621           3        4360           0
   14.239     0.0077925     0.0006238           3        4360           0
   14.323     0.0073926     0.0005965           3        4360           0
   14.408     0.0068054     0.0005601           3        4360           0
   14.493     0.0071330     0.0005317           3        4360           0
   14.577     0.0076595     0.0005774           3        4360           0
   14.662     0.0069016     0.0006584           3        4360           0
   14.747     0.0063228     0.0006679           3        4360           0
   14.832     0.0064730     0.0006336           3        4360           0
   14.916     0.0061978     0.0008429           3        4360           0
   15.001     0.0060595     0.0006757           3        4360           0
   15.085     0.0066383     0.0006023           3        4360           0
   15.170     0.0063713     0.0006271           3        4360           0
   15.255     0.0063477     0.0006811           3        4360           0
   15.340     0.0059015     0.0006200           3        4360           0
   15.424     0.0060312     0.0004390           3        4360           0
   15.509     0.0060769     0.0004209           3        4360           0
   15.594     0.0057302     0.0005264           3        4360           0
   15.678     0.0056192     0.0005923           3        4360           0
   15.763     0.0054410     0.0006309           3        4360           0
   15.848     0.0056008     0.0006261           3        4360           0
   15.932     0.0069425     0.0006513           3        4360           0
   16.017     0.0048955     0.0007573           3        4360           0
   16.102     0.0046577     0.0008220           3        4360           0
   16.186     0.0051596     0.0007577           3        4360           0
   16.271     0.0050129     0.0007389           3        4360           0
   16.356     0.0059999     0.0006921           3        4360           0
   16.440     0.0059336     0.0007047           3        4360           0
   16.525     0.0064404     0.0006058           3        4360           0
   16.610     0.0065253     0.0004674           3        4360           0
   16.694     0.0088180     0.0004928           3        4360           0
   16.779     0.0109108     0.0006788           3        4360           0
   16.864     0.0088259     0.0008878           3        4360           0
   16.948     0.0065837     0.0009358           3        4360           0
   17.033     0.0066721     0.0011041           3        4360           0
   17.118     0.0066951     0.0065122           3        4360           0
   17.202     0.0073788     0.0010988           3        4360           0
   17.287     0.0069800     0.0008776           3        4360           0
   17.372     0.0065560     0.0009040           3        4360           0
   17.456     0.0067071     0.0008878           3        4360           0
   17.541     0.0090177     0.0006918           3        4360           0
   17.626     0.0109430     0.0009390           3        4360           0
   17.711     0.0114299     0.0008921           3        4360           0
   17.795     0.0112454     0.0007535           3        4360           0
   17.880     0.0105826     0.0007421           3        4360           0
   17.965     0.0100303     0.0019863           3        4360           0
   18.049     0.0102982     0.0030080           3        4360           0
   18.134     0.0116898     0.0008219           3        4360           0
   18.219     0.0110049     0.0008822           3        4360           0
   18.303     0.0138338     0.0008687           3        4360           0
   18.388     0.0134248     0.0010792           3        4360           0
   18.472     0.0112363     0.0009721           3        4360           0
   18.557     0.0108698     0.0011183           3        4360           0
   18.642     0.0122233     0.0009282           3        4360           0
   18.727     0.0117553     0.0008006           3        4360           0
   18.811     0.0105012     0.0008870           3        4360           0
   18.896     0.0099029     0.0009083           3        4360           0
   18.981     0.0094450     0.0008251           3        4360           0
   19.065     0.0095611     0.0008701           3        4360           0
   19.150     0.0114263     0.0008727           3        4360           0
   19.235     0.0062807     0.0013498           3    19009600           0
   19.404     0.0089266     0.0022575           3    19009600           0
   19.573     0.0097405     0.0017231           3    19009600           0
   19.743     0.0079440     0.0014948           3    19009600           0
   19.912     0.0093036     0.0015447           3    19009600           0
   20.081     0.0111703     0.0201201           3        4360           0
   20.251     0.0141436     0.0156890           3        4360           0
   20.420     0.0110755     0.0020455           3        4360           0
   20.590     0.0098983     0.0017420           3        4360           0
   20.759     0.0096621     0.0027797           3        4360           0
   20.928     0.0089911     0.0096904           3        4360           0
   21.097     0.0094293     0.0009017           4        4360           0
   21.267     0.0111938     0.0010221           4        4360           0
   21.436     0.0102613     0.0010844           4        4360           0
   21.606     0.0099349     0.0011314           4        4360           0
   21.775     0.0106005     0.0011032           4        4360           0
   21.944     0.0114308     0.0011628           4        4360           0
   22.114     0.0095665     0.0013244           4        4360           0
   22.283     0.0110600     0.0007261           4        4360           0
   22.452     0.0102198     0.0009701           4        4360           0
   22.622     0.0107843     0.0010022           4        4360           0
   22.791     0.0117601     0.0006447           4        4360           0
   22.960     0.0114178     0.0005994           4        4360           0
   23.130     0.0117152     0.0007231           4        4360           0
   23.299     0.0115524     0.0007362           4        4360           0
   23.469     0.0121619     0.0007110           4        4360           0
   23.638     0.0126618     0.0007132           4        4360           0
   23.807     0.0127698     0.0006664           4        4360           0
   23.976     0.0131295     0.0006916           4        4360           0
   24.146     0.0135268     0.0008302           4        4360           0
   24.315     0.0149567     0.0005852           4        4360           0
   24.485     0.0141682     0.0008033           4        4360           0
   24.654     0.0140348     0.0007989           4        4360           0
   24.823     0.0151342     0.0008861           4        4360           0
   24.993     0.0148084     0.0012112           4        4360           0
   25.162     0.0163359     0.0007402           4        4360           0
   25.331     0.0156108     0.0012982           4        4360           0
   25.501     0.0154848     0.0027443           4        4360           0
   25.670     0.0168023     0.0057624           4        4360           0
   25.839     0.0147932     0.0035201           4        4360           0
   26.009     0.0153011     0.0011301           4        4360           0
   26.178     0.0155152     0.0055449           4        4360           0
   26.347     0.0155494     0.0016341           4        4360           0
   26.517     0.0158553     0.0006816           4        4360           0
   26.686     0.0154080     0.0008495           4        4360           0
   26.856     0.0153286     0.0008061           4        4360           0
   27.025     0.0168390     0.0007323           4        4360           0
   27.194     0.0187512     0.0006725           4        4360           0
   27.364     0.0182665     0.0005959           4        4360           0
   27.533     0.0177494     0.0007518           4        4360           0
   27.702     0.0191926     0.0008679           4        4360           0
   27.872     0.0197711     0.0012016           4        4360           0
   28.041     0.0202512     0.0010838           4        4360           0
   28.210     0.0193477     0.0011942           4        4360           0
   28.380     0.0197406     0.0010615           4        4360           0
   28.549     0.0196868     0.0009090           4        4360           0
   28.719     0.0196433     0.0008637           4        4360           0
   28.888     0.0202016     0.0008800           4        4360           0
   29.057     0.0210168     0.0013699           4        4360           0
   29.226     0.0207846     0.0021865           4        4360           0
   29.396     0.0202142     0.0051337           4        4360           0
   29.565     0.0210358     0.0039806           4        4360           0
   29.735     0.0218778     0.0008686           4        4360           0
   29.904     0.0206644     0.0010051           4        4360           0
   30.073     0.0221207     0.0010673           4        4360           0
   30.243     0.0233315     0.0013874           4        4360           0
   30.412     0.0244560     0.0031635           4        4360           0
   30.581     0.0227867     0.0016459           4        4360           0
   30.751     0.0224751     0.0013737           4        4360           0
   30.920     0.0238570     0.0013258           4        4360           0
   31.089     0.0230318     0.0011120           4        4360           0
   31.259     0.0230778     0.0012140           4        4360           0
   31.428     0.0248903     0.0010478           4        4360           0
   31.597     0.0264678     0.0042805           4        4360           0
   31.767     0.0264485     0.0041903           4        4360           0
   31.936     0.0255836     0.0011774           4        4360           0
   32.105     0.0271765     0.0013695           4        4360           0
   32.275     0.0292596     0.0014799           4        4360           0
   32.444     0.0272641     0.0018278           4        4360           0
   32.614     0.0261819     0.0035539           4        4360           0
   32.783     0.0272372     0.0023379           4        4360           0
   32.952     0.0283368     0.0025656           4        4360           0
   33.122     0.0274290     0.0023586           4        4360           0
   33.291     0.0272206     0.0025467           4        4360           0
   33.460     0.0281089     0.0020755           4        4360           0
   33.630     0.0291629     0.0020027           4        4360           0
   33.799     0.0305988     0.0022565           4        4360           0
   33.968     0.0304715     0.0081593           4        4360           0
   34.138     0.0311362     0.0094247           4        4360           0
   34.307     0.0299940     0.0031890           4        4360           0
   34.477     0.0290546     0.0028177           4        4360           0
   34.646     0.0317490     0.0028507           4        4360           0
   34.815     0.0316398     0.0057513           4        4360           0
   34.985     0.0303829     0.0275240           4        4360           0
   35.154     0.0341792     0.0097620           4        4360           0
   35.323     0.0347653     0.0063834           4        4360           0
   35.493     0.0315877     0.0032341           4        4360           0
   35.662     0.0302611     0.0034385           4        4360           0
   35.831     0.0344888     0.0030729           4        4360           0
   36.001     0.0453775     0.0038818           4        4360           0
   36.170     0.0495118     0.0064421           4        4360           0
   36.339     0.0491860     0.0077302           4        4360           0
   36.509     0.0384644     0.0069761           4        4360           0
   36.678     0.0342523     0.0082791           4        4360           0
   36.847     0.0348230     0.0066759           4        4360           0
   37.017     0.0335274     0.0071847           4        4360           0
   37.186     0.0300322     0.0094654           4        4360           0
   37.355     0.0347502     0.0058648           4        4360           0
   37.525     0.0728660     0.0035640           4        4360           0
   37.694     0.0664889     0.0117119           4        4360           0
   37.864     0.0584395     0.0223762           4        4360           0
   38.033     0.0509152     0.0642894           4        4360           0
   38.202     0.0538114     0.0892021           4        4360           0
   38.372     0.0472317     0.0185653           4        4360           0
   38.541     0.0361702     0.0377608           4        4360           0
   38.710     0.0375875     0.0234500           4        4360           0
   38.880     0.0412846     0.0622597           4        4360           0
   39.049     0.0192500     0.3103788           4        4360           0
   39.218     0.0320495     0.1237485           4        4360           0
   39.388     0.0385123     0.0240120           4        4360           0
   39.557     0.0361334     0.0127514           4        4360           0
   39.727     0.0326498     0.0713677           4        4360           0
   39.896     0.0133225     0.0468654           4        4488           0
   40.065     0.0045322     0.0107855           4        4488           0
   40.235     0.0018992     0.0045701           4        4488           0
   40.404    -0.0008647     0.0031322           4        4488           0
   40.573    -0.0006389     0.0013579           4        4488           0
   40.743     0.0030210     0.0004830           4        4508           0
   40.912    -0.0000409     0.0002018           4        4488           0
   41.081     0.0000046     0.0001585           4        4488           0
   41.251     0.0001371     0.0001610           4        4488           0
   41.420     0.0002561     0.0004972           4        4488           0
   41.589     0.0027200     0.0002200           4        4488           0
   41.759     0.0066230     0.0002890           4        4488           0
   41.928     0.0005930     0.0011404           4        4508           0
   42.097    -0.0004724     0.0006605           4        4508           0
   42.267     0.0028098     0.0010192           4        4488           0
