wave flux error channelflag bitflag stitchflag
    5.127     0.0078430     0.0223448           1         392           0
    5.157     0.0072784     0.0169941           1         136           0
    5.187     0.0064421     0.0068184           1         136           0
    5.217     0.0037918     0.0044430           1         136           0
    5.247     0.0043992     0.0051064           1         136           0
    5.278     0.0026895     0.0044745           1         136           0
    5.308     0.0022486     0.0039353           1         136           0
    5.338     0.0019048     0.0048518           1         392           0
    5.368     0.0070879     0.0045612           1         392           0
    5.399     0.0079914     0.0043421           1       16776           0
    5.429     0.0116543     0.0036873           1       16796           0
    5.459     0.0073494     0.0038487           1       16796           0
    5.489     0.0064429     0.0038427           1         392           0
    5.520     0.0051058     0.0032050           1         392           0
    5.550     0.0038818     0.0034094           1         392           0
    5.580     0.0039623     0.0033088           1         392           0
    5.610     0.0013113     0.0033806           1         392           0
    5.641     0.0033865     0.0032680           1        8468           0
    5.671     0.0018484     0.0030153           1        8468           0
    5.701     0.0025690     0.0028685           1         392           0
    5.731     0.0050224     0.0035338           1         392           0
    5.762     0.0053247     0.0029932           1         412           0
    5.792     0.0048560     0.0033914           1         412           0
    5.822     0.0069888     0.0031637           1         392           0
    5.852     0.0075197     0.0033045           1         392           0
    5.883     0.0074805     0.0034950           1         392           0
    5.913     0.0057270     0.0031895           1         136           0
    5.943     0.0041558     0.0031866           1         136           0
    5.973     0.0059502     0.0031440           1         136           0
    6.004     0.0012473     0.0033935           1         136           0
    6.034     0.0020862     0.0031107           1         136           0
    6.064     0.0119550     0.0023704           1         392           0
    6.094     0.0042187     0.0030703           1         392           0
    6.125     0.0058285     0.0030610           1         392           0
    6.155     0.0065717     0.0031417           1         392           0
    6.185     0.0026210     0.0025556           1         392           0
    6.215     0.0050969     0.0026885           1         392           0
    6.245     0.0061579     0.0033057           1         392           0
    6.276     0.0059755     0.0033086           1         392           0
    6.306     0.0049560     0.0034611           1         392           0
    6.336     0.0019277     0.0039598           1         392           0
    6.366     0.0041524     0.0042514           1         392           0
    6.397     0.0010918     0.0042007           1         392           0
    6.427     0.0002705     0.0041238           1         392           0
    6.457     0.0011747     0.0039472           1         392           0
    6.487    -0.0017233     0.0035204           1         392           0
    6.518    -0.0014469     0.0040256           1         392           0
    6.548    -0.0027671     0.0045071           1         392           0
    6.578     0.0007364     0.0054521           1         392           0
    6.608    -0.0028747     0.0050808           1         392           0
    6.639    -0.0000212     0.0055547           1         136           0
    6.669    -0.0006256     0.0053454           1         136           0
    6.699     0.0012535     0.0052342           1         136           0
    6.729    -0.0020907     0.0052968           1         136           0
    6.760    -0.0066741     0.0054978           1         136           0
    6.790    -0.0054867     0.0042928           1         392           0
    6.820    -0.0032998     0.0061639           1         392           0
    6.850    -0.0068198     0.0046736           1         392           0
    6.881    -0.0033883     0.0055341           1         392           0
    6.911    -0.0014720     0.0053499           1         392           0
    6.941    -0.0039029     0.0053438           1         392           0
    6.971    -0.0053988     0.0063995           1         392           0
    7.002    -0.0070419     0.0052341           1         392           0
    7.032    -0.0123044     0.0050581           1         392           0
    7.062    -0.0098987     0.0052982           1         392           0
    7.092    -0.0068804     0.0050983           1         392           0
    7.122     0.0019246     0.0048604           1         392           0
    7.153    -0.0058523     0.0049519           1         392           0
    7.183    -0.0090414     0.0051423           1         392           0
    7.213    -0.0114372     0.0050306           1         392           0
    7.243    -0.0094737     0.0054832           1         392           0
    7.274    -0.0057083     0.0057139           1         392           0
    7.304    -0.0023559     0.0057722           1         392           0
    7.334    -0.0162040     0.0073703           1       53312           0
    7.395     0.0045804     0.0083690           1       18496           0
    7.455     0.0037184     0.0068000           1       18496           0
    7.516     0.0027886     0.0067552           1       53312           0
    7.576     0.0016258     0.0083095           1      153664           0
    7.637     0.0018390     0.0039833           1         392           0
    7.697     0.0013337     0.0036680           1         392           0
    7.758     0.0012429     0.0046315           1         392           0
    7.818     0.0009908     0.0044898           1         392           0
    7.879     0.0019862     0.0047043           1         392           0
    7.939     0.0046687     0.0046638           1         392           0
    8.000     0.0033948     0.0042059           1         392           0
    8.060     0.0039892     0.0040022           1         392           0
    8.120     0.0029633     0.0039681           1         392           0
    8.181     0.0010872     0.0038909           1         392           0
    8.241     0.0024205     0.0041867           1         392           0
    8.302     0.0043161     0.0042049           1         392           0
    8.362     0.0021077     0.0024959           2       16796           0
    8.423     0.0024341     0.0022707           2       16796           0
    8.483    -0.0008670     0.0025847           2       16792           0
    8.544     0.0010111     0.0028171           2       16776           0
    8.604     0.0027382     0.0025776           2         392           0
    8.665     0.0021265     0.0027671           2         392           0
    8.725     0.0046998     0.0024448           2         392           0
    8.786     0.0023856     0.0022110           2         392           0
    8.846     0.0013070     0.0023414           2         392           0
    8.907     0.0018232     0.0025290           2         392           0
    8.967     0.0021206     0.0026159           2         392           0
    9.028     0.0029931     0.0029858           2         136           0
    9.088     0.0016154     0.0026531           2         136           0
    9.149     0.0020971     0.0027435           2         136           0
    9.209    -0.0011866     0.0023623           2         136           0
    9.270     0.0013205     0.0028308           2         136           0
    9.330     0.0000830     0.0026480           2         136           0
    9.391     0.0003990     0.0024431           2         392           0
    9.451    -0.0015708     0.0022335           2         392           0
    9.512    -0.0015110     0.0023309           2         392           0
    9.572    -0.0003162     0.0023404           2         392           0
    9.633    -0.0004502     0.0022883           2         392           0
    9.693    -0.0003102     0.0020053           2         392           0
    9.754     0.0018749     0.0017664           2       16796           0
    9.814     0.0005767     0.0021283           2       16796           0
    9.875     0.0013358     0.0021133           2         392           0
    9.935     0.0011401     0.0021029           2         392           0
    9.995     0.0012044     0.0020166           2         392           0
   10.056     0.0010151     0.0020326           2         392           0
   10.116     0.0018838     0.0019962           2         392           0
   10.177     0.0014515     0.0020499           2         392           0
   10.237     0.0008987     0.0019821           2         392           0
   10.298     0.0003961     0.0019372           2         392           0
   10.358    -0.0001945     0.0019774           2         392           0
   10.419    -0.0003243     0.0019694           2         392           0
   10.479    -0.0006460     0.0021706           2         392           0
   10.540    -0.0003359     0.0022848           2         392           0
   10.600     0.0006413     0.0021370           2         392           0
   10.661     0.0026237     0.0023143           2         392           0
   10.721     0.0016877     0.0022764           2         392           0
   10.782     0.0019746     0.0022375           2         392           0
   10.842     0.0018344     0.0021836           2         392           0
   10.903     0.0003205     0.0025762           2         392           0
   10.963     0.0017626     0.0024895           2         392           0
   11.024     0.0024732     0.0027050           2         392           0
   11.084     0.0012692     0.0025314           2         392           0
   11.145     0.0019088     0.0022275           2         392           0
   11.205     0.0011024     0.0023551           2         392           0
   11.266     0.0046676     0.0032232           2         392           0
   11.326     0.0057731     0.0028581           2         392           0
   11.387     0.0064853     0.0025684           2         412           0
   11.447     0.0034242     0.0029478           2         412           0
   11.508     0.0024004     0.0029661           2         392           0
   11.568     0.0023608     0.0026838           2         392           0
   11.628     0.0038771     0.0028473           2         392           0
   11.689     0.0049256     0.0028588           2         392           0
   11.750     0.0044684     0.0030402           2         392           0
   11.810     0.0051065     0.0030286           2         392           0
   11.870     0.0041474     0.0028700           2         392           0
   11.931     0.0037834     0.0027165           2         392           0
   11.991     0.0034154     0.0030555           2         392           0
   12.052     0.0024333     0.0032320           2         392           0
   12.112     0.0026326     0.0031030           2         392           0
   12.173     0.0053070     0.0033212           2         392           0
   12.233     0.0042090     0.0023973           2         392           0
   12.294     0.0014006     0.0029267           2         392           0
   12.354     0.0002993     0.0029097           2         392           0
   12.415    -0.0012250     0.0027327           2         392           0
   12.475    -0.0008958     0.0026659           2         392           0
   12.536     0.0008346     0.0032461           2         392           0
   12.596     0.0007293     0.0032158           2         392           0
   12.657     0.0009474     0.0028814           2         392           0
   12.717     0.0009667     0.0029585           2         392           0
   12.778     0.0035855     0.0026499           2         392           0
   12.838     0.0027346     0.0030145           2         392           0
   12.899     0.0041428     0.0032069           2         392           0
   12.959     0.0029441     0.0035709           2         392           0
   13.020     0.0024007     0.0034910           2         392           0
   13.080     0.0009870     0.0039827           2         392           0
   13.141     0.0015690     0.0034965           2         392           0
   13.201     0.0022786     0.0036049           2         392           0
   13.262     0.0031507     0.0040450           2         392           0
   13.322     0.0028263     0.0035912           2         392           0
   13.383    -0.0021582     0.0039193           2         392           0
   13.443    -0.0010805     0.0035584           2         392           0
   13.503    -0.0010346     0.0045505           2         392           0
   13.564    -0.0016229     0.0043027           2         392           0
   13.625    -0.0031840     0.0043914           2         392           0
   13.685    -0.0005085     0.0044269           2         392           0
   13.745    -0.0008659     0.0046774           2         392           0
   13.806    -0.0026915     0.0043549           2         392           0
   13.866    -0.0044101     0.0043738           2         392           0
   13.927    -0.0041901     0.0047414           2         392           0
   13.987    -0.0058431     0.0028831           2         392           0
   14.048    -0.0012621     0.0038226           2         392           0
   14.108    -0.0075751     0.0045234           2         392           0
   14.169    -0.0066732     0.0050555           2         392           0
   14.229    -0.0116577     0.0041040           2         392           0
   14.290     0.0005501     0.0043884           2         392           0
   14.350    -0.0114022     0.0042202           2         392           0
   14.411    -0.0003847     0.0020010           2         392           0
   14.471     0.0000267     0.0011492           2         392           0
   14.532     0.0014133     0.0012778           2         392           0
   14.577    -0.0005033     0.0026589           3        4360           0
   14.662    -0.0024560     0.0020349           3        4360           0
   14.747    -0.0005265     0.0049390           3        4360           0
   14.832    -0.0003164     0.0013239           3        4360           0
   14.916    -0.0004674     0.0008034           3        4360           0
   15.001    -0.0003677     0.0010650           3        4360           0
   15.085    -0.0007731     0.0023773           3        4360           0
   15.170     0.0002266     0.0023179           3        4360           0
   15.255    -0.0005744     0.0008762           3        4360           0
   15.340    -0.0002972     0.0015686           3        4360           0
   15.424    -0.0012590     0.0002720           3        4360           0
   15.509    -0.0013753     0.0013522           3        4360           0
   15.594    -0.0003563     0.0014852           3        4360           0
   15.678     0.0002334     0.0018177           3        4360           0
   15.763     0.0000177     0.0018264           3        4360           0
   15.848     0.0001412     0.0026754           3        4360           0
   15.932    -0.0010016     0.0014538           3        4360           0
   16.017    -0.0015850     0.0040690           3        4360           0
   16.102    -0.0004653     0.0031518           3        4360           0
   16.186    -0.0010009     0.0051802           3        4360           0
   16.271    -0.0011191     0.0037190           3        4360           0
   16.356    -0.0006627     0.0027740           3        4360           0
   16.440    -0.0013917     0.0031644           3        4360           0
   16.525    -0.0007260     0.0018295           3        4360           0
   16.610    -0.0018000     0.0016118           3        4360           0
   16.694    -0.0015699     0.0014829           3        4360           0
   16.779    -0.0019338     0.0010460           3        4360           0
   16.864    -0.0019357     0.0025131           3        4360           0
   16.948     0.0010687     0.0060447           3        4360           0
   17.033     0.0010015     0.0060468           3        4360           0
   17.118     0.0009569     0.0034033           3        4360           0
   17.202     0.0023481     0.0013896           3        4360           0
   17.287    -0.0018524     0.0016262           3        4360           0
   17.372    -0.0003546     0.0008967           3        4360           0
   17.456    -0.0005704     0.0028355           3        4360           0
   17.541     0.0006579     0.0038093           3        4360           0
   17.626    -0.0004305     0.0030718           3        4360           0
   17.711    -0.0005769     0.0025514           3        4360           0
   17.795    -0.0002874     0.0021056           3        4360           0
   17.880    -0.0005362     0.0016687           3        4360           0
   17.965    -0.0008155     0.0010230           3        4360           0
   18.049    -0.0002027     0.0028647           3        4360           0
   18.134     0.0005409     0.0065243           3        4360           0
   18.219     0.0005213     0.0038440           3        4360           0
   18.303    -0.0024655     0.0039792           3        4360           0
   18.388     0.0087562     0.0063158           3        4360           0
   18.472    -0.0000773     0.0013903           3        4360           0
   18.557    -0.0020580     0.0015111           3        4360           0
   18.642    -0.0005652     0.0038958           3        4360           0
   18.727     0.0010040     0.0008918           3        4360           0
   18.811     0.0018968     0.0025750           3        4360           0
   18.896     0.0009544     0.0020903           3        4360           0
   18.981     0.0018346     0.0019984           3        4360           0
   19.065     0.0001375     0.0038412           3        4360           0
   19.150     0.0013130     0.0028059           3        4360           0
   19.235    -0.0009547     0.0223334           3    19009600           0
   19.404    -0.0016182     0.0744812           3    19009600           0
   19.573    -0.0006027     0.0033004           3    19009600           0
   19.743     0.0001858     0.0050392           3    19009600           0
   19.912     0.0002213     0.0028603           3    19009600           0
   20.081     0.0010497     0.0069581           3        4360           0
   20.251    -0.0001493     0.0053260           3        4360           0
   20.420    -0.0000057     0.0060729           3        4360           0
   20.590    -0.0006364     0.0064308           3        4360           0
   20.759    -0.0022455     0.0102299           3        4360           0
   20.928    -0.0000855     0.0043426           3        4360           0
   21.097     0.0005131     0.0020161           4        4360           0
   21.267     0.0002770     0.0019230           4        4360           0
   21.436    -0.0000401     0.0027955           4        4360           0
   21.606    -0.0000744     0.0015294           4        4360           0
   21.775    -0.0012086     0.0047447           4        4360           0
   21.944     0.0000163     0.0023825           4        4360           0
   22.114    -0.0005757     0.0049430           4        4360           0
   22.283    -0.0001843     0.0036939           4        4360           0
   22.452    -0.0008682     0.0048435           4        4360           0
   22.622    -0.0008758     0.0029695           4        4360           0
   22.791    -0.0003402     0.0013338           4        4360           0
   22.960     0.0008103     0.0033563           4        4360           0
   23.130     0.0020078     0.0056069           4        4360           0
   23.299     0.0021031     0.0047715           4        4360           0
   23.469     0.0017946     0.0027515           4        4360           0
   23.638    -0.0000549     0.0037327           4        4360           0
   23.807     0.0002937     0.0033071           4        4360           0
   23.976    -0.0009881     0.0041186           4        4360           0
   24.146    -0.0006297     0.0050139           4        4360           0
   24.315    -0.0000895     0.0027770           4        4360           0
   24.485    -0.0003144     0.0008400           4        4360           0
   24.654    -0.0000904     0.0006749           4        4360           0
   24.823     0.0006648     0.0027463           4        4360           0
   24.993     0.0018696     0.0036860           4        4360           0
   25.162     0.0011474     0.0049740           4        4360           0
   25.331    -0.0002033     0.0023824           4        4360           0
   25.501     0.0010586     0.0032700           4        4360           0
   25.670     0.0003017     0.0056761           4        4360           0
   25.839     0.0001609     0.0049382           4        4360           0
   26.009     0.0032232     0.0054009           4        4360           0
   26.178     0.0020096     0.0028167           4        4360           0
   26.347     0.0015363     0.0016757           4        4360           0
   26.517     0.0015355     0.0034718           4        4360           0
   26.686     0.0012739     0.0047103           4        4360           0
   26.856     0.0024352     0.0036826           4        4360           0
   27.025     0.0032751     0.0028977           4        4360           0
   27.194     0.0026792     0.0037432           4        4360           0
   27.364     0.0017158     0.0032593           4        4360           0
   27.533     0.0018778     0.0033824           4        4360           0
   27.702     0.0019792     0.0014924           4        4360           0
   27.872     0.0023023     0.0020929           4        4360           0
   28.041     0.0035278     0.0043556           4        4360           0
   28.210     0.0018250     0.0031930           4        4360           0
   28.380     0.0054401     0.0019798           4        4360           0
   28.549     0.0032072     0.0032570           4        4360           0
   28.719     0.0019309     0.0033547           4        4360           0
   28.888     0.0011872     0.0017150           4        4360           0
   29.057     0.0010842     0.0037531           4        4360           0
   29.226     0.0031594     0.0031499           4        4360           0
   29.396     0.0034044     0.0071364           4        4360           0
   29.565     0.0007939     0.0069194           4        4360           0
   29.735     0.0022235     0.0040202           4        4360           0
   29.904     0.0017874     0.0055003           4        4360           0
   30.073     0.0026159     0.0042896           4        4360           0
   30.243     0.0026854     0.0051731           4        4360           0
   30.412     0.0009082     0.0082974           4        4360           0
   30.581     0.0019134     0.0517091           4        4360           0
   30.751     0.0028892     0.0093997           4        4360           0
   30.920     0.0020606     0.0042327           4        4360           0
   31.089     0.0019388     0.0046876           4        4360           0
   31.259    -0.0003894     0.0045982           4        4360           0
   31.428     0.0011010     0.0038143           4        4360           0
   31.597     0.0008269     0.0033840           4        4360           0
   31.767     0.0004844     0.0125095           4        4360           0
   31.936    -0.0026696     0.0102716           4        4360           0
   32.105     0.0046294     0.0078543           4        4360           0
   32.275     0.0061729     0.0061203           4        4360           0
   32.444     0.0036034     0.0030472           4        4360           0
   32.614     0.0042148     0.0046789           4        4360           0
   32.783     0.0036424     0.0075501           4        4360           0
   32.952     0.0006916     0.0040380           4        4360           0
   33.122     0.0032915     0.0226953           4        4360           0
   33.291     0.0068839     0.0057471           4        4360           0
   33.460     0.0061822     0.0037232           4        4360           0
   33.630     0.0047839     0.0053233           4        4360           0
   33.799     0.0041186     0.0042518           4        4360           0
   33.968     0.0099891     0.0050429           4        4360           0
   34.138     0.0125653     0.0058246           4        4360           0
   34.307     0.0083079     0.0083794           4        4360           0
   34.477     0.0022110     0.0227797           4        4360           0
   34.646     0.0065893     0.0052426           4        4360           0
   34.815     0.0057276     0.0180187           4        4360           0
   34.985     0.0107144     0.0223093           4        4360           0
   35.154     0.0084314     0.0053245           4        4360           0
   35.323    -0.0070236     0.0109428           4        4360           0
   35.493    -0.0042505     0.0175349           4        4360           0
   35.662     0.0030447     0.0080824           4        4360           0
   35.831     0.0076788     0.0051296           4        4360           0
   36.001     0.0006808     0.0050058           4        4360           0
   36.170     0.0019491     0.0075377           4        4360           0
   36.339     0.0017134     0.0187838           4        4360           0
   36.509    -0.0040308     0.0506719           4        4360           0
   36.678    -0.0147054     0.0168162           4        4360           0
   36.847    -0.0002591     0.0356697           4        4360           0
   37.017     0.0148238     0.0110421           4        4360           0
   37.186     0.0064163     0.0167551           4        4360           0
   37.355    -0.0199025     0.2050960           4        4360           0
   37.525    -0.0244111     0.1160910           4        4360           0
   37.694    -0.0205861     0.0115433           4        4360           0
   37.864    -0.0514569     0.0132491           4        4360           0
   38.033    -0.0812562     0.0226503           4        4360           0
   38.202    -0.0873614     0.0167976           4        4360           0
   38.372    -0.0325788     0.0587292           4        4360           0
   38.541     0.0105096     0.0319864           4        4360           0
   38.710    -0.0008580     0.0052090           4        4360           0
   38.880    -0.0221960     0.0608655           4        4360           0
   39.049    -0.0285119     0.1752235           4        4360           0
   39.218    -0.0358722     0.0844767           4        4360           0
   39.388    -0.0199581     0.0290679           4        4360           0
   39.557    -0.0364677     0.1029578           4        4360           0
   39.727    -0.0663910     0.1547040           4        4360           0
   39.896    -0.0938372     0.0472739           4        4488           0
   40.065    -0.0001492     0.0640734           4        4488           0
   40.235    -0.0098623     0.0292410           4        4488           0
   40.404    -0.0147001     0.0120727           4        4488           0
   40.573    -0.0014161     0.0047352           4        4488           0
   40.743    -0.0003014     0.0025230           4        4508           0
   40.912    -0.0001100     0.0013061           4        4488           0
   41.081    -0.0000013     0.0005160           4        4488           0
   41.251    -0.0000436     0.0007378           4        4488           0
   41.420     0.0000426     0.0010617           4        4488           0
   41.589     0.0029400     0.0004017           4        4488           0
   41.759     0.0052780     0.0002820           4        4488           0
   41.928    -0.0000505     0.0023012           4        4508           0
   42.097     0.0001568     0.0025861           4        4508           0
   42.267    -0.0013741     0.0030024           4        4488           0
