wave flux error channelflag bitflag stitchflag
    5.127    -0.0000663     0.0038047           1         392           0
    5.157    -0.0007724     0.0018998           1         136           0
    5.187    -0.0008189     0.0009405           1         136           0
    5.217    -0.0000422     0.0005586           1         136           0
    5.247    -0.0004220     0.0005781           1         136           0
    5.278     0.0001098     0.0006754           1         136           0
    5.308     0.0002590     0.0005453           1         136           0
    5.338     0.0000965     0.0005450           1         392           0
    5.368     0.0000086     0.0006686           1         392           0
    5.399    -0.0000458     0.0005922           1       16776           0
    5.429    -0.0001326     0.0005756           1       16796           0
    5.459    -0.0003261     0.0005415           1       16796           0
    5.489    -0.0000976     0.0005375           1         392           0
    5.520    -0.0000795     0.0005077           1         392           0
    5.550    -0.0002172     0.0005178           1         392           0
    5.580    -0.0002192     0.0004591           1         392           0
    5.610     0.0001297     0.0005346           1         392           0
    5.641    -0.0000189     0.0004863           1        8468           0
    5.671    -0.0001791     0.0004579           1        8468           0
    5.701    -0.0004069     0.0004446           1         392           0
    5.731    -0.0004367     0.0004546           1         392           0
    5.762    -0.0001984     0.0004820           1         412           0
    5.792    -0.0002311     0.0004608           1         412           0
    5.822    -0.0001816     0.0004739           1         392           0
    5.852     0.0000045     0.0005177           1         392           0
    5.883     0.0001000     0.0005765           1         392           0
    5.913    -0.0001847     0.0005079           1         136           0
    5.943    -0.0002380     0.0004428           1         136           0
    5.973    -0.0001446     0.0005052           1         136           0
    6.004    -0.0000877     0.0004651           1         136           0
    6.034     0.0001882     0.0005171           1         136           0
    6.064     0.0000954     0.0004604           1         392           0
    6.094     0.0000787     0.0004495           1         392           0
    6.125     0.0003820     0.0004683           1         392           0
    6.155     0.0004111     0.0004952           1         392           0
    6.185     0.0004484     0.0004925           1         392           0
    6.215    -0.0000231     0.0004100           1         392           0
    6.245     0.0003719     0.0004815           1         392           0
    6.276     0.0001778     0.0004451           1         392           0
    6.306     0.0000005     0.0004642           1         392           0
    6.336     0.0000193     0.0005329           1         392           0
    6.366     0.0003753     0.0005331           1         392           0
    6.397     0.0002017     0.0005161           1         392           0
    6.427     0.0002417     0.0005149           1         392           0
    6.457     0.0008297     0.0004156           1         392           0
    6.487     0.0004697     0.0005512           1         392           0
    6.518     0.0002080     0.0005850           1         392           0
    6.548     0.0002286     0.0006719           1         392           0
    6.578     0.0004991     0.0007359           1         392           0
    6.608     0.0003738     0.0007003           1         392           0
    6.639     0.0004961     0.0007204           1         136           0
    6.669     0.0007494     0.0006758           1         136           0
    6.699     0.0006398     0.0007094           1         136           0
    6.729     0.0005774     0.0006803           1         136           0
    6.760     0.0015435     0.0006798           1         136           0
    6.790     0.0006283     0.0008188           1         392           0
    6.820     0.0006377     0.0007446           1         392           0
    6.850     0.0007982     0.0007579           1         392           0
    6.881     0.0006355     0.0007160           1         392           0
    6.911     0.0025558     0.0007704           1         392           0
    6.941     0.0023354     0.0008473           1         392           0
    6.971     0.0020761     0.0008787           1         392           0
    7.002     0.0012264     0.0007309           1         392           0
    7.032     0.0008207     0.0008806           1         392           0
    7.062     0.0008677     0.0008345           1         392           0
    7.092     0.0007408     0.0007783           1         392           0
    7.122     0.0008958     0.0008877           1         392           0
    7.153     0.0006058     0.0007733           1         392           0
    7.183     0.0007857     0.0007626           1         392           0
    7.213     0.0009081     0.0007852           1         392           0
    7.243     0.0005669     0.0008265           1         392           0
    7.274     0.0010330     0.0008298           1         392           0
    7.304     0.0009808     0.0008462           1         392           0
    7.334     0.0001329     0.0011081           1       53312           0
    7.395     0.0006015     0.0012209           1       18496           0
    7.455     0.0003142     0.0008931           1       18496           0
    7.516     0.0005182     0.0010237           1       53312           0
    7.576     0.0003381     0.0013523           1      153664           0
    7.637     0.0003613     0.0006028           1         392           0
    7.697     0.0007331     0.0005656           1         392           0
    7.758     0.0006348     0.0007141           1         392           0
    7.818     0.0011860     0.0006605           1         392           0
    7.879     0.0011251     0.0006316           1         392           0
    7.939     0.0012124     0.0006449           1         392           0
    8.000     0.0012153     0.0006420           1         392           0
    8.060     0.0017007     0.0004838           1         392           0
    8.120     0.0021413     0.0004080           1         392           0
    8.181     0.0019043     0.0005263           1         392           0
    8.241     0.0017987     0.0004852           1         392           0
    8.302     0.0026741     0.0005122           1         392           0
    8.362     0.0032010     0.0001980           2       16796           0
    8.423     0.0041980     0.0001910           2       16796           0
    8.483     0.0044750     0.0001760           2       16792           0
    8.544     0.0045750     0.0001960           2       16776           0
    8.604     0.0044520     0.0002070           2         392           0
    8.665     0.0043080     0.0001850           2         392           0
    8.725     0.0044530     0.0002070           2         392           0
    8.786     0.0038280     0.0001860           2         392           0
    8.846     0.0036180     0.0001840           2         392           0
    8.907     0.0036689     0.0002407           2         392           0
    8.967     0.0036357     0.0002631           2         392           0
    9.028     0.0031528     0.0002768           2         136           0
    9.088     0.0024957     0.0003513           2         136           0
    9.149     0.0022958     0.0003375           2         136           0
    9.209     0.0027232     0.0002705           2         136           0
    9.270     0.0026202     0.0003471           2         136           0
    9.330     0.0023776     0.0003655           2         136           0
    9.391     0.0027399     0.0003148           2         392           0
    9.451     0.0028045     0.0004012           2         392           0
    9.512     0.0031820     0.0001820           2         392           0
    9.572     0.0025395     0.0002792           2         392           0
    9.633     0.0031290     0.0001750           2         392           0
    9.693     0.0031080     0.0001760           2         392           0
    9.754     0.0033140     0.0002528           2       16796           0
    9.814     0.0022126     0.0002860           2       16796           0
    9.875     0.0015974     0.0002880           2         392           0
    9.935     0.0013264     0.0002674           2         392           0
    9.995     0.0014537     0.0002950           2         392           0
   10.056     0.0018943     0.0002399           2         392           0
   10.116     0.0011899     0.0002791           2         392           0
   10.177     0.0010841     0.0002980           2         392           0
   10.237     0.0013978     0.0002693           2         392           0
   10.298     0.0013080     0.0002736           2         392           0
   10.358     0.0009467     0.0002989           2         392           0
   10.419     0.0010437     0.0002547           2         392           0
   10.479     0.0010294     0.0002622           2         392           0
   10.540     0.0007496     0.0003096           2         392           0
   10.600     0.0008257     0.0003166           2         392           0
   10.661     0.0011276     0.0002793           2         392           0
   10.721     0.0012478     0.0002916           2         392           0
   10.782     0.0015979     0.0002327           2         392           0
   10.842     0.0010955     0.0002900           2         392           0
   10.903     0.0009997     0.0003636           2         392           0
   10.963     0.0012518     0.0003289           2         392           0
   11.024     0.0010566     0.0003129           2         392           0
   11.084     0.0010435     0.0003236           2         392           0
   11.145     0.0008794     0.0003810           2         392           0
   11.205     0.0008741     0.0004402           2         392           0
   11.266     0.0008541     0.0004356           2         392           0
   11.326     0.0006792     0.0004373           2         392           0
   11.387     0.0005409     0.0004116           2         412           0
   11.447     0.0008436     0.0004438           2         412           0
   11.508     0.0011722     0.0004083           2         392           0
   11.568     0.0007784     0.0004498           2         392           0
   11.628     0.0008310     0.0004977           2         392           0
   11.689     0.0009915     0.0004900           2         392           0
   11.750     0.0011161     0.0003932           2         392           0
   11.810     0.0014705     0.0003983           2         392           0
   11.870     0.0014623     0.0003956           2         392           0
   11.931     0.0010975     0.0004072           2         392           0
   11.991     0.0014469     0.0004227           2         392           0
   12.052     0.0014995     0.0004205           2         392           0
   12.112     0.0015847     0.0004063           2         392           0
   12.173     0.0018724     0.0004020           2         392           0
   12.233     0.0023066     0.0004164           2         392           0
   12.294     0.0025471     0.0004075           2         392           0
   12.354     0.0026419     0.0003962           2         392           0
   12.415     0.0029864     0.0003374           2         392           0
   12.475     0.0064957     0.0003616           2         392           0
   12.536     0.0082051     0.0003519           2         392           0
   12.596     0.0066465     0.0002913           2         392           0
   12.657     0.0064125     0.0003285           2         392           0
   12.717     0.0054017     0.0003133           2         392           0
   12.778     0.0040544     0.0003783           2         392           0
   12.838     0.0034680     0.0003803           2         392           0
   12.899     0.0032912     0.0003979           2         392           0
   12.959     0.0032009     0.0003912           2         392           0
   13.020     0.0030140     0.0003889           2         392           0
   13.080     0.0029972     0.0004094           2         392           0
   13.141     0.0026629     0.0004432           2         392           0
   13.201     0.0025660     0.0004479           2         392           0
   13.262     0.0028475     0.0004519           2         392           0
   13.322     0.0029180     0.0004630           2         392           0
   13.383     0.0029439     0.0004807           2         392           0
   13.443     0.0029296     0.0005085           2         392           0
   13.503     0.0026061     0.0006038           2         392           0
   13.564     0.0030118     0.0004992           2         392           0
   13.625     0.0029636     0.0005255           2         392           0
   13.685     0.0038127     0.0005721           2         392           0
   13.745     0.0029997     0.0005628           2         392           0
   13.806     0.0037694     0.0005515           2         392           0
   13.866     0.0042166     0.0005821           2         392           0
   13.927     0.0045505     0.0006399           2         392           0
   13.985     0.0053642     0.0006670           3        4488           0
   14.069     0.0063464     0.0005586           3        4360           0
   14.154     0.0069521     0.0004877           3        4360           0
   14.239     0.0085189     0.0004491           3        4360           0
   14.323     0.0090504     0.0004216           3        4360           0
   14.408     0.0065288     0.0003990           3        4360           0
   14.493     0.0043545     0.0003837           3        4360           0
   14.577     0.0039794     0.0004016           3        4360           0
   14.662     0.0039662     0.0004091           3        4360           0
   14.747     0.0040436     0.0004700           3        4360           0
   14.832     0.0034041     0.0005967           3        4360           0
   14.916     0.0032363     0.0005140           3        4360           0
   15.001     0.0035061     0.0003810           3        4360           0
   15.085     0.0027473     0.0003843           3        4360           0
   15.170     0.0036148     0.0004277           3        4360           0
   15.255     0.0033141     0.0004631           3        4360           0
   15.340     0.0036188     0.0004691           3        4360           0
   15.424     0.0032658     0.0003795           3        4360           0
   15.509     0.0027733     0.0003363           3        4360           0
   15.594     0.0027580     0.0003643           3        4360           0
   15.678     0.0029666     0.0003949           3        4360           0
   15.763     0.0031008     0.0003554           3        4360           0
   15.848     0.0029717     0.0004007           3        4360           0
   15.932     0.0027717     0.0003304           3        4360           0
   16.017     0.0030956     0.0005284           3        4360           0
   16.102     0.0026085     0.0006232           3        4360           0
   16.186     0.0027452     0.0005497           3        4360           0
   16.271     0.0027095     0.0005141           3        4360           0
   16.356     0.0030373     0.0005499           3        4360           0
   16.440     0.0034505     0.0004951           3        4360           0
   16.525     0.0025488     0.0013616           3        4360           0
   16.610     0.0029029     0.0013767           3        4360           0
   16.694     0.0028706     0.0004277           3        4360           0
   16.779     0.0024783     0.0003127           3        4360           0
   16.864     0.0028295     0.0003280           3        4360           0
   16.948     0.0026853     0.0006314           3        4360           0
   17.033     0.0024508     0.0004717           3        4360           0
   17.118     0.0026154     0.0010242           3        4360           0
   17.202     0.0028608     0.0006989           3        4360           0
   17.287     0.0033208     0.0007108           3        4360           0
   17.372     0.0041330     0.0006397           3        4360           0
   17.456     0.0039482     0.0007061           3        4360           0
   17.541     0.0030269     0.0005311           3        4360           0
   17.626     0.0037941     0.0020348           3        4360           0
   17.711     0.0037353     0.0015890           3        4360           0
   17.795     0.0034409     0.0005433           3        4360           0
   17.880     0.0036094     0.0005280           3        4360           0
   17.965     0.0039387     0.0005175           3        4360           0
   18.049     0.0042486     0.0004679           3        4360           0
   18.134     0.0040104     0.0005980           3        4360           0
   18.219     0.0046803     0.0005613           3        4360           0
   18.303     0.0052138     0.0007151           3        4360           0
   18.388     0.0063322     0.0007215           3        4360           0
   18.472     0.0057101     0.0007053           3        4360           0
   18.557     0.0068926     0.0007753           3        4360           0
   18.642     0.0058536     0.0006642           3        4360           0
   18.727     0.0052213     0.0005578           3        4360           0
   18.811     0.0046538     0.0005970           3        4360           0
   18.896     0.0050396     0.0006071           3        4360           0
   18.981     0.0061825     0.0005790           3        4360           0
   19.065     0.0070503     0.0005591           3        4360           0
   19.150     0.0058843     0.0011183           3        4360           0
   19.235     0.0042005     0.0009648           3    19009600           0
   19.404     0.0055570     0.0015004           3    19009600           0
   19.573     0.0037633     0.0011376           3    19009600           0
   19.743     0.0043653     0.0018415           3    19009600           0
   19.912     0.0046541     0.0011544           3    19009600           0
   20.081     0.0051192     0.0036174           3        4360           0
   20.251     0.0035686     0.0017125           3        4360           0
   20.420     0.0033961     0.0014329           3        4360           0
   20.590     0.0041294     0.0012384           3        4360           0
   20.759     0.0048213     0.0015386           3        4360           0
   20.928     0.0065698     0.0016437           3        4360           0
   21.097     0.0049272     0.0006220           4        4360           0
   21.267     0.0036673     0.0007907           4        4360           0
   21.436     0.0038450     0.0006598           4        4360           0
   21.606     0.0040422     0.0007475           4        4360           0
   21.775     0.0037003     0.0007323           4        4360           0
   21.944     0.0037526     0.0008707           4        4360           0
   22.114     0.0041381     0.0007232           4        4360           0
   22.283     0.0036478     0.0005688           4        4360           0
   22.452     0.0043811     0.0006661           4        4360           0
   22.622     0.0059258     0.0007197           4        4360           0
   22.791     0.0041154     0.0005699           4        4360           0
   22.960     0.0044594     0.0004552           4        4360           0
   23.130     0.0052083     0.0004918           4        4360           0
   23.299     0.0046454     0.0005434           4        4360           0
   23.469     0.0042863     0.0005535           4        4360           0
   23.638     0.0044544     0.0005424           4        4360           0
   23.807     0.0049965     0.0004768           4        4360           0
   23.976     0.0049019     0.0005491           4        4360           0
   24.146     0.0053314     0.0006055           4        4360           0
   24.315     0.0068939     0.0005473           4        4360           0
   24.485     0.0071085     0.0005847           4        4360           0
   24.654     0.0066884     0.0004883           4        4360           0
   24.823     0.0054847     0.0005776           4        4360           0
   24.993     0.0060193     0.0008299           4        4360           0
   25.162     0.0064855     0.0005383           4        4360           0
   25.331     0.0058425     0.0006138           4        4360           0
   25.501     0.0054294     0.0024856           4        4360           0
   25.670     0.0061857     0.0007619           4        4360           0
   25.839     0.0055243     0.0028237           4        4360           0
   26.009     0.0062631     0.0007895           4        4360           0
   26.178     0.0062400     0.0003981           4        4360           0
   26.347     0.0059954     0.0028535           4        4360           0
   26.517     0.0055998     0.0024766           4        4360           0
   26.686     0.0064847     0.0017744           4        4360           0
   26.856     0.0062792     0.0005528           4        4360           0
   27.025     0.0060378     0.0005438           4        4360           0
   27.194     0.0064477     0.0006194           4        4360           0
   27.364     0.0063941     0.0007039           4        4360           0
   27.533     0.0067913     0.0006249           4        4360           0
   27.702     0.0072488     0.0004912           4        4360           0
   27.872     0.0066152     0.0006267           4        4360           0
   28.041     0.0067872     0.0006458           4        4360           0
   28.210     0.0084256     0.0025083           4        4360           0
   28.380     0.0062883     0.0007545           4        4360           0
   28.549     0.0080654     0.0005861           4        4360           0
   28.719     0.0074844     0.0005907           4        4360           0
   28.888     0.0071464     0.0005301           4        4360           0
   29.057     0.0080441     0.0006840           4        4360           0
   29.226     0.0089495     0.0006040           4        4360           0
   29.396     0.0092468     0.0007470           4        4360           0
   29.565     0.0078125     0.0008052           4        4360           0
   29.735     0.0069622     0.0006900           4        4360           0
   29.904     0.0066044     0.0007847           4        4360           0
   30.073     0.0075242     0.0007358           4        4360           0
   30.243     0.0077583     0.0007299           4        4360           0
   30.412     0.0075668     0.0009959           4        4360           0
   30.581     0.0068166     0.0013621           4        4360           0
   30.751     0.0083572     0.0009352           4        4360           0
   30.920     0.0076515     0.0008991           4        4360           0
   31.089     0.0078052     0.0008859           4        4360           0
   31.259     0.0080780     0.0008119           4        4360           0
   31.428     0.0087183     0.0007271           4        4360           0
   31.597     0.0079517     0.0007522           4        4360           0
   31.767     0.0076127     0.0007647           4        4360           0
   31.936     0.0075498     0.0008117           4        4360           0
   32.105     0.0076919     0.0009729           4        4360           0
   32.275     0.0078998     0.0011465           4        4360           0
   32.444     0.0074617     0.0014067           4        4360           0
   32.614     0.0086725     0.0023421           4        4360           0
   32.783     0.0085057     0.0039989           4        4360           0
   32.952     0.0096992     0.0011303           4        4360           0
   33.122     0.0106284     0.0040255           4        4360           0
   33.291     0.0086721     0.0019985           4        4360           0
   33.460     0.0101271     0.0015046           4        4360           0
   33.630     0.0076024     0.0015416           4        4360           0
   33.799     0.0096512     0.0014330           4        4360           0
   33.968     0.0101774     0.0027590           4        4360           0
   34.138     0.0103917     0.0032433           4        4360           0
   34.307     0.0094667     0.0018499           4        4360           0
   34.477     0.0104049     0.0023806           4        4360           0
   34.646     0.0086148     0.0018439           4        4360           0
   34.815     0.0090117     0.0029787           4        4360           0
   34.985     0.0060781     0.0130885           4        4360           0
   35.154     0.0052573     0.0033875           4        4360           0
   35.323     0.0283856     0.0030339           4        4360           0
   35.493     0.0121178     0.0283346           4        4360           0
   35.662     0.0070218     0.0087406           4        4360           0
   35.831     0.0066601     0.0032989           4        4360           0
   36.001     0.0070981     0.0026284           4        4360           0
   36.170     0.0087108     0.0026811           4        4360           0
   36.339     0.0099018     0.0032498           4        4360           0
   36.509     0.0113003     0.0035421           4        4360           0
   36.678     0.0085698     0.0040590           4        4360           0
   36.847     0.0074083     0.0043625           4        4360           0
   37.017     0.0080721     0.0051500           4        4360           0
   37.186     0.0129508     0.0055450           4        4360           0
   37.355     0.0086546     0.0054241           4        4360           0
   37.525     0.0091881     0.0047173           4        4360           0
   37.694     0.0097164     0.0053641           4        4360           0
   37.864     0.0148152     0.0064564           4        4360           0
   38.033     0.0265556     0.0255019           4        4360           0
   38.202     0.0229967     0.0404370           4        4360           0
   38.372     0.0036571     0.0109816           4        4360           0
   38.541     0.0101386     0.0187094           4        4360           0
   38.710    -0.0130023     0.0206132           4        4360           0
   38.880     0.0133471     0.0296300           4        4360           0
   39.049    -0.0099361     0.2033935           4        4360           0
   39.218    -0.0039103     0.0738755           4        4360           0
   39.388     0.0019327     0.0154467           4        4360           0
   39.557    -0.0026518     0.0436235           4        4360           0
   39.727    -0.0057955     0.0132641           4        4360           0
   39.896    -0.0050182     0.0125570           4        4488           0
   40.065    -0.0001112     0.0088155           4        4488           0
   40.235     0.0001899     0.0041300           4        4488           0
   40.404     0.0002980     0.0022638           4        4488           0
   40.573     0.0013254     0.0012831           4        4488           0
   40.743     0.0010370     0.0006484           4        4508           0
   40.912     0.0016120     0.0001670           4        4488           0
   41.081     0.0012980     0.0000900           4        4488           0
   41.251     0.0000525     0.0001162           4        4488           0
   41.420     0.0001048     0.0002674           4        4488           0
   41.589     0.0001584     0.0003373           4        4488           0
   41.759     0.0002958     0.0003628           4        4488           0
   41.928     0.0000341     0.0007854           4        4508           0
   42.097     0.0002896     0.0004923           4        4508           0
   42.267     0.0014401     0.0007231           4        4488           0
