wave flux error channelflag bitflag stitchflag
    5.127     0.0006310     0.0035233           1         392           0
    5.157     0.0006108     0.0020463           1         136           0
    5.187     0.0001991     0.0010176           1         136           0
    5.217    -0.0001430     0.0006045           1         136           0
    5.247     0.0000684     0.0006075           1         136           0
    5.278     0.0004572     0.0006508           1         136           0
    5.308     0.0002415     0.0006004           1         136           0
    5.338     0.0002130     0.0005960           1         392           0
    5.368     0.0003987     0.0005349           1         392           0
    5.399     0.0001889     0.0005614           1       16776           0
    5.429     0.0002946     0.0005706           1       16796           0
    5.459     0.0004469     0.0005565           1       16796           0
    5.489     0.0002019     0.0004912           1         392           0
    5.520     0.0000514     0.0004625           1         392           0
    5.550     0.0000863     0.0005673           1         392           0
    5.580     0.0004310     0.0005173           1         392           0
    5.610     0.0003711     0.0005252           1         392           0
    5.641     0.0005458     0.0005099           1        8468           0
    5.671     0.0001811     0.0004751           1        8468           0
    5.701     0.0002109     0.0004845           1         392           0
    5.731     0.0001660     0.0004997           1         392           0
    5.762     0.0002684     0.0005182           1         412           0
    5.792     0.0003183     0.0004943           1         412           0
    5.822     0.0004032     0.0005133           1         392           0
    5.852     0.0003077     0.0005840           1         392           0
    5.883     0.0002309     0.0006157           1         392           0
    5.913     0.0005038     0.0005503           1         136           0
    5.943     0.0005070     0.0004149           1         136           0
    5.973     0.0002442     0.0005144           1         136           0
    6.004     0.0001280     0.0005155           1         136           0
    6.034     0.0001428     0.0005580           1         136           0
    6.064     0.0004170     0.0004877           1         392           0
    6.094     0.0002391     0.0004390           1         392           0
    6.125     0.0006303     0.0004950           1         392           0
    6.155     0.0006075     0.0005177           1         392           0
    6.185     0.0005721     0.0004948           1         392           0
    6.215     0.0003683     0.0005093           1         392           0
    6.245     0.0002222     0.0004510           1         392           0
    6.276     0.0003547     0.0004536           1         392           0
    6.306     0.0003188     0.0004884           1         392           0
    6.336     0.0003232     0.0005677           1         392           0
    6.366     0.0005193     0.0005895           1         392           0
    6.397     0.0008977     0.0005678           1         392           0
    6.427     0.0007782     0.0005190           1         392           0
    6.457     0.0007328     0.0005627           1         392           0
    6.487     0.0015771     0.0004676           1         392           0
    6.518     0.0010623     0.0006090           1         392           0
    6.548     0.0012373     0.0006051           1         392           0
    6.578     0.0015766     0.0007054           1         392           0
    6.608     0.0031599     0.0006144           1         392           0
    6.639     0.0039582     0.0005770           1         136           0
    6.669     0.0045693     0.0006336           1         136           0
    6.699     0.0037737     0.0005640           1         136           0
    6.729     0.0033050     0.0005356           1         136           0
    6.760     0.0023949     0.0006084           1         136           0
    6.790     0.0022113     0.0005958           1         392           0
    6.820     0.0017509     0.0006507           1         392           0
    6.850     0.0013517     0.0008086           1         392           0
    6.881     0.0012055     0.0008225           1         392           0
    6.911     0.0008981     0.0007181           1         392           0
    6.941     0.0009831     0.0008141           1         392           0
    6.971     0.0002548     0.0008361           1         392           0
    7.002     0.0007507     0.0008825           1         392           0
    7.032     0.0007026     0.0009203           1         392           0
    7.062     0.0009046     0.0008923           1         392           0
    7.092     0.0013106     0.0008398           1         392           0
    7.122     0.0010945     0.0007898           1         392           0
    7.153     0.0014501     0.0007727           1         392           0
    7.183     0.0011910     0.0007730           1         392           0
    7.213     0.0009804     0.0006965           1         392           0
    7.243     0.0006194     0.0008349           1         392           0
    7.274     0.0011074     0.0008506           1         392           0
    7.304     0.0014094     0.0008816           1         392           0
    7.334     0.0010247     0.0011926           1       53312           0
    7.395     0.0014281     0.0011841           1       18496           0
    7.455     0.0011183     0.0010767           1       18496           0
    7.516     0.0019737     0.0010355           1       53312           0
    7.576     0.0021644     0.0014244           1      153664           0
    7.637     0.0014321     0.0005930           1         392           0
    7.697     0.0019594     0.0005358           1         392           0
    7.758     0.0014212     0.0006937           1         392           0
    7.818     0.0014827     0.0005710           1         392           0
    7.879     0.0022412     0.0005810           1         392           0
    7.939     0.0029846     0.0005883           1         392           0
    8.000     0.0030041     0.0005139           1         392           0
    8.060     0.0035574     0.0004379           1         392           0
    8.120     0.0040564     0.0004257           1         392           0
    8.181     0.0045339     0.0003860           1         392           0
    8.241     0.0039237     0.0005044           1         392           0
    8.302     0.0040453     0.0004535           1         392           0
    8.362     0.0040990     0.0001960           2       16796           0
    8.423     0.0037680     0.0001860           2       16796           0
    8.483     0.0031060     0.0002020           2       16792           0
    8.544     0.0028780     0.0001910           2       16776           0
    8.604     0.0028900     0.0001870           2         392           0
    8.665     0.0015268     0.0002624           2         392           0
    8.725     0.0021301     0.0002740           2         392           0
    8.786     0.0014805     0.0002432           2         392           0
    8.846     0.0023657     0.0003027           2         392           0
    8.907     0.0022109     0.0003175           2         392           0
    8.967     0.0022413     0.0003502           2         392           0
    9.028     0.0025826     0.0003502           2         136           0
    9.088     0.0027264     0.0003625           2         136           0
    9.149     0.0036496     0.0002740           2         136           0
    9.209     0.0030108     0.0003794           2         136           0
    9.270     0.0031874     0.0003515           2         136           0
    9.330     0.0033247     0.0003005           2         136           0
    9.391     0.0019392     0.0003777           2         392           0
    9.451     0.0011977     0.0003065           2         392           0
    9.512     0.0013920     0.0003423           2         392           0
    9.572     0.0008061     0.0003890           2         392           0
    9.633     0.0012264     0.0003078           2         392           0
    9.693     0.0011388     0.0002903           2         392           0
    9.754     0.0009113     0.0002940           2       16796           0
    9.814     0.0010339     0.0003317           2       16796           0
    9.875     0.0006301     0.0003371           2         392           0
    9.935     0.0006747     0.0003302           2         392           0
    9.995     0.0007194     0.0003079           2         392           0
   10.056     0.0008582     0.0002717           2         392           0
   10.116     0.0007402     0.0002647           2         392           0
   10.177     0.0010977     0.0002697           2         392           0
   10.237     0.0010733     0.0002595           2         392           0
   10.298     0.0011149     0.0002480           2         392           0
   10.358     0.0012743     0.0002724           2         392           0
   10.419     0.0011364     0.0002757           2         392           0
   10.479     0.0009253     0.0002783           2         392           0
   10.540     0.0010861     0.0002818           2         392           0
   10.600     0.0012718     0.0002814           2         392           0
   10.661     0.0014257     0.0002975           2         392           0
   10.721     0.0010524     0.0002942           2         392           0
   10.782     0.0005435     0.0002892           2         392           0
   10.842     0.0005165     0.0003543           2         392           0
   10.903     0.0009392     0.0002963           2         392           0
   10.963     0.0007892     0.0003643           2         392           0
   11.024     0.0007022     0.0003668           2         392           0
   11.084     0.0004378     0.0003713           2         392           0
   11.145     0.0007133     0.0003887           2         392           0
   11.205     0.0010897     0.0003601           2         392           0
   11.266     0.0012205     0.0003529           2         392           0
   11.326     0.0010863     0.0003522           2         392           0
   11.387     0.0014007     0.0003399           2         412           0
   11.447     0.0015072     0.0003454           2         412           0
   11.508     0.0014293     0.0003792           2         392           0
   11.568     0.0008151     0.0004482           2         392           0
   11.628     0.0011284     0.0004128           2         392           0
   11.689     0.0016394     0.0004175           2         392           0
   11.750     0.0022210     0.0004052           2         392           0
   11.810     0.0030504     0.0004040           2         392           0
   11.870     0.0028163     0.0003730           2         392           0
   11.931     0.0036294     0.0004156           2         392           0
   11.991     0.0060170     0.0004206           2         392           0
   12.052     0.0071343     0.0003261           2         392           0
   12.112     0.0065804     0.0003341           2         392           0
   12.173     0.0055758     0.0004004           2         392           0
   12.233     0.0047866     0.0004240           2         392           0
   12.294     0.0035336     0.0004113           2         392           0
   12.354     0.0032116     0.0004321           2         392           0
   12.415     0.0030434     0.0004258           2         392           0
   12.475     0.0028660     0.0003961           2         392           0
   12.536     0.0023145     0.0003999           2         392           0
   12.596     0.0024998     0.0003506           2         392           0
   12.657     0.0024865     0.0003664           2         392           0
   12.717     0.0027574     0.0003639           2         392           0
   12.778     0.0027432     0.0003658           2         392           0
   12.838     0.0027976     0.0003913           2         392           0
   12.899     0.0027591     0.0003988           2         392           0
   12.959     0.0027089     0.0003824           2         392           0
   13.020     0.0025495     0.0003872           2         392           0
   13.080     0.0025804     0.0004060           2         392           0
   13.141     0.0029327     0.0004441           2         392           0
   13.201     0.0032201     0.0004494           2         392           0
   13.262     0.0031675     0.0004522           2         392           0
   13.322     0.0033499     0.0004677           2         392           0
   13.383     0.0031674     0.0004783           2         392           0
   13.443     0.0034253     0.0004889           2         392           0
   13.503     0.0040480     0.0005137           2         392           0
   13.564     0.0039959     0.0004943           2         392           0
   13.625     0.0045442     0.0005815           2         392           0
   13.685     0.0055588     0.0005499           2         392           0
   13.745     0.0061035     0.0005910           2         392           0
   13.806     0.0043721     0.0005707           2         392           0
   13.866     0.0024421     0.0005997           2         392           0
   13.927     0.0016898     0.0007190           2         392           0
   13.987     0.0014747     0.0007091           2         392           0
   14.069     0.0033924     0.0005120           3        4360           0
   14.154     0.0034299     0.0005221           3        4360           0
   14.239     0.0030887     0.0004168           3        4360           0
   14.323     0.0030370     0.0004381           3        4360           0
   14.408     0.0029386     0.0004043           3        4360           0
   14.493     0.0030833     0.0003943           3        4360           0
   14.577     0.0035142     0.0008855           3        4360           0
   14.662     0.0033370     0.0018899           3        4360           0
   14.747     0.0031691     0.0004714           3        4360           0
   14.832     0.0029714     0.0005088           3        4360           0
   14.916     0.0027953     0.0005037           3        4360           0
   15.001     0.0025103     0.0022807           3        4360           0
   15.085     0.0028591     0.0005641           3        4360           0
   15.170     0.0027729     0.0004435           3        4360           0
   15.255     0.0033326     0.0004898           3        4360           0
   15.340     0.0035330     0.0004805           3        4360           0
   15.424     0.0029482     0.0004154           3        4360           0
   15.509     0.0028378     0.0003052           3        4360           0
   15.594     0.0023408     0.0003884           3        4360           0
   15.678     0.0021506     0.0004300           3        4360           0
   15.763     0.0019895     0.0003766           3        4360           0
   15.848     0.0024920     0.0003885           3        4360           0
   15.932     0.0024285     0.0004142           3        4360           0
   16.017     0.0025352     0.0005246           3        4360           0
   16.102     0.0021654     0.0005267           3        4360           0
   16.186     0.0020586     0.0005852           3        4360           0
   16.271     0.0027333     0.0004448           3        4360           0
   16.356     0.0022658     0.0005192           3        4360           0
   16.440     0.0025564     0.0005270           3        4360           0
   16.525     0.0023876     0.0004667           3        4360           0
   16.610     0.0023458     0.0004186           3        4360           0
   16.694     0.0029006     0.0004903           3        4360           0
   16.779     0.0041251     0.0012158           3        4360           0
   16.864     0.0033186     0.0021455           3        4360           0
   16.948     0.0025355     0.0022708           3        4360           0
   17.033     0.0028880     0.0021605           3        4360           0
   17.118     0.0022931     0.0011568           3        4360           0
   17.202     0.0030934     0.0007874           3        4360           0
   17.287     0.0031052     0.0005728           3        4360           0
   17.372     0.0029506     0.0006204           3        4360           0
   17.456     0.0037302     0.0007304           3        4360           0
   17.541     0.0054784     0.0004911           3        4360           0
   17.626     0.0051851     0.0004795           3        4360           0
   17.711     0.0052334     0.0005306           3        4360           0
   17.795     0.0045626     0.0005799           3        4360           0
   17.880     0.0042681     0.0006288           3        4360           0
   17.965     0.0045096     0.0005841           3        4360           0
   18.049     0.0044554     0.0005754           3        4360           0
   18.134     0.0050494     0.0005479           3        4360           0
   18.219     0.0063072     0.0006193           3        4360           0
   18.303     0.0080437     0.0007242           3        4360           0
   18.388     0.0052205     0.0008088           3        4360           0
   18.472     0.0051226     0.0006992           3        4360           0
   18.557     0.0058229     0.0008604           3        4360           0
   18.642     0.0060545     0.0006920           3        4360           0
   18.727     0.0054738     0.0005613           3        4360           0
   18.811     0.0041271     0.0006207           3        4360           0
   18.896     0.0036535     0.0006036           3        4360           0
   18.981     0.0042305     0.0005818           3        4360           0
   19.065     0.0048190     0.0006244           3        4360           0
   19.150     0.0036030     0.0007250           3        4360           0
   19.235     0.0020864     0.0010069           3    19009600           0
   19.404     0.0035616     0.0017073           3    19009600           0
   19.573     0.0031665     0.0013123           3    19009600           0
   19.743     0.0032291     0.0011720           3    19009600           0
   19.912     0.0033460     0.0010808           3    19009600           0
   20.081     0.0042116     0.0011111           3    19009600           0
   20.251     0.0039525     0.0009823           3    19009600           0
   20.420     0.0037422     0.0013372           3    19009600           0
   20.590     0.0031246     0.0011214           3        4360           0
   20.759     0.0030896     0.0013863           3        4360           0
   20.928     0.0031506     0.0015907           3        4360           0
   21.097     0.0035382     0.0025113           3        4360           0
   21.267     0.0038349     0.0008005           4        4360           0
   21.436     0.0043633     0.0006657           4        4360           0
   21.606     0.0028870     0.0008493           4        4360           0
   21.775     0.0043903     0.0006177           4        4360           0
   21.944     0.0049758     0.0007500           4        4360           0
   22.114     0.0045084     0.0005932           4        4360           0
   22.283     0.0039333     0.0006364           4        4360           0
   22.452     0.0040080     0.0006629           4        4360           0
   22.622     0.0036678     0.0007017           4        4360           0
   22.791     0.0041216     0.0005037           4        4360           0
   22.960     0.0041200     0.0004872           4        4360           0
   23.130     0.0043132     0.0005187           4        4360           0
   23.299     0.0039673     0.0005691           4        4360           0
   23.469     0.0038690     0.0005655           4        4360           0
   23.638     0.0040542     0.0005268           4        4360           0
   23.807     0.0040361     0.0004810           4        4360           0
   23.976     0.0043042     0.0004615           4        4360           0
   24.146     0.0042825     0.0005132           4        4360           0
   24.315     0.0041555     0.0005888           4        4360           0
   24.485     0.0043095     0.0007232           4        4360           0
   24.654     0.0046785     0.0005819           4        4360           0
   24.823     0.0051727     0.0007218           4        4360           0
   24.993     0.0049645     0.0007392           4        4360           0
   25.162     0.0048564     0.0006026           4        4360           0
   25.331     0.0052972     0.0006425           4        4360           0
   25.501     0.0056511     0.0005663           4        4360           0
   25.670     0.0047704     0.0011343           4        4360           0
   25.839     0.0059428     0.0028350           4        4360           0
   26.009     0.0049252     0.0013094           4        4360           0
   26.178     0.0047818     0.0021781           4        4360           0
   26.347     0.0050067     0.0006559           4        4360           0
   26.517     0.0053190     0.0005183           4        4360           0
   26.686     0.0059065     0.0004986           4        4360           0
   26.856     0.0051381     0.0007481           4        4360           0
   27.025     0.0049857     0.0018664           4        4360           0
   27.194     0.0045101     0.0020157           4        4360           0
   27.364     0.0044374     0.0005274           4        4360           0
   27.533     0.0056994     0.0005606           4        4360           0
   27.702     0.0063252     0.0006735           4        4360           0
   27.872     0.0067574     0.0006681           4        4360           0
   28.041     0.0065113     0.0007462           4        4360           0
   28.210     0.0050791     0.0007953           4        4360           0
   28.380     0.0062735     0.0007578           4        4360           0
   28.549     0.0066618     0.0007415           4        4360           0
   28.719     0.0064266     0.0006351           4        4360           0
   28.888     0.0067348     0.0006397           4        4360           0
   29.057     0.0066964     0.0005595           4        4360           0
   29.226     0.0060829     0.0006480           4        4360           0
   29.396     0.0066594     0.0007819           4        4360           0
   29.565     0.0064755     0.0008804           4        4360           0
   29.735     0.0071311     0.0032199           4        4360           0
   29.904     0.0071333     0.0059381           4        4360           0
   30.073     0.0071232     0.0010227           4        4360           0
   30.243     0.0076694     0.0026311           4        4360           0
   30.412     0.0077266     0.0076610           4        4360           0
   30.581     0.0081739     0.0171404           4        4360           0
   30.751     0.0072217     0.0013078           4        4360           0
   30.920     0.0071073     0.0034655           4        4360           0
   31.089     0.0064571     0.0010183           4        4360           0
   31.259     0.0077215     0.0008671           4        4360           0
   31.428     0.0076494     0.0007720           4        4360           0
   31.597     0.0077033     0.0008833           4        4360           0
   31.767     0.0074270     0.0007886           4        4360           0
   31.936     0.0080269     0.0008157           4        4360           0
   32.105     0.0081006     0.0009786           4        4360           0
   32.275     0.0081089     0.0011368           4        4360           0
   32.444     0.0091293     0.0012014           4        4360           0
   32.614     0.0073259     0.0013395           4        4360           0
   32.783     0.0087617     0.0012756           4        4360           0
   32.952     0.0073147     0.0014292           4        4360           0
   33.122     0.0101523     0.0029960           4        4360           0
   33.291     0.0103087     0.0026699           4        4360           0
   33.460     0.0061429     0.0020704           4        4360           0
   33.630     0.0080512     0.0015598           4        4360           0
   33.799     0.0085301     0.0016544           4        4360           0
   33.968     0.0073158     0.0017908           4        4360           0
   34.138     0.0075323     0.0023759           4        4360           0
   34.307     0.0069412     0.0027259           4        4360           0
   34.477     0.0091977     0.0020006           4        4360           0
   34.646     0.0098426     0.0018468           4        4360           0
   34.815     0.0117304     0.0028788           4        4360           0
   34.985     0.0122223     0.0124461           4        4360           0
   35.154     0.0086588     0.0049553           4        4360           0
   35.323     0.0072869     0.0035701           4        4360           0
   35.493     0.0102890     0.0159980           4        4360           0
   35.662     0.0096983     0.0059173           4        4360           0
   35.831     0.0102189     0.0033339           4        4360           0
   36.001     0.0098615     0.0027880           4        4360           0
   36.170     0.0096365     0.0030214           4        4360           0
   36.339     0.0079078     0.0045145           4        4360           0
   36.509     0.0087434     0.0038716           4        4360           0
   36.678     0.0081596     0.0037452           4        4360           0
   36.847     0.0099438     0.0045082           4        4360           0
   37.017     0.0010413     0.0059287           4        4360           0
   37.186     0.0072303     0.0076689           4        4360           0
   37.355     0.0125517     0.0081695           4        4360           0
   37.525     0.0198647     0.0054398           4        4360           0
   37.694     0.0202864     0.0060581           4        4360           0
   37.864     0.0104065     0.0116929           4        4360           0
   38.033     0.0162713     0.0212544           4        4360           0
   38.202     0.0183711     0.0106099           4        4360           0
   38.372     0.0124128     0.0125210           4        4360           0
   38.541     0.0026316     0.0311760           4        4360           0
   38.710     0.0080762     0.1298057           4        4360           0
   38.880     0.0094053     0.0232523           4        4360           0
   39.049     0.0079774     0.0428259           4        4360           0
   39.218     0.0153374     0.0140541           4        4360           0
   39.388     0.0048122     0.0132426           4        4360           0
   39.557    -0.0082007     0.0120469           4        4360           0
   39.727    -0.0077567     0.0533747           4        4360           0
   39.896    -0.0020878     0.0258860           4        4488           0
   40.065    -0.0002031     0.0080344           4        4488           0
   40.235    -0.0000642     0.0042590           4        4488           0
   40.404     0.0004842     0.0027400           4        4488           0
   40.573    -0.0005788     0.0010639           4        4488           0
   40.743    -0.0005189     0.0005186           4        4508           0
   40.912    -0.0002926     0.0003641           4        4488           0
   41.081    -0.0000952     0.0002320           4        4488           0
   41.251     0.0000024     0.0001331           4        4488           0
   41.420     0.0000188     0.0002206           4        4488           0
   41.589    -0.0000032     0.0003064           4        4488           0
   41.759     0.0001740     0.0003758           4        4488           0
   41.928     0.0001180     0.0008681           4        4508           0
   42.097     0.0000915     0.0005847           4        4508           0
   42.267     0.0003881     0.0007784           4        4488           0
