wave flux error channelflag bitflag stitchflag
    5.127     0.0056465     0.0036839           1         392           0
    5.157    -0.0012995     0.0021854           1         136           0
    5.187    -0.0002456     0.0010353           1         136           0
    5.217    -0.0000554     0.0007079           1         136           0
    5.247    -0.0000906     0.0006870           1         136           0
    5.278     0.0000111     0.0007404           1         136           0
    5.308    -0.0001087     0.0007404           1         136           0
    5.338    -0.0005205     0.0006306           1         392           0
    5.368    -0.0000983     0.0006705           1         392           0
    5.399    -0.0000251     0.0006250           1       16776           0
    5.429     0.0001025     0.0007225           1       16796           0
    5.459     0.0002838     0.0005991           1       16796           0
    5.489     0.0004755     0.0005833           1         392           0
    5.520     0.0004059     0.0005954           1         392           0
    5.550     0.0007571     0.0006602           1         392           0
    5.580     0.0006012     0.0005528           1         392           0
    5.610    -0.0001926     0.0006448           1         392           0
    5.641     0.0000026     0.0006181           1        8468           0
    5.671    -0.0000479     0.0006051           1        8468           0
    5.701     0.0001740     0.0005966           1         392           0
    5.731     0.0005184     0.0005980           1         392           0
    5.762     0.0003503     0.0005310           1         412           0
    5.792     0.0003194     0.0006635           1         412           0
    5.822     0.0000112     0.0006121           1         392           0
    5.852     0.0001898     0.0005924           1         392           0
    5.883     0.0001694     0.0006444           1         392           0
    5.913     0.0000685     0.0006549           1         136           0
    5.943     0.0000811     0.0006415           1         136           0
    5.973     0.0001123     0.0006083           1         136           0
    6.004    -0.0000534     0.0006370           1         136           0
    6.034    -0.0002881     0.0006049           1         136           0
    6.064     0.0000426     0.0005871           1         392           0
    6.094     0.0000053     0.0005658           1         392           0
    6.125    -0.0004630     0.0006063           1         392           0
    6.155    -0.0000411     0.0006158           1         392           0
    6.185    -0.0001091     0.0006234           1         392           0
    6.215    -0.0002381     0.0006088           1         392           0
    6.245     0.0003285     0.0006332           1         392           0
    6.276    -0.0001698     0.0006142           1         392           0
    6.306    -0.0000141     0.0007125           1         392           0
    6.336     0.0005268     0.0007150           1         392           0
    6.366     0.0011424     0.0007183           1         392           0
    6.397     0.0011547     0.0007064           1         392           0
    6.427     0.0013336     0.0007840           1         392           0
    6.457     0.0015432     0.0006984           1         392           0
    6.487     0.0021401     0.0007705           1         392           0
    6.518     0.0016974     0.0008302           1         392           0
    6.548     0.0020449     0.0008172           1         392           0
    6.578     0.0019382     0.0009107           1         392           0
    6.608     0.0017969     0.0009041           1         392           0
    6.639     0.0014378     0.0008375           1         136           0
    6.669     0.0008667     0.0007752           1         136           0
    6.699     0.0010362     0.0007279           1         136           0
    6.729     0.0013747     0.0007922           1         136           0
    6.760     0.0011050     0.0008748           1         136           0
    6.790     0.0006301     0.0009001           1         392           0
    6.820     0.0012158     0.0007094           1         392           0
    6.850     0.0012238     0.0010024           1         392           0
    6.881     0.0008252     0.0010056           1         392           0
    6.911     0.0009179     0.0009252           1         392           0
    6.941     0.0007939     0.0009547           1         392           0
    6.971     0.0006788     0.0009951           1         392           0
    7.002     0.0008301     0.0010522           1         392           0
    7.032     0.0005407     0.0011875           1         392           0
    7.062    -0.0005503     0.0009499           1         392           0
    7.092     0.0003534     0.0009907           1         392           0
    7.122     0.0004291     0.0009792           1         392           0
    7.153     0.0011309     0.0009770           1         392           0
    7.183     0.0014690     0.0004360           1         392           0
    7.213    -0.0001840     0.0008593           1         392           0
    7.243     0.0007089     0.0009538           1         392           0
    7.274     0.0045174     0.0009597           1         392           0
    7.304     0.0027950     0.0012252           1         392           0
    7.334     0.0013493     0.0015116           1       53312           0
    7.395    -0.0006000     0.0014857           1       18496           0
    7.455     0.0005972     0.0011759           1       18496           0
    7.516     0.0004270     0.0014690           1       53312           0
    7.576     0.0012084     0.0017848           1      153664           0
    7.637     0.0023232     0.0007920           1         392           0
    7.697     0.0024698     0.0007725           1         392           0
    7.758     0.0024745     0.0009907           1         392           0
    7.818     0.0029542     0.0008694           1         392           0
    7.879     0.0037845     0.0007570           1         392           0
    7.939     0.0037053     0.0006872           1         392           0
    8.000     0.0045630     0.0007917           1         392           0
    8.060     0.0028461     0.0007135           1         392           0
    8.120     0.0026332     0.0007206           1         392           0
    8.181     0.0022301     0.0007477           1         392           0
    8.241     0.0023691     0.0007160           1         392           0
    8.302     0.0023682     0.0006732           1         392           0
    8.362     0.0019296     0.0004421           2       16796           0
    8.423     0.0016472     0.0004821           2       16796           0
    8.483     0.0017485     0.0004679           2       16792           0
    8.544     0.0013479     0.0004716           2       16776           0
    8.604     0.0019995     0.0004435           2         392           0
    8.665     0.0016927     0.0004551           2         392           0
    8.725     0.0016481     0.0004502           2         392           0
    8.786     0.0015984     0.0004319           2         392           0
    8.846     0.0015782     0.0004172           2         392           0
    8.907     0.0020312     0.0004610           2         392           0
    8.967     0.0021903     0.0004632           2         392           0
    9.028     0.0021797     0.0005454           2         136           0
    9.088     0.0022431     0.0005525           2         136           0
    9.149     0.0013809     0.0005140           2         136           0
    9.209     0.0009828     0.0004383           2         136           0
    9.270     0.0008788     0.0004549           2         136           0
    9.330     0.0008817     0.0005180           2         136           0
    9.391     0.0011343     0.0004913           2         392           0
    9.451     0.0008791     0.0005736           2         392           0
    9.512     0.0006269     0.0004657           2         392           0
    9.572     0.0004968     0.0004687           2         392           0
    9.633     0.0007205     0.0004045           2         392           0
    9.693     0.0006502     0.0004370           2         392           0
    9.754     0.0006664     0.0004298           2       16796           0
    9.814     0.0007013     0.0004188           2       16796           0
    9.875     0.0004544     0.0004004           2         392           0
    9.935     0.0005149     0.0004415           2         392           0
    9.995     0.0004407     0.0004060           2         392           0
   10.056     0.0005096     0.0003916           2         392           0
   10.116     0.0007781     0.0003990           2         392           0
   10.177     0.0004148     0.0003576           2         392           0
   10.237     0.0000882     0.0003570           2         392           0
   10.298     0.0004128     0.0003616           2         392           0
   10.358     0.0009259     0.0003240           2         392           0
   10.419     0.0008260     0.0003174           2         392           0
   10.479     0.0004703     0.0003855           2         392           0
   10.540     0.0004473     0.0004036           2         392           0
   10.600     0.0002351     0.0004482           2         392           0
   10.661    -0.0000592     0.0003079           2         392           0
   10.721    -0.0000887     0.0003929           2         392           0
   10.782    -0.0001554     0.0004230           2         392           0
   10.842     0.0001373     0.0004234           2         392           0
   10.903     0.0001434     0.0004885           2         392           0
   10.963     0.0002448     0.0004895           2         392           0
   11.024     0.0000058     0.0003774           2         392           0
   11.084     0.0005104     0.0004878           2         392           0
   11.145     0.0005023     0.0004758           2         392           0
   11.205     0.0002185     0.0004871           2         392           0
   11.266     0.0008651     0.0004379           2         392           0
   11.326     0.0001690     0.0004833           2         392           0
   11.387     0.0002728     0.0004104           2         412           0
   11.447     0.0013330     0.0004728           2         412           0
   11.508     0.0004634     0.0004747           2         392           0
   11.568     0.0023307     0.0005825           2         392           0
   11.628     0.0024566     0.0005655           2         392           0
   11.689     0.0041516     0.0004799           2         392           0
   11.750     0.0043925     0.0004530           2         392           0
   11.810     0.0031321     0.0005090           2         392           0
   11.870     0.0029484     0.0005685           2         392           0
   11.931     0.0021474     0.0005269           2         392           0
   11.991     0.0015734     0.0005264           2         392           0
   12.052     0.0014880     0.0005637           2         392           0
   12.112     0.0012408     0.0005389           2         392           0
   12.173     0.0014085     0.0005293           2         392           0
   12.233     0.0013310     0.0005822           2         392           0
   12.294     0.0020397     0.0005924           2         392           0
   12.354     0.0024007     0.0006347           2         392           0
   12.415     0.0018701     0.0005880           2         392           0
   12.475     0.0015055     0.0006305           2         392           0
   12.536     0.0013922     0.0006077           2         392           0
   12.596     0.0013415     0.0005748           2         392           0
   12.657     0.0009018     0.0005662           2         392           0
   12.717     0.0012407     0.0005444           2         392           0
   12.778     0.0013866     0.0006474           2         392           0
   12.838     0.0014272     0.0006322           2         392           0
   12.899     0.0016645     0.0005534           2         392           0
   12.959     0.0011293     0.0006241           2         392           0
   13.020     0.0016663     0.0006227           2         392           0
   13.080     0.0021223     0.0006771           2         392           0
   13.141     0.0026176     0.0007426           2         392           0
   13.201     0.0024972     0.0006964           2         392           0
   13.262     0.0029338     0.0007798           2         392           0
   13.322     0.0032369     0.0005531           2         392           0
   13.383     0.0047231     0.0007650           2         392           0
   13.443     0.0028980     0.0007152           2         392           0
   13.503     0.0016141     0.0007645           2         392           0
   13.564     0.0011776     0.0008574           2         392           0
   13.625     0.0011977     0.0007939           2         392           0
   13.685     0.0021219     0.0007965           2         392           0
   13.745     0.0023303     0.0008164           2         392           0
   13.806     0.0022099     0.0007997           2         392           0
   13.866     0.0020529     0.0008466           2         392           0
   13.927     0.0025636     0.0007107           2         392           0
   13.987     0.0025521     0.0008889           2         392           0
   14.048     0.0023946     0.0008802           2         392           0
   14.108     0.0027533     0.0009560           2         392           0
   14.169     0.0025909     0.0010284           2         392           0
   14.229     0.0020201     0.0010618           2         392           0
   14.323     0.0007294     0.0006921           3        4360           0
   14.408     0.0011857     0.0006290           3        4360           0
   14.493     0.0010450     0.0006537           3        4360           0
   14.577     0.0013885     0.0016125           3        4360           0
   14.662     0.0009790     0.0039546           3        4360           0
   14.747     0.0008168     0.0027786           3        4360           0
   14.832     0.0016952     0.0037383           3        4360           0
   14.916     0.0011513     0.0007905           3        4360           0
   15.001     0.0012572     0.0007256           3        4360           0
   15.085     0.0008127     0.0007013           3        4360           0
   15.170     0.0008437     0.0006631           3        4360           0
   15.255     0.0008434     0.0008501           3        4360           0
   15.340     0.0000428     0.0006998           3        4360           0
   15.424     0.0005946     0.0004583           3        4360           0
   15.509     0.0014475     0.0004492           3        4360           0
   15.594     0.0011294     0.0005612           3        4360           0
   15.678     0.0003585     0.0004640           3        4360           0
   15.763     0.0008441     0.0005324           3        4360           0
   15.848     0.0014827     0.0004585           3        4360           0
   15.932     0.0018855     0.0008477           3        4360           0
   16.017     0.0021702     0.0012732           3        4360           0
   16.102     0.0019923     0.0009718           3        4360           0
   16.186     0.0026531     0.0009968           3        4360           0
   16.271     0.0042011     0.0006620           3        4360           0
   16.356     0.0017367     0.0007170           3        4360           0
   16.440     0.0011602     0.0006812           3        4360           0
   16.525     0.0017942     0.0004685           3        4360           0
   16.610     0.0003510     0.0008818           3        4360           0
   16.694     0.0011281     0.0031204           3        4360           0
   16.779     0.0002040     0.0041080           3        4360           0
   16.864     0.0007497     0.0007301           3        4360           0
   16.948     0.0017624     0.0010285           3        4360           0
   17.033     0.0010925     0.0008086           3        4360           0
   17.118     0.0016126     0.0013930           3        4360           0
   17.202     0.0022150     0.0011351           3        4360           0
   17.287     0.0012027     0.0009152           3        4360           0
   17.372     0.0021722     0.0008165           3        4360           0
   17.456     0.0020980     0.0036362           3        4360           0
   17.541     0.0023493     0.0016827           3        4360           0
   17.626     0.0015284     0.0020013           3        4360           0
   17.711     0.0021018     0.0024239           3        4360           0
   17.795     0.0030285     0.0020835           3        4360           0
   17.880     0.0025466     0.0021593           3        4360           0
   17.965     0.0020756     0.0027109           3        4360           0
   18.049     0.0019111     0.0007328           3        4360           0
   18.134     0.0030709     0.0008584           3        4360           0
   18.219     0.0014460     0.0011009           3        4360           0
   18.303     0.0008534     0.0010640           3        4360           0
   18.388     0.0019497     0.0012294           3        4360           0
   18.472     0.0008881     0.0010032           3        4360           0
   18.557     0.0039196     0.0010718           3        4360           0
   18.642     0.0018280     0.0009568           3        4360           0
   18.727     0.0021044     0.0009262           3        4360           0
   18.811     0.0021511     0.0008058           3        4360           0
   18.896     0.0036372     0.0006961           3        4360           0
   18.981     0.0028687     0.0022333           3        4360           0
   19.065     0.0011179     0.0030155           3        4360           0
   19.150     0.0015654     0.0012255           3        4360           0
   19.235     0.0012541     0.0022794           3    19009600           0
   19.404     0.0042855     0.0053853           3    19009600           0
   19.573     0.0019239     0.0014950           3    19009600           0
   19.743     0.0020214     0.0017223           3    19009600           0
   19.912     0.0019049     0.0017679           3    19009600           0
   20.081     0.0015617     0.0015333           3    19009600           0
   20.251     0.0018478     0.0014597           3    19009600           0
   20.420     0.0022483     0.0029510           3        4360           0
   20.590     0.0018254     0.0035380           3        4360           0
   20.759     0.0029304     0.0046846           3        4360           0
   20.928     0.0017860     0.0026473           3        4360           0
   21.097     0.0019567     0.0012143           4        4360           0
   21.267     0.0018821     0.0020971           4        4360           0
   21.436     0.0008463     0.0036758           4        4360           0
   21.606     0.0021140     0.0016036           4        4360           0
   21.775     0.0036259     0.0045690           4        4360           0
   21.944     0.0010908     0.0033785           4        4360           0
   22.114     0.0027199     0.0013735           4        4360           0
   22.283     0.0016748     0.0009201           4        4360           0
   22.452     0.0026906     0.0022237           4        4360           0
   22.622     0.0036477     0.0008730           4        4360           0
   22.791     0.0023002     0.0006794           4        4360           0
   22.960     0.0025557     0.0005703           4        4360           0
   23.130     0.0024923     0.0008064           4        4360           0
   23.299     0.0031016     0.0008165           4        4360           0
   23.469     0.0028543     0.0008434           4        4360           0
   23.638     0.0023610     0.0008890           4        4360           0
   23.807     0.0026617     0.0017741           4        4360           0
   23.976     0.0032897     0.0023426           4        4360           0
   24.146     0.0032839     0.0008052           4        4360           0
   24.315     0.0035419     0.0008573           4        4360           0
   24.485     0.0038066     0.0007331           4        4360           0
   24.654     0.0042904     0.0007668           4        4360           0
   24.823     0.0041840     0.0009593           4        4360           0
   24.993     0.0047551     0.0019976           4        4360           0
   25.162     0.0041066     0.0052740           4        4360           0
   25.331     0.0039880     0.0056855           4        4360           0
   25.501     0.0043439     0.0025178           4        4360           0
   25.670     0.0041162     0.0052716           4        4360           0
   25.839     0.0045588     0.0036756           4        4360           0
   26.009     0.0053690     0.0011965           4        4360           0
   26.178     0.0046521     0.0007168           4        4360           0
   26.347     0.0051310     0.0007717           4        4360           0
   26.517     0.0046345     0.0007895           4        4360           0
   26.686     0.0036182     0.0008533           4        4360           0
   26.856     0.0046976     0.0007836           4        4360           0
   27.025     0.0050051     0.0009282           4        4360           0
   27.194     0.0055183     0.0009587           4        4360           0
   27.364     0.0048410     0.0007511           4        4360           0
   27.533     0.0041812     0.0007151           4        4360           0
   27.702     0.0042720     0.0008598           4        4360           0
   27.872     0.0051829     0.0013300           4        4360           0
   28.041     0.0047438     0.0079711           4        4360           0
   28.210     0.0038763     0.0009811           4        4360           0
   28.380     0.0047236     0.0011147           4        4360           0
   28.549     0.0065255     0.0012662           4        4360           0
   28.719     0.0050715     0.0009279           4        4360           0
   28.888     0.0049651     0.0009075           4        4360           0
   29.057     0.0049724     0.0009940           4        4360           0
   29.226     0.0067061     0.0011086           4        4360           0
   29.396     0.0064440     0.0006900           4        4360           0
   29.565     0.0071649     0.0089573           4        4360           0
   29.735     0.0060011     0.0030627           4        4360           0
   29.904     0.0054771     0.0022386           4        4360           0
   30.073     0.0066331     0.0042898           4        4360           0
   30.243     0.0059648     0.0011913           4        4360           0
   30.412     0.0047848     0.0036550           4        4360           0
   30.581     0.0066988     0.0117594           4        4360           0
   30.751     0.0069890     0.0079700           4        4360           0
   30.920     0.0064164     0.0017647           4        4360           0
   31.089     0.0066272     0.0016408           4        4360           0
   31.259     0.0065053     0.0013449           4        4360           0
   31.428     0.0065075     0.0029746           4        4360           0
   31.597     0.0076986     0.0023076           4        4360           0
   31.767     0.0083130     0.0012673           4        4360           0
   31.936     0.0081613     0.0012638           4        4360           0
   32.105     0.0081329     0.0013343           4        4360           0
   32.275     0.0078829     0.0016042           4        4360           0
   32.444     0.0056489     0.0019048           4        4360           0
   32.614     0.0051571     0.0019960           4        4360           0
   32.783     0.0063143     0.0019811           4        4360           0
   32.952     0.0065246     0.0023505           4        4360           0
   33.122     0.0075224     0.0069819           4        4360           0
   33.291     0.0087053     0.0025871           4        4360           0
   33.460     0.0097485     0.0023579           4        4360           0
   33.630     0.0082574     0.0023098           4        4360           0
   33.799     0.0076790     0.0024750           4        4360           0
   33.968     0.0063326     0.0027445           4        4360           0
   34.138     0.0057298     0.0036058           4        4360           0
   34.307     0.0076557     0.0045431           4        4360           0
   34.477     0.0080515     0.0030241           4        4360           0
   34.646     0.0098422     0.0025244           4        4360           0
   34.815     0.0108877     0.0042331           4        4360           0
   34.985     0.0112211     0.0245973           4        4360           0
   35.154     0.0106474     0.0148973           4        4360           0
   35.323     0.0047933     0.0351477           4        4360           0
   35.493     0.0058561     0.0089735           4        4360           0
   35.662     0.0066255     0.0046682           4        4360           0
   35.831     0.0060973     0.0063504           4        4360           0
   36.001     0.0051793     0.0062987           4        4360           0
   36.170     0.0098502     0.0090071           4        4360           0
   36.339     0.0119191     0.0121265           4        4360           0
   36.509     0.0118111     0.0067599           4        4360           0
   36.678     0.0067520     0.0067792           4        4360           0
   36.847     0.0024191     0.0082182           4        4360           0
   37.017     0.0003097     0.0160932           4        4360           0
   37.186    -0.0081222     0.0098315           4        4360           0
   37.355    -0.0051259     0.0073848           4        4360           0
   37.525     0.0038953     0.0065358           4        4360           0
   37.694     0.0108321     0.0159680           4        4360           0
   37.864     0.0020646     0.0226862           4        4360           0
   38.033     0.0138010     0.0422324           4        4360           0
   38.202     0.0192713     0.0839463           4        4360           0
   38.372    -0.0015597     0.0198272           4        4360           0
   38.541    -0.0036335     0.0416557           4        4360           0
   38.710    -0.0359217     0.0297450           4        4360           0
   38.880    -0.0099275     0.0241335           4        4360           0
   39.049    -0.0010544     0.1824023           4        4360           0
   39.218    -0.0013714     0.0680439           4        4360           0
   39.388    -0.0282362     0.0218320           4        4360           0
   39.557    -0.0165718     0.0632592           4        4360           0
   39.727    -0.0133901     0.0188228           4        4360           0
   39.896    -0.0146746     0.0307815           4        4488           0
   40.065     0.0026314     0.0190075           4        4488           0
   40.235    -0.0001593     0.0074506           4        4488           0
   40.404    -0.0007990     0.0042788           4        4488           0
   40.573    -0.0004230     0.0018214           4        4488           0
   40.743     0.0000478     0.0007376           4        4508           0
   40.912     0.0001954     0.0003984           4        4488           0
   41.081     0.0003093     0.0005747           4        4488           0
   41.251     0.0002107     0.0003863           4        4488           0
   41.420     0.0000805     0.0004926           4        4488           0
   41.589     0.0001047     0.0006938           4        4488           0
   41.759     0.0001290     0.0004551           4        4488           0
   41.928     0.0000236     0.0015886           4        4508           0
   42.097    -0.0006276     0.0009403           4        4508           0
   42.267     0.0008035     0.0009994           4        4488           0
