wave flux error channelflag bitflag stitchflag
    5.127     0.0003674     0.0032836           1         392           0
    5.157     0.0008410     0.0021660           1         136           0
    5.187     0.0005648     0.0010038           1         136           0
    5.217     0.0007603     0.0005727           1         136           0
    5.247     0.0013357     0.0006114           1         136           0
    5.278     0.0012281     0.0006296           1         136           0
    5.308     0.0012470     0.0006450           1         136           0
    5.338     0.0010906     0.0005454           1         392           0
    5.368     0.0010268     0.0004702           1         392           0
    5.399     0.0013022     0.0005675           1       16776           0
    5.429     0.0011946     0.0005716           1       16796           0
    5.459     0.0010532     0.0004608           1       16796           0
    5.489     0.0013643     0.0004882           1         392           0
    5.520     0.0012456     0.0004510           1         392           0
    5.550     0.0011532     0.0004817           1         392           0
    5.580     0.0013595     0.0004925           1         392           0
    5.610     0.0011638     0.0004366           1         392           0
    5.641     0.0010896     0.0004549           1        8468           0
    5.671     0.0012873     0.0004711           1        8468           0
    5.701     0.0014522     0.0004608           1         392           0
    5.731     0.0016170     0.0004733           1         392           0
    5.762     0.0012271     0.0005078           1         412           0
    5.792     0.0009209     0.0004994           1         412           0
    5.822     0.0011269     0.0004918           1         392           0
    5.852     0.0013007     0.0005598           1         392           0
    5.883     0.0013751     0.0005510           1         392           0
    5.913     0.0015375     0.0004972           1         136           0
    5.943     0.0014147     0.0005516           1         136           0
    5.973     0.0015372     0.0004356           1         136           0
    6.004     0.0018938     0.0004636           1         136           0
    6.034     0.0021260     0.0004969           1         136           0
    6.064     0.0022358     0.0005038           1         392           0
    6.094     0.0025260     0.0004961           1         392           0
    6.125     0.0024028     0.0005365           1         392           0
    6.155     0.0019803     0.0005152           1         392           0
    6.185     0.0015512     0.0004967           1         392           0
    6.215     0.0017181     0.0004746           1         392           0
    6.245     0.0019121     0.0005122           1         392           0
    6.276     0.0019887     0.0005466           1         392           0
    6.306     0.0019026     0.0005160           1         392           0
    6.336     0.0021496     0.0005915           1         392           0
    6.366     0.0022903     0.0005758           1         392           0
    6.397     0.0024049     0.0005926           1         392           0
    6.427     0.0027296     0.0005358           1         392           0
    6.457     0.0024847     0.0005532           1         392           0
    6.487     0.0027857     0.0005810           1         392           0
    6.518     0.0033203     0.0006287           1         392           0
    6.548     0.0038245     0.0006863           1         392           0
    6.578     0.0052054     0.0006226           1         392           0
    6.608     0.0062034     0.0007117           1         392           0
    6.639     0.0071459     0.0007073           1         136           0
    6.669     0.0078842     0.0006892           1         136           0
    6.699     0.0082355     0.0006114           1         136           0
    6.729     0.0071317     0.0004201           1         136           0
    6.760     0.0061795     0.0006691           1         136           0
    6.790     0.0052257     0.0006989           1         392           0
    6.820     0.0048270     0.0007324           1         392           0
    6.850     0.0038073     0.0007111           1         392           0
    6.881     0.0038488     0.0007202           1         392           0
    6.911     0.0036526     0.0007639           1         392           0
    6.941     0.0034643     0.0007278           1         392           0
    6.971     0.0032738     0.0007542           1         392           0
    7.002     0.0034519     0.0008022           1         392           0
    7.032     0.0035695     0.0008907           1         392           0
    7.062     0.0033591     0.0008661           1         392           0
    7.092     0.0036470     0.0008209           1         392           0
    7.122     0.0038101     0.0008193           1         392           0
    7.153     0.0033086     0.0008149           1         392           0
    7.183     0.0034436     0.0007795           1         392           0
    7.213     0.0034414     0.0008332           1         392           0
    7.243     0.0032264     0.0008606           1         392           0
    7.274     0.0036579     0.0010554           1         392           0
    7.304     0.0039034     0.0009412           1         392           0
    7.334     0.0050835     0.0011673           1       53312           0
    7.395     0.0045670     0.0013757           1       18496           0
    7.455     0.0058728     0.0011536           1       18496           0
    7.516     0.0056874     0.0011128           1       53312           0
    7.576     0.0049603     0.0013973           1      153664           0
    7.637     0.0050334     0.0006255           1         392           0
    7.697     0.0054300     0.0005134           1         392           0
    7.758     0.0056448     0.0007344           1         392           0
    7.818     0.0064144     0.0007485           1         392           0
    7.879     0.0072916     0.0007022           1         392           0
    7.939     0.0086551     0.0006631           1         392           0
    8.000     0.0104431     0.0006249           1         392           0
    8.060     0.0123654     0.0006547           1         392           0
    8.120     0.0144157     0.0006181           1         392           0
    8.181     0.0144301     0.0005555           1         392           0
    8.241     0.0140191     0.0005319           1         392           0
    8.302     0.0141683     0.0005476           1         392           0
    8.362     0.0141456     0.0004028           2       16796           0
    8.423     0.0132168     0.0003732           2       16796           0
    8.483     0.0123202     0.0003200           2       16792           0
    8.544     0.0110096     0.0003745           2       16776           0
    8.604     0.0102145     0.0003716           2         392           0
    8.665     0.0092225     0.0003858           2         392           0
    8.725     0.0082059     0.0004096           2         392           0
    8.786     0.0077859     0.0003305           2         392           0
    8.846     0.0077647     0.0003100           2         392           0
    8.907     0.0077331     0.0003418           2         392           0
    8.967     0.0075879     0.0004046           2         392           0
    9.028     0.0078003     0.0003835           2         136           0
    9.088     0.0080591     0.0004080           2         136           0
    9.149     0.0087199     0.0004425           2         136           0
    9.209     0.0088555     0.0003818           2         136           0
    9.270     0.0081848     0.0003897           2         136           0
    9.330     0.0068245     0.0004056           2         136           0
    9.391     0.0057903     0.0003183           2         392           0
    9.451     0.0051859     0.0004105           2         392           0
    9.512     0.0040299     0.0003807           2         392           0
    9.572     0.0039133     0.0003879           2         392           0
    9.633     0.0033199     0.0003419           2         392           0
    9.693     0.0032149     0.0003709           2         392           0
    9.754     0.0025591     0.0003253           2       16796           0
    9.814     0.0025968     0.0003008           2       16796           0
    9.875     0.0022093     0.0003339           2         392           0
    9.935     0.0021105     0.0003149           2         392           0
    9.995     0.0022884     0.0003187           2         392           0
   10.056     0.0022446     0.0003310           2         392           0
   10.116     0.0021908     0.0003134           2         392           0
   10.177     0.0022228     0.0003039           2         392           0
   10.237     0.0020129     0.0003036           2         392           0
   10.298     0.0022267     0.0003046           2         392           0
   10.358     0.0025727     0.0003118           2         392           0
   10.419     0.0023382     0.0003301           2         392           0
   10.479     0.0019631     0.0003440           2         392           0
   10.540     0.0017480     0.0003376           2         392           0
   10.600     0.0018330     0.0003440           2         392           0
   10.661     0.0017728     0.0003609           2         392           0
   10.721     0.0019742     0.0003532           2         392           0
   10.782     0.0019192     0.0003535           2         392           0
   10.842     0.0019745     0.0003690           2         392           0
   10.903     0.0019712     0.0003863           2         392           0
   10.963     0.0019233     0.0003935           2         392           0
   11.024     0.0018783     0.0004092           2         392           0
   11.084     0.0019869     0.0004074           2         392           0
   11.145     0.0023446     0.0004288           2         392           0
   11.205     0.0023798     0.0004110           2         392           0
   11.266     0.0024846     0.0004091           2         392           0
   11.326     0.0030232     0.0004495           2         392           0
   11.387     0.0029812     0.0004081           2         412           0
   11.447     0.0031656     0.0004274           2         412           0
   11.508     0.0030059     0.0004352           2         392           0
   11.568     0.0035696     0.0004474           2         392           0
   11.628     0.0035233     0.0004452           2         392           0
   11.689     0.0037638     0.0004578           2         392           0
   11.750     0.0042501     0.0004697           2         392           0
   11.810     0.0050839     0.0004518           2         392           0
   11.870     0.0069742     0.0004603           2         392           0
   11.931     0.0090110     0.0003272           2         392           0
   11.991     0.0139558     0.0002993           2         392           0
   12.052     0.0183619     0.0003849           2         392           0
   12.112     0.0170864     0.0003697           2         392           0
   12.173     0.0140396     0.0004375           2         392           0
   12.233     0.0114666     0.0004479           2         392           0
   12.294     0.0096062     0.0004697           2         392           0
   12.354     0.0087593     0.0004801           2         392           0
   12.415     0.0078106     0.0004623           2         392           0
   12.475     0.0075706     0.0004613           2         392           0
   12.536     0.0072546     0.0004622           2         392           0
   12.596     0.0071310     0.0004681           2         392           0
   12.657     0.0073887     0.0004636           2         392           0
   12.717     0.0075306     0.0004487           2         392           0
   12.778     0.0082038     0.0004566           2         392           0
   12.838     0.0087787     0.0004526           2         392           0
   12.899     0.0084931     0.0004781           2         392           0
   12.959     0.0086416     0.0005144           2         392           0
   13.020     0.0087922     0.0005175           2         392           0
   13.080     0.0085264     0.0005342           2         392           0
   13.141     0.0095094     0.0005361           2         392           0
   13.201     0.0100467     0.0005401           2         392           0
   13.262     0.0099678     0.0005653           2         392           0
   13.322     0.0106702     0.0005938           2         392           0
   13.383     0.0113228     0.0006076           2         392           0
   13.443     0.0120395     0.0005648           2         392           0
   13.503     0.0126144     0.0005993           2         392           0
   13.564     0.0133901     0.0005791           2         392           0
   13.625     0.0146415     0.0005417           2         392           0
   13.685     0.0186731     0.0006556           2         392           0
   13.745     0.0202331     0.0005859           2         392           0
   13.806     0.0125897     0.0004845           2         392           0
   13.866     0.0098143     0.0006690           2         392           0
   13.927     0.0091545     0.0006826           2         392           0
   13.987     0.0084227     0.0007310           2         392           0
   14.048     0.0086709     0.0006619           2         392           0
   14.108     0.0084627     0.0006669           2         392           0
   14.169     0.0075946     0.0007768           2         392           0
   14.229     0.0082961     0.0007872           2         392           0
   14.323     0.0090777     0.0006026           3        4360           0
   14.408     0.0086545     0.0005708           3        4360           0
   14.493     0.0089509     0.0004864           3        4360           0
   14.577     0.0089743     0.0006022           3        4360           0
   14.662     0.0088714     0.0006468           3        4360           0
   14.747     0.0078073     0.0006422           3        4360           0
   14.832     0.0073817     0.0007822           3        4360           0
   14.916     0.0080516     0.0006865           3        4360           0
   15.001     0.0086767     0.0005931           3        4360           0
   15.085     0.0088481     0.0007945           3        4360           0
   15.170     0.0090259     0.0006790           3        4360           0
   15.255     0.0088517     0.0006811           3        4360           0
   15.340     0.0085710     0.0007565           3        4360           0
   15.424     0.0081220     0.0005922           3        4360           0
   15.509     0.0082331     0.0004689           3        4360           0
   15.594     0.0080510     0.0005195           3        4360           0
   15.678     0.0079281     0.0006033           3        4360           0
   15.763     0.0080885     0.0005805           3        4360           0
   15.848     0.0074103     0.0005725           3        4360           0
   15.932     0.0058849     0.0006208           3        4360           0
   16.017     0.0078065     0.0007495           3        4360           0
   16.102     0.0079042     0.0007899           3        4360           0
   16.186     0.0082284     0.0008261           3        4360           0
   16.271     0.0086239     0.0007651           3        4360           0
   16.356     0.0084216     0.0006457           3        4360           0
   16.440     0.0086278     0.0007287           3        4360           0
   16.525     0.0083540     0.0006295           3        4360           0
   16.610     0.0084165     0.0005834           3        4360           0
   16.694     0.0095299     0.0005224           3        4360           0
   16.779     0.0097968     0.0006019           3        4360           0
   16.864     0.0089021     0.0008841           3        4360           0
   16.948     0.0086875     0.0008844           3        4360           0
   17.033     0.0084207     0.0006843           3        4360           0
   17.118     0.0096487     0.0018565           3        4360           0
   17.202     0.0106208     0.0010528           3        4360           0
   17.287     0.0098388     0.0007825           3        4360           0
   17.372     0.0096345     0.0006624           3        4360           0
   17.456     0.0099046     0.0004941           3        4360           0
   17.541     0.0140557     0.0005167           3        4360           0
   17.626     0.0152357     0.0006756           3        4360           0
   17.711     0.0141463     0.0006760           3        4360           0
   17.795     0.0134966     0.0019346           3        4360           0
   17.880     0.0140191     0.0020297           3        4360           0
   17.965     0.0140683     0.0008164           3        4360           0
   18.049     0.0137962     0.0008222           3        4360           0
   18.134     0.0145358     0.0008610           3        4360           0
   18.219     0.0169882     0.0009165           3        4360           0
   18.303     0.0196247     0.0009123           3        4360           0
   18.388     0.0152311     0.0010403           3        4360           0
   18.472     0.0141198     0.0010167           3        4360           0
   18.557     0.0161592     0.0010218           3        4360           0
   18.642     0.0147784     0.0008863           3        4360           0
   18.727     0.0143944     0.0007612           3        4360           0
   18.811     0.0146063     0.0009499           3        4360           0
   18.896     0.0126295     0.0009368           3        4360           0
   18.981     0.0130409     0.0009933           3        4360           0
   19.065     0.0139797     0.0012351           3        4360           0
   19.150     0.0139374     0.0008291           3        4360           0
   19.235     0.0063584     0.0013024           3    19009600           0
   19.404     0.0126357     0.0021955           3    19009600           0
   19.573     0.0128237     0.0015280           3    19009600           0
   19.743     0.0123434     0.0079707           3    19009600           0
   19.912     0.0140524     0.0020842           3    19009600           0
   20.081     0.0146746     0.0043657           3        4360           0
   20.251     0.0123489     0.0023146           3        4360           0
   20.420     0.0121121     0.0091394           3        4360           0
   20.590     0.0127915     0.0022578           3        4360           0
   20.759     0.0142712     0.0021324           3        4360           0
   20.928     0.0151621     0.0056833           3        4360           0
   21.097     0.0148086     0.0007593           4        4360           0
   21.267     0.0149413     0.0010809           4        4360           0
   21.436     0.0158309     0.0010991           4        4360           0
   21.606     0.0160682     0.0012101           4        4360           0
   21.775     0.0176895     0.0010730           4        4360           0
   21.944     0.0153518     0.0021173           4        4360           0
   22.114     0.0188177     0.0012226           4        4360           0
   22.283     0.0178689     0.0008793           4        4360           0
   22.452     0.0185436     0.0009589           4        4360           0
   22.622     0.0198360     0.0012163           4        4360           0
   22.791     0.0195666     0.0006317           4        4360           0
   22.960     0.0205004     0.0006532           4        4360           0
   23.130     0.0198694     0.0007618           4        4360           0
   23.299     0.0201665     0.0007793           4        4360           0
   23.469     0.0214664     0.0007746           4        4360           0
   23.638     0.0214570     0.0007657           4        4360           0
   23.807     0.0214843     0.0006150           4        4360           0
   23.976     0.0220138     0.0006146           4        4360           0
   24.146     0.0226412     0.0008382           4        4360           0
   24.315     0.0237040     0.0009122           4        4360           0
   24.485     0.0252468     0.0009459           4        4360           0
   24.654     0.0253008     0.0007680           4        4360           0
   24.823     0.0252604     0.0009161           4        4360           0
   24.993     0.0256478     0.0010752           4        4360           0
   25.162     0.0286363     0.0008007           4        4360           0
   25.331     0.0289744     0.0008926           4        4360           0
   25.501     0.0288735     0.0010911           4        4360           0
   25.670     0.0294121     0.0010341           4        4360           0
   25.839     0.0291934     0.0102697           4        4360           0
   26.009     0.0294062     0.0022146           4        4360           0
   26.178     0.0301921     0.0007459           4        4360           0
   26.347     0.0312769     0.0012410           4        4360           0
   26.517     0.0309210     0.0008493           4        4360           0
   26.686     0.0318310     0.0009065           4        4360           0
   26.856     0.0330640     0.0008448           4        4360           0
   27.025     0.0347243     0.0006929           4        4360           0
   27.194     0.0360187     0.0006785           4        4360           0
   27.364     0.0365045     0.0008168           4        4360           0
   27.533     0.0366395     0.0007722           4        4360           0
   27.702     0.0374917     0.0017293           4        4360           0
   27.872     0.0397375     0.0051169           4        4360           0
   28.041     0.0384810     0.0009227           4        4360           0
   28.210     0.0399565     0.0011161           4        4360           0
   28.380     0.0400720     0.0009768           4        4360           0
   28.549     0.0412790     0.0009419           4        4360           0
   28.719     0.0406700     0.0013845           4        4360           0
   28.888     0.0415957     0.0009898           4        4360           0
   29.057     0.0434081     0.0010209           4        4360           0
   29.226     0.0453790     0.0010345           4        4360           0
   29.396     0.0453461     0.0015333           4        4360           0
   29.565     0.0428796     0.0040183           4        4360           0
   29.735     0.0441970     0.0036405           4        4360           0
   29.904     0.0502901     0.0008635           4        4360           0
   30.073     0.0500255     0.0010198           4        4360           0
   30.243     0.0514879     0.0015213           4        4360           0
   30.412     0.0532167     0.0031033           4        4360           0
   30.581     0.0525628     0.0020464           4        4360           0
   30.751     0.0538941     0.0031610           4        4360           0
   30.920     0.0534587     0.0019014           4        4360           0
   31.089     0.0535551     0.0013724           4        4360           0
   31.259     0.0560609     0.0010572           4        4360           0
   31.428     0.0563428     0.0011539           4        4360           0
   31.597     0.0567746     0.0011533           4        4360           0
   31.767     0.0583188     0.0009579           4        4360           0
   31.936     0.0599155     0.0016900           4        4360           0
   32.105     0.0627112     0.0013376           4        4360           0
   32.275     0.0615164     0.0018060           4        4360           0
   32.444     0.0616243     0.0023293           4        4360           0
   32.614     0.0576066     0.0049984           4        4360           0
   32.783     0.0660851     0.0016583           4        4360           0
   32.952     0.0634852     0.0020780           4        4360           0
   33.122     0.0656540     0.0069906           4        4360           0
   33.291     0.0686247     0.0023225           4        4360           0
   33.460     0.0715327     0.0029635           4        4360           0
   33.630     0.0754015     0.0014740           4        4360           0
   33.799     0.0682297     0.0023874           4        4360           0
   33.968     0.0694605     0.0025889           4        4360           0
   34.138     0.0748821     0.0031481           4        4360           0
   34.307     0.0762108     0.0033185           4        4360           0
   34.477     0.0668094     0.0033400           4        4360           0
   34.646     0.0739360     0.0025287           4        4360           0
   34.815     0.0767923     0.0048306           4        4360           0
   34.985     0.0852256     0.0194681           4        4360           0
   35.154     0.0784449     0.0074651           4        4360           0
   35.323     0.0765282     0.0048629           4        4360           0
   35.493     0.0820079     0.0037681           4        4360           0
   35.662     0.0918605     0.0052273           4        4360           0
   35.831     0.0906705     0.0043622           4        4360           0
   36.001     0.0901424     0.0037390           4        4360           0
   36.170     0.0907333     0.0057726           4        4360           0
   36.339     0.0931674     0.0082261           4        4360           0
   36.509     0.0931000     0.0125826           4        4360           0
   36.678     0.0898049     0.0093638           4        4360           0
   36.847     0.0970289     0.0058306           4        4360           0
   37.017     0.0743693     0.0077364           4        4360           0
   37.186     0.1051229     0.0065225           4        4360           0
   37.355     0.1046402     0.0069612           4        4360           0
   37.525     0.0988117     0.0070944           4        4360           0
   37.694     0.0775573     0.0064407           4        4360           0
   37.864     0.1107632     0.0121776           4        4360           0
   38.033     0.0909974     0.0624039           4        4360           0
   38.202     0.0531989     0.0998725           4        4360           0
   38.372     0.0606023     0.0182130           4        4360           0
   38.541     0.0212798     0.0451763           4        4360           0
   38.710     0.0868379     0.0201737           4        4360           0
   38.880     0.0874769     0.0285587           4        4360           0
   39.049     0.0902946     0.0719589           4        4360           0
   39.218     0.0855389     0.0247079           4        4360           0
   39.388     0.0756516     0.0217191           4        4360           0
   39.557     0.0814316     0.0680169           4        4360           0
   39.727     0.0834528     0.1177704           4        4360           0
   39.896     0.0343363     0.0436961           4        4488           0
   40.065     0.0061905     0.0110935           4        4488           0
   40.235     0.0057919     0.0052080           4        4488           0
   40.404     0.0217293     0.0022513           4        4488           0
   40.573     0.0151020     0.0007240           4        4488           0
   40.743     0.0027795     0.0004125           4        4508           0
   40.912     0.0006404     0.0002198           4        4488           0
   41.081    -0.0000005     0.0000743           4        4488           0
   41.251     0.0001662     0.0001471           4        4488           0
   41.420     0.0001035     0.0002931           4        4488           0
   41.589     0.0006320     0.0002330           4        4488           0
   41.759     0.0021570     0.0002420           4        4488           0
   41.928     0.0017994     0.0013163           4        4508           0
   42.097     0.0000190     0.0007017           4        4508           0
   42.267     0.0041471     0.0009910           4        4488           0
