wave flux error channelflag bitflag stitchflag
    5.127     0.0002645     0.0038059           1         392           0
    5.157     0.0001673     0.0019698           1         136           0
    5.187    -0.0005503     0.0009215           1         136           0
    5.217    -0.0001968     0.0005804           1         136           0
    5.247    -0.0004542     0.0005877           1         136           0
    5.278    -0.0001727     0.0006757           1         136           0
    5.308    -0.0000661     0.0006032           1         136           0
    5.338     0.0000779     0.0005733           1         392           0
    5.368    -0.0003899     0.0006372           1         392           0
    5.399    -0.0000319     0.0006160           1       16776           0
    5.429    -0.0002127     0.0006354           1       16796           0
    5.459     0.0001835     0.0006174           1       16796           0
    5.489    -0.0000071     0.0005435           1         392           0
    5.520    -0.0001248     0.0005559           1         392           0
    5.550    -0.0006415     0.0004848           1         392           0
    5.580    -0.0002213     0.0005234           1         392           0
    5.610    -0.0001374     0.0004748           1         392           0
    5.641    -0.0000724     0.0004367           1        8468           0
    5.671    -0.0002942     0.0004610           1        8468           0
    5.701    -0.0002583     0.0004515           1         392           0
    5.731    -0.0003731     0.0004263           1         392           0
    5.762    -0.0002103     0.0004440           1         412           0
    5.792     0.0002875     0.0004011           1         412           0
    5.822     0.0002308     0.0004127           1         392           0
    5.852    -0.0000374     0.0004556           1         392           0
    5.883    -0.0000016     0.0005049           1         392           0
    5.913     0.0000024     0.0005184           1         136           0
    5.943    -0.0000928     0.0004695           1         136           0
    5.973     0.0000186     0.0004852           1         136           0
    6.004    -0.0001119     0.0004569           1         136           0
    6.034    -0.0000621     0.0004310           1         136           0
    6.064     0.0002224     0.0004326           1         392           0
    6.094     0.0000977     0.0004369           1         392           0
    6.125     0.0000255     0.0004286           1         392           0
    6.155     0.0000924     0.0004229           1         392           0
    6.185     0.0000142     0.0004477           1         392           0
    6.215    -0.0000447     0.0004695           1         392           0
    6.245     0.0001779     0.0004501           1         392           0
    6.276     0.0000622     0.0004440           1         392           0
    6.306    -0.0001890     0.0005029           1         392           0
    6.336    -0.0005106     0.0005798           1         392           0
    6.366     0.0001229     0.0004922           1         392           0
    6.397    -0.0000012     0.0005275           1         392           0
    6.427     0.0004172     0.0005307           1         392           0
    6.457     0.0007347     0.0005299           1         392           0
    6.487     0.0003297     0.0005676           1         392           0
    6.518     0.0000849     0.0006012           1         392           0
    6.548     0.0005407     0.0006576           1         392           0
    6.578     0.0003047     0.0007990           1         392           0
    6.608     0.0000835     0.0007652           1         392           0
    6.639     0.0004779     0.0007652           1         136           0
    6.669     0.0002409     0.0007068           1         136           0
    6.699     0.0000525     0.0006750           1         136           0
    6.729     0.0002566     0.0006563           1         136           0
    6.760     0.0005867     0.0006763           1         136           0
    6.790     0.0003143     0.0008136           1         392           0
    6.820    -0.0000068     0.0008244           1         392           0
    6.850     0.0004851     0.0008109           1         392           0
    6.881     0.0006795     0.0008170           1         392           0
    6.911     0.0004903     0.0007469           1         392           0
    6.941     0.0007050     0.0008304           1         392           0
    6.971     0.0003608     0.0008300           1         392           0
    7.002     0.0004454     0.0008000           1         392           0
    7.032     0.0004621     0.0007754           1         392           0
    7.062     0.0008296     0.0007826           1         392           0
    7.092     0.0003537     0.0007390           1         392           0
    7.122     0.0000027     0.0007206           1         392           0
    7.153     0.0001467     0.0007069           1         392           0
    7.183     0.0002381     0.0006748           1         392           0
    7.213    -0.0000018     0.0007168           1         392           0
    7.243    -0.0001508     0.0007271           1         392           0
    7.274    -0.0000452     0.0007319           1         392           0
    7.304     0.0004409     0.0008209           1         392           0
    7.334     0.0003833     0.0010537           1       53312           0
    7.395     0.0001101     0.0010677           1       18496           0
    7.455     0.0003834     0.0009828           1       18496           0
    7.516     0.0001856     0.0009816           1       53312           0
    7.576    -0.0001239     0.0013216           1      153664           0
    7.637     0.0002187     0.0004750           1         392           0
    7.697     0.0001444     0.0005356           1         392           0
    7.758     0.0002661     0.0007263           1         392           0
    7.818     0.0003833     0.0006970           1         392           0
    7.879     0.0005475     0.0006905           1         392           0
    7.939     0.0011803     0.0005305           1         392           0
    8.000     0.0009127     0.0006292           1         392           0
    8.060     0.0009518     0.0005577           1         392           0
    8.120     0.0005053     0.0005076           1         392           0
    8.181     0.0006657     0.0005137           1         392           0
    8.241     0.0008452     0.0005308           1         392           0
    8.302     0.0007198     0.0006438           1         392           0
    8.362     0.0008331     0.0003188           2       16796           0
    8.423     0.0004706     0.0003659           2       16796           0
    8.483     0.0003920     0.0003734           2       16792           0
    8.544     0.0004943     0.0003870           2       16776           0
    8.604     0.0006688     0.0003979           2         392           0
    8.665     0.0003825     0.0003545           2         392           0
    8.725     0.0005538     0.0003628           2         392           0
    8.786     0.0008211     0.0003388           2         392           0
    8.846     0.0006031     0.0003724           2         392           0
    8.907     0.0005632     0.0003959           2         392           0
    8.967     0.0002672     0.0004173           2         392           0
    9.028     0.0005261     0.0004200           2         136           0
    9.088     0.0007840     0.0004616           2         136           0
    9.149     0.0002862     0.0004464           2         136           0
    9.209     0.0005191     0.0004512           2         136           0
    9.270     0.0011598     0.0002816           2         136           0
    9.330     0.0003338     0.0004462           2         136           0
    9.391     0.0002140     0.0004422           2         392           0
    9.451     0.0004107     0.0004221           2         392           0
    9.512     0.0002496     0.0003813           2         392           0
    9.572     0.0003129     0.0003576           2         392           0
    9.633     0.0003610     0.0003393           2         392           0
    9.693     0.0001919     0.0003605           2         392           0
    9.754     0.0001707     0.0003348           2       16796           0
    9.814     0.0002027     0.0003136           2       16796           0
    9.875     0.0002983     0.0003093           2         392           0
    9.935     0.0002758     0.0002986           2         392           0
    9.995     0.0003060     0.0003027           2         392           0
   10.056     0.0003488     0.0002923           2         392           0
   10.116     0.0005789     0.0002953           2         392           0
   10.177     0.0007560     0.0002051           2         392           0
   10.237     0.0005422     0.0002486           2         392           0
   10.298     0.0006190     0.0002478           2         392           0
   10.358     0.0003324     0.0002996           2         392           0
   10.419     0.0003371     0.0003108           2         392           0
   10.479     0.0003344     0.0003177           2         392           0
   10.540     0.0005359     0.0003090           2         392           0
   10.600     0.0007276     0.0003191           2         392           0
   10.661     0.0007715     0.0002806           2         392           0
   10.721     0.0003266     0.0003327           2         392           0
   10.782     0.0003941     0.0003467           2         392           0
   10.842     0.0004525     0.0003000           2         392           0
   10.903     0.0003768     0.0003737           2         392           0
   10.963     0.0003404     0.0003623           2         392           0
   11.024     0.0007296     0.0003715           2         392           0
   11.084     0.0005803     0.0003915           2         392           0
   11.145     0.0005117     0.0004002           2         392           0
   11.205     0.0001538     0.0004289           2         392           0
   11.266     0.0004406     0.0004434           2         392           0
   11.326     0.0004467     0.0004555           2         392           0
   11.387     0.0007337     0.0004042           2         412           0
   11.447     0.0004096     0.0004614           2         412           0
   11.508     0.0001396     0.0004496           2         392           0
   11.568     0.0006372     0.0004659           2         392           0
   11.628     0.0005593     0.0005061           2         392           0
   11.689     0.0013337     0.0004104           2         392           0
   11.750     0.0030131     0.0003473           2         392           0
   11.810     0.0035630     0.0003474           2         392           0
   11.870     0.0030352     0.0003309           2         392           0
   11.931     0.0022720     0.0003357           2         392           0
   11.991     0.0020380     0.0003411           2         392           0
   12.052     0.0014737     0.0004367           2         392           0
   12.112     0.0022365     0.0002998           2         392           0
   12.173     0.0013573     0.0003842           2         392           0
   12.233     0.0008259     0.0004510           2         392           0
   12.294     0.0008797     0.0004221           2         392           0
   12.354     0.0007464     0.0004650           2         392           0
   12.415     0.0005756     0.0004488           2         392           0
   12.475     0.0010406     0.0004343           2         392           0
   12.536     0.0008531     0.0004250           2         392           0
   12.596     0.0007784     0.0004037           2         392           0
   12.657     0.0015057     0.0002963           2         392           0
   12.717     0.0007191     0.0004094           2         392           0
   12.778     0.0008061     0.0004107           2         392           0
   12.838     0.0013779     0.0002992           2         392           0
   12.899     0.0018484     0.0003232           2         392           0
   12.959     0.0012405     0.0004461           2         392           0
   13.020     0.0010513     0.0004546           2         392           0
   13.080     0.0011388     0.0004909           2         392           0
   13.141     0.0008967     0.0005129           2         392           0
   13.201     0.0015390     0.0004399           2         392           0
   13.262     0.0015047     0.0004371           2         392           0
   13.322     0.0010618     0.0005516           2         392           0
   13.383     0.0014049     0.0005715           2         392           0
   13.443     0.0015509     0.0004976           2         392           0
   13.503     0.0014262     0.0006237           2         392           0
   13.564     0.0009829     0.0006217           2         392           0
   13.625     0.0006038     0.0006594           2         392           0
   13.685     0.0012342     0.0006520           2         392           0
   13.745     0.0011407     0.0007188           2         392           0
   13.806     0.0012301     0.0007121           2         392           0
   13.866     0.0011797     0.0007386           2         392           0
   13.927     0.0013140     0.0007365           2         392           0
   13.987     0.0013849     0.0007496           2         392           0
   14.048     0.0011275     0.0007963           2         392           0
   14.108     0.0014101     0.0007944           2         392           0
   14.169     0.0010685     0.0006418           2         392           0
   14.229     0.0021329     0.0008371           2         392           0
   14.290     0.0009406     0.0007021           2         392           0
   14.350     0.0020410     0.0006221           2         392           0
   14.408     0.0016497     0.0002511           3        4360           0
   14.493     0.0016244     0.0002526           3        4360           0
   14.577     0.0019154     0.0002709           3        4360           0
   14.662     0.0017027     0.0002825           3        4360           0
   14.747     0.0017451     0.0003140           3        4360           0
   14.832     0.0012004     0.0003903           3        4360           0
   14.916     0.0018931     0.0003784           3        4360           0
   15.001     0.0015558     0.0003048           3        4360           0
   15.085     0.0016083     0.0005045           3        4360           0
   15.170     0.0012477     0.0004197           3        4360           0
   15.255     0.0013065     0.0003541           3        4360           0
   15.340     0.0011102     0.0004323           3        4360           0
   15.424     0.0008954     0.0003859           3        4360           0
   15.509     0.0009476     0.0002893           3        4360           0
   15.594     0.0013107     0.0002447           3        4360           0
   15.678     0.0003495     0.0003117           3        4360           0
   15.763     0.0006712     0.0003489           3        4360           0
   15.848     0.0013928     0.0002792           3        4360           0
   15.932     0.0006430     0.0004895           3        4360           0
   16.017     0.0008386     0.0004707           3        4360           0
   16.102     0.0002404     0.0005345           3        4360           0
   16.186     0.0015717     0.0003877           3        4360           0
   16.271     0.0017087     0.0003657           3        4360           0
   16.356     0.0015353     0.0004747           3        4360           0
   16.440     0.0016618     0.0003741           3        4360           0
   16.525     0.0004662     0.0003650           3        4360           0
   16.610     0.0012778     0.0002846           3        4360           0
   16.694     0.0018154     0.0015603           3        4360           0
   16.779     0.0005523     0.0004740           3        4360           0
   16.864     0.0007703     0.0009004           3        4360           0
   16.948     0.0009700     0.0007165           3        4360           0
   17.033     0.0010278     0.0004248           3        4360           0
   17.118     0.0012849     0.0008664           3        4360           0
   17.202     0.0003726     0.0007857           3        4360           0
   17.287     0.0023918     0.0005190           3        4360           0
   17.372     0.0041180     0.0003833           3        4360           0
   17.456     0.0030575     0.0003893           3        4360           0
   17.541     0.0023170     0.0002490           3        4360           0
   17.626     0.0023429     0.0003391           3        4360           0
   17.711     0.0020418     0.0003410           3        4360           0
   17.795     0.0028942     0.0003656           3        4360           0
   17.880     0.0035282     0.0003913           3        4360           0
   17.965     0.0033437     0.0004180           3        4360           0
   18.049     0.0018637     0.0003762           3        4360           0
   18.134     0.0026958     0.0003932           3        4360           0
   18.219     0.0027479     0.0004186           3        4360           0
   18.303     0.0022768     0.0005985           3        4360           0
   18.388     0.0013170     0.0007180           3        4360           0
   18.472     0.0009435     0.0005540           3        4360           0
   18.557     0.0021081     0.0006894           3        4360           0
   18.642     0.0011036     0.0006482           3        4360           0
   18.727     0.0010945     0.0004896           3        4360           0
   18.811     0.0008530     0.0004790           3        4360           0
   18.896     0.0013791     0.0005327           3        4360           0
   18.981     0.0016817     0.0009800           3        4360           0
   19.065     0.0009847     0.0013160           3        4360           0
   19.150     0.0013447     0.0006995           3        4360           0
   19.235     0.0005971     0.0009228           3    19009600           0
   19.404     0.0028170     0.0014427           3    19009600           0
   19.573     0.0007389     0.0007308           3    19009600           0
   19.743     0.0028465     0.0008969           3    19009600           0
   19.912     0.0018487     0.0009761           3    19009600           0
   20.081     0.0019237     0.0032017           3        4360           0
   20.251     0.0013555     0.0016664           3        4360           0
   20.420     0.0016723     0.0012202           3        4360           0
   20.590     0.0012900     0.0011072           3        4360           0
   20.759     0.0014934     0.0013611           3        4360           0
   20.928     0.0016940     0.0016359           3        4360           0
   21.097     0.0016523     0.0006117           4        4360           0
   21.267     0.0015935     0.0007734           4        4360           0
   21.436     0.0015836     0.0007139           4        4360           0
   21.606     0.0015654     0.0008212           4        4360           0
   21.775     0.0011160     0.0007432           4        4360           0
   21.944     0.0020240     0.0012039           4        4360           0
   22.114     0.0016415     0.0034764           4        4360           0
   22.283     0.0015749     0.0005702           4        4360           0
   22.452     0.0020584     0.0006267           4        4360           0
   22.622     0.0014877     0.0006532           4        4360           0
   22.791     0.0017584     0.0004550           4        4360           0
   22.960     0.0017328     0.0004371           4        4360           0
   23.130     0.0015004     0.0004986           4        4360           0
   23.299     0.0016599     0.0005341           4        4360           0
   23.469     0.0018633     0.0004961           4        4360           0
   23.638     0.0019297     0.0005400           4        4360           0
   23.807     0.0019118     0.0004846           4        4360           0
   23.976     0.0017986     0.0004911           4        4360           0
   24.146     0.0023070     0.0006051           4        4360           0
   24.315     0.0028291     0.0005560           4        4360           0
   24.485     0.0020267     0.0005117           4        4360           0
   24.654     0.0017219     0.0009361           4        4360           0
   24.823     0.0019577     0.0022009           4        4360           0
   24.993     0.0028852     0.0006837           4        4360           0
   25.162     0.0021113     0.0005597           4        4360           0
   25.331     0.0015071     0.0005891           4        4360           0
   25.501     0.0020513     0.0006059           4        4360           0
   25.670     0.0019948     0.0007152           4        4360           0
   25.839     0.0015059     0.0032936           4        4360           0
   26.009     0.0017692     0.0009378           4        4360           0
   26.178     0.0017156     0.0005486           4        4360           0
   26.347     0.0018600     0.0004736           4        4360           0
   26.517     0.0026980     0.0004163           4        4360           0
   26.686     0.0026627     0.0012974           4        4360           0
   26.856     0.0026728     0.0011747           4        4360           0
   27.025     0.0029353     0.0005153           4        4360           0
   27.194     0.0028598     0.0005207           4        4360           0
   27.364     0.0019795     0.0004513           4        4360           0
   27.533     0.0023076     0.0005384           4        4360           0
   27.702     0.0017546     0.0006826           4        4360           0
   27.872     0.0016382     0.0006478           4        4360           0
   28.041     0.0020125     0.0007117           4        4360           0
   28.210     0.0036060     0.0006890           4        4360           0
   28.380     0.0022987     0.0007209           4        4360           0
   28.549     0.0017275     0.0006556           4        4360           0
   28.719     0.0021496     0.0005476           4        4360           0
   28.888     0.0016405     0.0006252           4        4360           0
   29.057     0.0025143     0.0006216           4        4360           0
   29.226     0.0026596     0.0005283           4        4360           0
   29.396     0.0028942     0.0008508           4        4360           0
   29.565     0.0034010     0.0013097           4        4360           0
   29.735     0.0029279     0.0017003           4        4360           0
   29.904     0.0021598     0.0006761           4        4360           0
   30.073     0.0025366     0.0006176           4        4360           0
   30.243     0.0021012     0.0006567           4        4360           0
   30.412     0.0021368     0.0010175           4        4360           0
   30.581     0.0027922     0.0010774           4        4360           0
   30.751     0.0034529     0.0007612           4        4360           0
   30.920     0.0024283     0.0009240           4        4360           0
   31.089     0.0033520     0.0008595           4        4360           0
   31.259     0.0027695     0.0008527           4        4360           0
   31.428     0.0024845     0.0007106           4        4360           0
   31.597     0.0020475     0.0007299           4        4360           0
   31.767     0.0026620     0.0007258           4        4360           0
   31.936     0.0031058     0.0007717           4        4360           0
   32.105     0.0031332     0.0008791           4        4360           0
   32.275     0.0030288     0.0010375           4        4360           0
   32.444     0.0019809     0.0011985           4        4360           0
   32.614     0.0014154     0.0013381           4        4360           0
   32.783     0.0002761     0.0011935           4        4360           0
   32.952     0.0038637     0.0012873           4        4360           0
   33.122     0.0021006     0.0037876           4        4360           0
   33.291     0.0021904     0.0015872           4        4360           0
   33.460     0.0030442     0.0015180           4        4360           0
   33.630     0.0031587     0.0014328           4        4360           0
   33.799     0.0028231     0.0015186           4        4360           0
   33.968     0.0019347     0.0015184           4        4360           0
   34.138     0.0004426     0.0015437           4        4360           0
   34.307     0.0022581     0.0020086           4        4360           0
   34.477     0.0036948     0.0019698           4        4360           0
   34.646     0.0019356     0.0017811           4        4360           0
   34.815     0.0016584     0.0027528           4        4360           0
   34.985     0.0046505     0.0108896           4        4360           0
   35.154     0.0045477     0.0030216           4        4360           0
   35.323     0.0048387     0.0053788           4        4360           0
   35.493     0.0017958     0.0218687           4        4360           0
   35.662     0.0052655     0.0072031           4        4360           0
   35.831     0.0022812     0.0033080           4        4360           0
   36.001     0.0023213     0.0024930           4        4360           0
   36.170     0.0028943     0.0025975           4        4360           0
   36.339     0.0029669     0.0032844           4        4360           0
   36.509     0.0066439     0.0042720           4        4360           0
   36.678     0.0068814     0.0050871           4        4360           0
   36.847     0.0013965     0.0045326           4        4360           0
   37.017     0.0001620     0.0059756           4        4360           0
   37.186    -0.0082294     0.0055001           4        4360           0
   37.355     0.0000961     0.0049101           4        4360           0
   37.525    -0.0001533     0.0052688           4        4360           0
   37.694    -0.0020266     0.0084418           4        4360           0
   37.864    -0.0025919     0.0086140           4        4360           0
   38.033     0.0103711     0.0069531           4        4360           0
   38.202     0.0278484     0.0077235           4        4360           0
   38.372     0.0014188     0.0136617           4        4360           0
   38.541     0.0193310     0.0335221           4        4360           0
   38.710     0.0073917     0.0172817           4        4360           0
   38.880     0.0130294     0.0252633           4        4360           0
   39.049    -0.0235128     0.3181553           4        4360           0
   39.218    -0.0059775     0.1228660           4        4360           0
   39.388    -0.0021753     0.0137016           4        4360           0
   39.557    -0.0031883     0.0244588           4        4360           0
   39.727     0.0019620     0.0400450           4        4360           0
   39.896     0.0036880     0.0164940           4        4488           0
   40.065     0.0027506     0.0072185           4        4488           0
   40.235     0.0001187     0.0066627           4        4488           0
   40.404    -0.0010445     0.0026951           4        4488           0
   40.573     0.0004820     0.0009730           4        4488           0
   40.743    -0.0002899     0.0004329           4        4508           0
   40.912    -0.0001119     0.0002599           4        4488           0
   41.081    -0.0000254     0.0001539           4        4488           0
   41.251    -0.0000028     0.0000973           4        4488           0
   41.420    -0.0000033     0.0001821           4        4488           0
   41.589    -0.0003345     0.0002141           4        4488           0
   41.759    -0.0004280     0.0001540           4        4488           0
   41.928     0.0003776     0.0008822           4        4508           0
   42.097    -0.0000921     0.0004312           4        4508           0
   42.267     0.0008889     0.0006914           4        4488           0
