wave flux error channelflag bitflag stitchflag
    5.127    -0.0000923     0.0031928           1         392           0
    5.157     0.0002255     0.0018267           1         136           0
    5.187     0.0000468     0.0011011           1         136           0
    5.217     0.0003247     0.0006098           1         136           0
    5.247     0.0001217     0.0005504           1         136           0
    5.278     0.0000530     0.0005886           1         136           0
    5.308     0.0003344     0.0005649           1         136           0
    5.338     0.0000367     0.0005614           1         392           0
    5.368     0.0000384     0.0005178           1         392           0
    5.399     0.0002426     0.0004991           1       16776           0
    5.429     0.0004709     0.0005638           1       16796           0
    5.459     0.0004344     0.0005163           1       16796           0
    5.489     0.0003246     0.0004764           1         392           0
    5.520     0.0004648     0.0004869           1         392           0
    5.550     0.0003716     0.0005036           1         392           0
    5.580     0.0001484     0.0004652           1         392           0
    5.610     0.0002905     0.0004805           1         392           0
    5.641     0.0001327     0.0003945           1        8468           0
    5.671     0.0003031     0.0004572           1        8468           0
    5.701     0.0003310     0.0004705           1         392           0
    5.731     0.0002271     0.0004431           1         392           0
    5.762     0.0003279     0.0004505           1         412           0
    5.792     0.0003827     0.0004569           1         412           0
    5.822     0.0001072     0.0004673           1         392           0
    5.852     0.0001675     0.0005679           1         392           0
    5.883     0.0002245     0.0006074           1         392           0
    5.913     0.0004056     0.0005027           1         136           0
    5.943     0.0004342     0.0005063           1         136           0
    5.973     0.0002427     0.0004807           1         136           0
    6.004     0.0002032     0.0005280           1         136           0
    6.034     0.0004137     0.0005202           1         136           0
    6.064     0.0003962     0.0005187           1         392           0
    6.094     0.0002117     0.0005089           1         392           0
    6.125     0.0003760     0.0005076           1         392           0
    6.155     0.0005156     0.0005344           1         392           0
    6.185     0.0006337     0.0005433           1         392           0
    6.215     0.0003063     0.0005176           1         392           0
    6.245     0.0002812     0.0004870           1         392           0
    6.276     0.0002183     0.0005548           1         392           0
    6.306     0.0002385     0.0005256           1         392           0
    6.336     0.0002417     0.0005694           1         392           0
    6.366     0.0002355     0.0005992           1         392           0
    6.397    -0.0002075     0.0006147           1         392           0
    6.427     0.0000093     0.0005205           1         392           0
    6.457     0.0002818     0.0005376           1         392           0
    6.487     0.0000555     0.0005967           1         392           0
    6.518     0.0002146     0.0006550           1         392           0
    6.548     0.0001329     0.0006488           1         392           0
    6.578     0.0004937     0.0007826           1         392           0
    6.608     0.0001069     0.0006568           1         392           0
    6.639     0.0000845     0.0007074           1         136           0
    6.669     0.0003493     0.0006556           1         136           0
    6.699     0.0003289     0.0006037           1         136           0
    6.729     0.0001879     0.0006294           1         136           0
    6.760     0.0008520     0.0005489           1         136           0
    6.790     0.0004791     0.0006624           1         392           0
    6.820     0.0004766     0.0006873           1         392           0
    6.850     0.0006980     0.0007900           1         392           0
    6.881     0.0007048     0.0007678           1         392           0
    6.911     0.0006144     0.0007753           1         392           0
    6.941     0.0007416     0.0008529           1         392           0
    6.971     0.0007726     0.0008282           1         392           0
    7.002     0.0008733     0.0008596           1         392           0
    7.032     0.0009243     0.0008465           1         392           0
    7.062     0.0004148     0.0008582           1         392           0
    7.092     0.0000560     0.0008003           1         392           0
    7.122     0.0006948     0.0008529           1         392           0
    7.153     0.0008198     0.0008319           1         392           0
    7.183     0.0005190     0.0007895           1         392           0
    7.213     0.0005648     0.0008513           1         392           0
    7.243     0.0004581     0.0009217           1         392           0
    7.274     0.0006063     0.0008704           1         392           0
    7.304     0.0009830     0.0009112           1         392           0
    7.334     0.0005050     0.0012174           1       53312           0
    7.395     0.0006356     0.0013131           1       18496           0
    7.455     0.0006762     0.0011563           1       18496           0
    7.516     0.0003763     0.0011385           1       53312           0
    7.576     0.0006617     0.0015915           1      153664           0
    7.637     0.0005994     0.0006174           1         392           0
    7.697     0.0007777     0.0006021           1         392           0
    7.758     0.0006784     0.0007117           1         392           0
    7.818     0.0008684     0.0007310           1         392           0
    7.879     0.0008876     0.0007276           1         392           0
    7.939     0.0007352     0.0006662           1         392           0
    8.000     0.0006238     0.0006705           1         392           0
    8.060     0.0008077     0.0006147           1         392           0
    8.120     0.0008748     0.0005857           1         392           0
    8.181     0.0009352     0.0005882           1         392           0
    8.241     0.0010578     0.0006210           1         392           0
    8.302     0.0010087     0.0005999           1         392           0
    8.362     0.0007993     0.0004049           2       16796           0
    8.423     0.0013272     0.0003916           2       16796           0
    8.483     0.0015431     0.0003792           2       16792           0
    8.544     0.0019180     0.0003797           2       16776           0
    8.604     0.0018876     0.0003873           2         392           0
    8.665     0.0017257     0.0003719           2         392           0
    8.725     0.0017461     0.0003786           2         392           0
    8.786     0.0015426     0.0003374           2         392           0
    8.846     0.0014287     0.0003422           2         392           0
    8.907     0.0012323     0.0003738           2         392           0
    8.967     0.0011842     0.0003887           2         392           0
    9.028     0.0013237     0.0004000           2         136           0
    9.088     0.0012557     0.0004041           2         136           0
    9.149     0.0012582     0.0003825           2         136           0
    9.209     0.0012195     0.0003849           2         136           0
    9.270     0.0010478     0.0003660           2         136           0
    9.330     0.0011862     0.0004139           2         136           0
    9.391     0.0013201     0.0004175           2         392           0
    9.451     0.0011153     0.0003870           2         392           0
    9.512     0.0014171     0.0003753           2         392           0
    9.572     0.0012899     0.0003716           2         392           0
    9.633     0.0012661     0.0003403           2         392           0
    9.693     0.0012653     0.0003240           2         392           0
    9.754     0.0013206     0.0002917           2       16796           0
    9.814     0.0011359     0.0003317           2       16796           0
    9.875     0.0010027     0.0003273           2         392           0
    9.935     0.0010882     0.0003035           2         392           0
    9.995     0.0010506     0.0003355           2         392           0
   10.056     0.0010524     0.0003141           2         392           0
   10.116     0.0009988     0.0003063           2         392           0
   10.177     0.0010028     0.0003020           2         392           0
   10.237     0.0009996     0.0003042           2         392           0
   10.298     0.0009306     0.0003162           2         392           0
   10.358     0.0009657     0.0003092           2         392           0
   10.419     0.0010630     0.0003281           2         392           0
   10.479     0.0010845     0.0003466           2         392           0
   10.540     0.0008176     0.0003313           2         392           0
   10.600     0.0008305     0.0003294           2         392           0
   10.661     0.0011797     0.0003413           2         392           0
   10.721     0.0010958     0.0003562           2         392           0
   10.782     0.0010478     0.0003392           2         392           0
   10.842     0.0009930     0.0003807           2         392           0
   10.903     0.0011493     0.0003561           2         392           0
   10.963     0.0010470     0.0003794           2         392           0
   11.024     0.0011088     0.0003835           2         392           0
   11.084     0.0008391     0.0003981           2         392           0
   11.145     0.0010132     0.0003868           2         392           0
   11.205     0.0011996     0.0003992           2         392           0
   11.266     0.0009258     0.0004069           2         392           0
   11.326     0.0011532     0.0004202           2         392           0
   11.387     0.0013682     0.0004232           2         412           0
   11.447     0.0010450     0.0004316           2         412           0
   11.508     0.0012606     0.0004392           2         392           0
   11.568     0.0015071     0.0003654           2         392           0
   11.628     0.0012921     0.0004687           2         392           0
   11.689     0.0013130     0.0004655           2         392           0
   11.750     0.0018452     0.0004670           2         392           0
   11.810     0.0022497     0.0004475           2         392           0
   11.870     0.0017761     0.0004676           2         392           0
   11.931     0.0012990     0.0004494           2         392           0
   11.991     0.0014081     0.0004390           2         392           0
   12.052     0.0016446     0.0004668           2         392           0
   12.112     0.0012150     0.0004552           2         392           0
   12.173     0.0013193     0.0004692           2         392           0
   12.233     0.0014505     0.0004542           2         392           0
   12.294     0.0017389     0.0004908           2         392           0
   12.354     0.0016311     0.0004841           2         392           0
   12.415     0.0016285     0.0004519           2         392           0
   12.475     0.0019552     0.0004420           2         392           0
   12.536     0.0026333     0.0004634           2         392           0
   12.596     0.0034609     0.0004458           2         392           0
   12.657     0.0035403     0.0004274           2         392           0
   12.717     0.0034997     0.0004310           2         392           0
   12.778     0.0031636     0.0004631           2         392           0
   12.838     0.0028782     0.0004643           2         392           0
   12.899     0.0023462     0.0004761           2         392           0
   12.959     0.0019310     0.0004814           2         392           0
   13.020     0.0021819     0.0004975           2         392           0
   13.080     0.0022068     0.0004958           2         392           0
   13.141     0.0018669     0.0005518           2         392           0
   13.201     0.0020421     0.0005379           2         392           0
   13.262     0.0026090     0.0005887           2         392           0
   13.322     0.0021782     0.0005759           2         392           0
   13.383     0.0024057     0.0005670           2         392           0
   13.443     0.0023776     0.0006042           2         392           0
   13.503     0.0022473     0.0006411           2         392           0
   13.564     0.0023258     0.0006205           2         392           0
   13.625     0.0024267     0.0006165           2         392           0
   13.685     0.0027682     0.0006411           2         392           0
   13.745     0.0029038     0.0006560           2         392           0
   13.806     0.0028036     0.0006948           2         392           0
   13.866     0.0028457     0.0006974           2         392           0
   13.927     0.0029832     0.0007094           2         392           0
   13.987     0.0024986     0.0007185           2         392           0
   14.048     0.0026399     0.0007370           2         392           0
   14.108     0.0030767     0.0007685           2         392           0
   14.169     0.0035756     0.0007536           2         392           0
   14.229     0.0031467     0.0007739           2         392           0
   14.323     0.0035891     0.0005792           3        4360           0
   14.408     0.0037818     0.0016621           3        4360           0
   14.493     0.0030138     0.0014743           3        4360           0
   14.577     0.0024736     0.0005727           3        4360           0
   14.662     0.0027137     0.0005905           3        4360           0
   14.747     0.0023629     0.0006672           3        4360           0
   14.832     0.0025810     0.0006705           3        4360           0
   14.916     0.0031473     0.0007282           3        4360           0
   15.001     0.0025873     0.0006984           3        4360           0
   15.085     0.0025628     0.0005992           3        4360           0
   15.170     0.0036992     0.0005897           3        4360           0
   15.255     0.0030087     0.0006808           3        4360           0
   15.340     0.0025575     0.0005740           3        4360           0
   15.424     0.0033858     0.0003886           3        4360           0
   15.509     0.0025976     0.0003974           3        4360           0
   15.594     0.0023345     0.0005200           3        4360           0
   15.678     0.0025819     0.0005542           3        4360           0
   15.763     0.0024462     0.0005135           3        4360           0
   15.848     0.0028104     0.0004940           3        4360           0
   15.932     0.0032938     0.0007451           3        4360           0
   16.017     0.0034468     0.0006956           3        4360           0
   16.102     0.0052267     0.0007513           3        4360           0
   16.186     0.0032645     0.0007599           3        4360           0
   16.271     0.0030511     0.0007579           3        4360           0
   16.356     0.0034600     0.0007622           3        4360           0
   16.440     0.0034807     0.0007775           3        4360           0
   16.525     0.0036011     0.0006691           3        4360           0
   16.610     0.0045673     0.0005693           3        4360           0
   16.694     0.0044368     0.0007142           3        4360           0
   16.779     0.0038467     0.0007880           3        4360           0
   16.864     0.0027275     0.0010085           3        4360           0
   16.948     0.0033307     0.0009169           3        4360           0
   17.033     0.0041765     0.0006615           3        4360           0
   17.118     0.0039593     0.0016343           3        4360           0
   17.202     0.0034417     0.0007807           3        4360           0
   17.287     0.0038692     0.0009140           3        4360           0
   17.372     0.0051963     0.0007416           3        4360           0
   17.456     0.0048387     0.0010000           3        4360           0
   17.541     0.0037659     0.0007053           3        4360           0
   17.626     0.0034578     0.0009126           3        4360           0
   17.711     0.0038699     0.0008672           3        4360           0
   17.795     0.0041013     0.0007117           3        4360           0
   17.880     0.0036686     0.0007284           3        4360           0
   17.965     0.0037135     0.0020285           3        4360           0
   18.049     0.0038357     0.0040315           3        4360           0
   18.134     0.0045004     0.0009039           3        4360           0
   18.219     0.0060166     0.0007216           3        4360           0
   18.303     0.0046166     0.0008869           3        4360           0
   18.388     0.0037928     0.0010660           3        4360           0
   18.472     0.0042668     0.0009611           3        4360           0
   18.557     0.0032971     0.0010200           3        4360           0
   18.642     0.0040037     0.0008790           3        4360           0
   18.727     0.0040410     0.0008616           3        4360           0
   18.811     0.0053869     0.0007617           3        4360           0
   18.896     0.0068197     0.0007698           3        4360           0
   18.981     0.0055744     0.0005717           3        4360           0
   19.065     0.0056159     0.0008774           3        4360           0
   19.150     0.0058551     0.0008491           3        4360           0
   19.235     0.0034857     0.0014157           3    19009600           0
   19.404     0.0053586     0.0023765           3    19009600           0
   19.573     0.0042472     0.0017520           3    19009600           0
   19.743     0.0058035     0.0014586           3    19009600           0
   19.912     0.0043550     0.0014908           3    19009600           0
   20.081     0.0046554     0.0045414           3        4360           0
   20.251     0.0052471     0.0024561           3        4360           0
   20.420     0.0056831     0.0017718           3        4360           0
   20.590     0.0052456     0.0015962           3        4360           0
   20.759     0.0057038     0.0019377           3        4360           0
   20.928     0.0054440     0.0024314           3        4360           0
   21.097     0.0059260     0.0008449           4        4360           0
   21.267     0.0056465     0.0009559           4        4360           0
   21.436     0.0051232     0.0011687           4        4360           0
   21.606     0.0053384     0.0012249           4        4360           0
   21.775     0.0045729     0.0010437           4        4360           0
   21.944     0.0051496     0.0012363           4        4360           0
   22.114     0.0046560     0.0009701           4        4360           0
   22.283     0.0064473     0.0007375           4        4360           0
   22.452     0.0066781     0.0009720           4        4360           0
   22.622     0.0051253     0.0011071           4        4360           0
   22.791     0.0055898     0.0007712           4        4360           0
   22.960     0.0054054     0.0006753           4        4360           0
   23.130     0.0059407     0.0005983           4        4360           0
   23.299     0.0052545     0.0007639           4        4360           0
   23.469     0.0050014     0.0008139           4        4360           0
   23.638     0.0048791     0.0007412           4        4360           0
   23.807     0.0063710     0.0005736           4        4360           0
   23.976     0.0060607     0.0007179           4        4360           0
   24.146     0.0056306     0.0008390           4        4360           0
   24.315     0.0055107     0.0007956           4        4360           0
   24.485     0.0055044     0.0009469           4        4360           0
   24.654     0.0056554     0.0008954           4        4360           0
   24.823     0.0052126     0.0009657           4        4360           0
   24.993     0.0058878     0.0010292           4        4360           0
   25.162     0.0060080     0.0008248           4        4360           0
   25.331     0.0053187     0.0008344           4        4360           0
   25.501     0.0056902     0.0008839           4        4360           0
   25.670     0.0056184     0.0009692           4        4360           0
   25.839     0.0061213     0.0035423           4        4360           0
   26.009     0.0051734     0.0010262           4        4360           0
   26.178     0.0059543     0.0007936           4        4360           0
   26.347     0.0060233     0.0006345           4        4360           0
   26.517     0.0058183     0.0007227           4        4360           0
   26.686     0.0058381     0.0007304           4        4360           0
   26.856     0.0053876     0.0007526           4        4360           0
   27.025     0.0058225     0.0008088           4        4360           0
   27.194     0.0076066     0.0008367           4        4360           0
   27.364     0.0082957     0.0007471           4        4360           0
   27.533     0.0071700     0.0008838           4        4360           0
   27.702     0.0063329     0.0010216           4        4360           0
   27.872     0.0065098     0.0009671           4        4360           0
   28.041     0.0065556     0.0008335           4        4360           0
   28.210     0.0083541     0.0008668           4        4360           0
   28.380     0.0075054     0.0010126           4        4360           0
   28.549     0.0071222     0.0057246           4        4360           0
   28.719     0.0064106     0.0012480           4        4360           0
   28.888     0.0084568     0.0007931           4        4360           0
   29.057     0.0105085     0.0009001           4        4360           0
   29.226     0.0093872     0.0009091           4        4360           0
   29.396     0.0060647     0.0012829           4        4360           0
   29.565     0.0055248     0.0013441           4        4360           0
   29.735     0.0075880     0.0006380           4        4360           0
   29.904     0.0064042     0.0009991           4        4360           0
   30.073     0.0066269     0.0007461           4        4360           0
   30.243     0.0068516     0.0050922           4        4360           0
   30.412     0.0075129     0.0013402           4        4360           0
   30.581     0.0070254     0.0015428           4        4360           0
   30.751     0.0063121     0.0013602           4        4360           0
   30.920     0.0075584     0.0013622           4        4360           0
   31.089     0.0082355     0.0013135           4        4360           0
   31.259     0.0087223     0.0011350           4        4360           0
   31.428     0.0074255     0.0010484           4        4360           0
   31.597     0.0078210     0.0011230           4        4360           0
   31.767     0.0078360     0.0010365           4        4360           0
   31.936     0.0090806     0.0012421           4        4360           0
   32.105     0.0074450     0.0013841           4        4360           0
   32.275     0.0060035     0.0014476           4        4360           0
   32.444     0.0079427     0.0022098           4        4360           0
   32.614     0.0087986     0.0068876           4        4360           0
   32.783     0.0063195     0.0018574           4        4360           0
   32.952     0.0072285     0.0019472           4        4360           0
   33.122     0.0073499     0.0027354           4        4360           0
   33.291     0.0076121     0.0037120           4        4360           0
   33.460     0.0057827     0.0024662           4        4360           0
   33.630     0.0067869     0.0020704           4        4360           0
   33.799     0.0059308     0.0022119           4        4360           0
   33.968     0.0047656     0.0023318           4        4360           0
   34.138     0.0030491     0.0028356           4        4360           0
   34.307     0.0057031     0.0027551           4        4360           0
   34.477     0.0046376     0.0033203           4        4360           0
   34.646     0.0058401     0.0023117           4        4360           0
   34.815     0.0080879     0.0030256           4        4360           0
   34.985     0.0047821     0.0094556           4        4360           0
   35.154     0.0056082     0.0056619           4        4360           0
   35.323     0.0060162     0.0081348           4        4360           0
   35.493     0.0049117     0.0235260           4        4360           0
   35.662     0.0036784     0.0077552           4        4360           0
   35.831     0.0085171     0.0038758           4        4360           0
   36.001     0.0068609     0.0038718           4        4360           0
   36.170     0.0069934     0.0041415           4        4360           0
   36.339     0.0086155     0.0055915           4        4360           0
   36.509     0.0073153     0.0053563           4        4360           0
   36.678     0.0054451     0.0076994           4        4360           0
   36.847     0.0075587     0.0064936           4        4360           0
   37.017     0.0072658     0.0069510           4        4360           0
   37.186     0.0019831     0.0081880           4        4360           0
   37.355     0.0055003     0.0068485           4        4360           0
   37.525     0.0073955     0.0074437           4        4360           0
   37.694     0.0038804     0.0082304           4        4360           0
   37.864     0.0129558     0.0100469           4        4360           0
   38.033    -0.0127326     0.0419108           4        4360           0
   38.202    -0.0148322     0.0673283           4        4360           0
   38.372    -0.0013460     0.0217632           4        4360           0
   38.541     0.0104838     0.0438079           4        4360           0
   38.710    -0.0111254     0.0269057           4        4360           0
   38.880     0.0202537     0.0233986           4        4360           0
   39.049    -0.0030739     0.0490783           4        4360           0
   39.218    -0.0095800     0.0260597           4        4360           0
   39.388    -0.0051443     0.0226977           4        4360           0
   39.557    -0.0038646     0.0483374           4        4360           0
   39.727     0.0026603     0.0783036           4        4360           0
   39.896    -0.0026081     0.0208711           4        4488           0
   40.065     0.0018558     0.0127406           4        4488           0
   40.235     0.0012317     0.0057715           4        4488           0
   40.404     0.0033807     0.0024276           4        4488           0
   40.573     0.0006363     0.0015899           4        4488           0
   40.743    -0.0001298     0.0006082           4        4508           0
   40.912    -0.0003161     0.0006645           4        4488           0
   41.081     0.0000541     0.0005045           4        4488           0
   41.251    -0.0001580     0.0002934           4        4488           0
   41.420    -0.0002696     0.0003839           4        4488           0
   41.589    -0.0005076     0.0004915           4        4488           0
   41.759    -0.0002373     0.0004987           4        4488           0
   41.928     0.0001218     0.0013673           4        4508           0
   42.097    -0.0002246     0.0008852           4        4508           0
   42.267     0.0020143     0.0010202           4        4488           0
