wave flux error channelflag bitflag stitchflag
    5.127     0.0003779     0.0038809           1         392           0
    5.157    -0.0002952     0.0021327           1         136           0
    5.187     0.0005150     0.0010445           1         136           0
    5.217     0.0000743     0.0006243           1         136           0
    5.247     0.0002585     0.0006456           1         136           0
    5.278     0.0002487     0.0007184           1         136           0
    5.308    -0.0000576     0.0006572           1         136           0
    5.338    -0.0000115     0.0005983           1         392           0
    5.368     0.0002437     0.0006209           1         392           0
    5.399     0.0005255     0.0006177           1       16776           0
    5.429    -0.0001278     0.0005578           1       16796           0
    5.459    -0.0002722     0.0005691           1       16796           0
    5.489     0.0001942     0.0005359           1         392           0
    5.520    -0.0000892     0.0004865           1         392           0
    5.550    -0.0004398     0.0004949           1         392           0
    5.580    -0.0001032     0.0005040           1         392           0
    5.610     0.0001901     0.0005041           1         392           0
    5.641     0.0001171     0.0005095           1        8468           0
    5.671     0.0001501     0.0004306           1        8468           0
    5.701    -0.0000923     0.0004102           1         392           0
    5.731     0.0001134     0.0004046           1         392           0
    5.762     0.0000975     0.0004452           1         412           0
    5.792     0.0000751     0.0004225           1         412           0
    5.822     0.0001434     0.0003957           1         392           0
    5.852    -0.0000348     0.0004511           1         392           0
    5.883     0.0001688     0.0004759           1         392           0
    5.913     0.0002113     0.0004985           1         136           0
    5.943     0.0000957     0.0004645           1         136           0
    5.973     0.0002687     0.0004682           1         136           0
    6.004     0.0000974     0.0004634           1         136           0
    6.034     0.0000454     0.0004615           1         136           0
    6.064     0.0001935     0.0004570           1         392           0
    6.094     0.0002944     0.0004257           1         392           0
    6.125     0.0002107     0.0004204           1         392           0
    6.155    -0.0000510     0.0004450           1         392           0
    6.185     0.0000803     0.0004640           1         392           0
    6.215     0.0001562     0.0004795           1         392           0
    6.245    -0.0000430     0.0004651           1         392           0
    6.276    -0.0000014     0.0004701           1         392           0
    6.306     0.0003031     0.0005121           1         392           0
    6.336     0.0005384     0.0006186           1         392           0
    6.366     0.0002406     0.0005640           1         392           0
    6.397     0.0001186     0.0004950           1         392           0
    6.427     0.0000710     0.0005477           1         392           0
    6.457    -0.0000988     0.0005556           1         392           0
    6.487     0.0003439     0.0005641           1         392           0
    6.518     0.0001905     0.0006487           1         392           0
    6.548     0.0002458     0.0006936           1         392           0
    6.578    -0.0000468     0.0007548           1         392           0
    6.608     0.0000138     0.0008205           1         392           0
    6.639     0.0003125     0.0007554           1         136           0
    6.669    -0.0001601     0.0007406           1         136           0
    6.699     0.0003032     0.0006682           1         136           0
    6.729     0.0007206     0.0006801           1         136           0
    6.760     0.0008142     0.0006259           1         136           0
    6.790     0.0003003     0.0008157           1         392           0
    6.820     0.0005474     0.0007891           1         392           0
    6.850     0.0019421     0.0005736           1         392           0
    6.881     0.0014991     0.0006804           1         392           0
    6.911     0.0006445     0.0005226           1         392           0
    6.941     0.0000573     0.0006897           1         392           0
    6.971     0.0007648     0.0005768           1         392           0
    7.002     0.0003617     0.0007529           1         392           0
    7.032     0.0005520     0.0006705           1         392           0
    7.062     0.0006034     0.0006796           1         392           0
    7.092     0.0002795     0.0006329           1         392           0
    7.122     0.0000542     0.0006779           1         392           0
    7.153     0.0008016     0.0007416           1         392           0
    7.183     0.0004684     0.0006734           1         392           0
    7.213    -0.0004167     0.0006133           1         392           0
    7.243     0.0005112     0.0007223           1         392           0
    7.274     0.0005029     0.0007647           1         392           0
    7.304     0.0005326     0.0008158           1         392           0
    7.334     0.0005539     0.0011008           1       53312           0
    7.395     0.0005473     0.0012223           1       18496           0
    7.455     0.0004398     0.0008991           1       18496           0
    7.516     0.0005258     0.0010374           1       53312           0
    7.576     0.0006783     0.0013077           1      153664           0
    7.637     0.0010041     0.0005623           1         392           0
    7.697     0.0009199     0.0005491           1         392           0
    7.758     0.0011831     0.0007200           1         392           0
    7.818     0.0014649     0.0006926           1         392           0
    7.879     0.0015253     0.0006411           1         392           0
    7.939     0.0007442     0.0006585           1         392           0
    8.000     0.0008535     0.0005456           1         392           0
    8.060     0.0008731     0.0004661           1         392           0
    8.120     0.0017631     0.0004706           1         392           0
    8.181     0.0019155     0.0004100           1         392           0
    8.241     0.0029233     0.0003610           1         392           0
    8.302     0.0031897     0.0003274           1         392           0
    8.362     0.0038550     0.0001700           2       16796           0
    8.423     0.0047880     0.0001720           2       16796           0
    8.483     0.0053830     0.0002010           2       16792           0
    8.544     0.0051420     0.0002080           2       16776           0
    8.604     0.0042540     0.0002220           2         392           0
    8.665     0.0048670     0.0002000           2         392           0
    8.725     0.0052000     0.0001870           2         392           0
    8.786     0.0052340     0.0002030           2         392           0
    8.846     0.0041400     0.0001660           2         392           0
    8.907     0.0032731     0.0002500           2         392           0
    8.967     0.0037600     0.0002210           2         392           0
    9.028     0.0031780     0.0002390           2         136           0
    9.088     0.0022977     0.0003085           2         136           0
    9.149     0.0027630     0.0002210           2         136           0
    9.209     0.0024547     0.0003178           2         136           0
    9.270     0.0024680     0.0002757           2         136           0
    9.330     0.0027148     0.0002857           2         136           0
    9.391     0.0022513     0.0003331           2         392           0
    9.451     0.0026292     0.0002923           2         392           0
    9.512     0.0035660     0.0001740           2         392           0
    9.572     0.0034273     0.0002541           2         392           0
    9.633     0.0036233     0.0002348           2         392           0
    9.693     0.0038230     0.0001570           2         392           0
    9.754     0.0033540     0.0001930           2       16796           0
    9.814     0.0021428     0.0002284           2       16796           0
    9.875     0.0023610     0.0001700           2         392           0
    9.935     0.0012230     0.0002270           2         392           0
    9.995     0.0015932     0.0003078           2         392           0
   10.056     0.0016336     0.0002815           2         392           0
   10.116     0.0013084     0.0002981           2         392           0
   10.177     0.0013238     0.0002543           2         392           0
   10.237     0.0014416     0.0002570           2         392           0
   10.298     0.0013470     0.0002644           2         392           0
   10.358     0.0012741     0.0002699           2         392           0
   10.419     0.0011769     0.0002766           2         392           0
   10.479     0.0010792     0.0003409           2         392           0
   10.540     0.0012436     0.0002823           2         392           0
   10.600     0.0012005     0.0002772           2         392           0
   10.661     0.0011717     0.0002633           2         392           0
   10.721     0.0013501     0.0002809           2         392           0
   10.782     0.0013820     0.0002851           2         392           0
   10.842     0.0016037     0.0003097           2         392           0
   10.903     0.0017590     0.0002454           2         392           0
   10.963     0.0011943     0.0003237           2         392           0
   11.024     0.0011580     0.0003098           2         392           0
   11.084     0.0012548     0.0003289           2         392           0
   11.145     0.0008437     0.0003864           2         392           0
   11.205     0.0008479     0.0004155           2         392           0
   11.266     0.0011281     0.0003553           2         392           0
   11.326     0.0008937     0.0003564           2         392           0
   11.387     0.0011565     0.0003457           2         412           0
   11.447     0.0013136     0.0003532           2         412           0
   11.508     0.0014106     0.0003488           2         392           0
   11.568     0.0012727     0.0003864           2         392           0
   11.628     0.0019057     0.0004167           2         392           0
   11.689     0.0009142     0.0004967           2         392           0
   11.750     0.0018399     0.0004255           2         392           0
   11.810     0.0015204     0.0003994           2         392           0
   11.870     0.0017925     0.0003858           2         392           0
   11.931     0.0018221     0.0004162           2         392           0
   11.991     0.0017570     0.0004430           2         392           0
   12.052     0.0020226     0.0004181           2         392           0
   12.112     0.0017388     0.0004234           2         392           0
   12.173     0.0018540     0.0003745           2         392           0
   12.233     0.0020106     0.0004016           2         392           0
   12.294     0.0024318     0.0003324           2         392           0
   12.354     0.0033123     0.0004442           2         392           0
   12.415     0.0038148     0.0004215           2         392           0
   12.475     0.0052279     0.0002893           2         392           0
   12.536     0.0078659     0.0002977           2         392           0
   12.596     0.0096070     0.0002030           2         392           0
   12.657     0.0085158     0.0004001           2         392           0
   12.717     0.0070712     0.0003672           2         392           0
   12.778     0.0056679     0.0003767           2         392           0
   12.838     0.0048304     0.0003700           2         392           0
   12.899     0.0049308     0.0003050           2         392           0
   12.959     0.0045846     0.0003194           2         392           0
   13.020     0.0037799     0.0003910           2         392           0
   13.080     0.0033261     0.0004384           2         392           0
   13.141     0.0032302     0.0004399           2         392           0
   13.201     0.0030211     0.0004449           2         392           0
   13.262     0.0033295     0.0004539           2         392           0
   13.322     0.0035265     0.0004576           2         392           0
   13.383     0.0036764     0.0004706           2         392           0
   13.443     0.0036263     0.0004915           2         392           0
   13.503     0.0035437     0.0005200           2         392           0
   13.564     0.0033354     0.0004888           2         392           0
   13.625     0.0036181     0.0005367           2         392           0
   13.685     0.0032628     0.0005135           2         392           0
   13.745     0.0034706     0.0005877           2         392           0
   13.806     0.0046721     0.0005980           2         392           0
   13.866     0.0050460     0.0005660           2         392           0
   13.927     0.0048377     0.0006463           2         392           0
   13.985     0.0046927     0.0008579           3        4488           0
   14.069     0.0075994     0.0089684           3        4360           0
   14.154     0.0072176     0.0033191           3        4360           0
   14.239     0.0080539     0.0017543           3        4360           0
   14.323     0.0101506     0.0011961           3        4360           0
   14.408     0.0065071     0.0005020           3        4360           0
   14.493     0.0048380     0.0005517           3        4360           0
   14.577     0.0043536     0.0005898           3        4360           0
   14.662     0.0042552     0.0005833           3        4360           0
   14.747     0.0042723     0.0006138           3        4360           0
   14.832     0.0038814     0.0006133           3        4360           0
   14.916     0.0040353     0.0008055           3        4360           0
   15.001     0.0037546     0.0054994           3        4360           0
   15.085     0.0035953     0.0007300           3        4360           0
   15.170     0.0045027     0.0006367           3        4360           0
   15.255     0.0033968     0.0005681           3        4360           0
   15.340     0.0038515     0.0006739           3        4360           0
   15.424     0.0037375     0.0005627           3        4360           0
   15.509     0.0037118     0.0004348           3        4360           0
   15.594     0.0035867     0.0005333           3        4360           0
   15.678     0.0034678     0.0005601           3        4360           0
   15.763     0.0031185     0.0005418           3        4360           0
   15.848     0.0043954     0.0005143           3        4360           0
   15.932     0.0038525     0.0006645           3        4360           0
   16.017     0.0034486     0.0007747           3        4360           0
   16.102     0.0028276     0.0008121           3        4360           0
   16.186     0.0028187     0.0007316           3        4360           0
   16.271     0.0026707     0.0007110           3        4360           0
   16.356     0.0032161     0.0007249           3        4360           0
   16.440     0.0031412     0.0007747           3        4360           0
   16.525     0.0031779     0.0005906           3        4360           0
   16.610     0.0024228     0.0008827           3        4360           0
   16.694     0.0025755     0.0005017           3        4360           0
   16.779     0.0037351     0.0033283           3        4360           0
   16.864     0.0039937     0.0011650           3        4360           0
   16.948     0.0030456     0.0009124           3        4360           0
   17.033     0.0029045     0.0006951           3        4360           0
   17.118     0.0025715     0.0013695           3        4360           0
   17.202     0.0014835     0.0010034           3        4360           0
   17.287     0.0030837     0.0007828           3        4360           0
   17.372     0.0049756     0.0012204           3        4360           0
   17.456     0.0034929     0.0025162           3        4360           0
   17.541     0.0030304     0.0009916           3        4360           0
   17.626     0.0037945     0.0007255           3        4360           0
   17.711     0.0039832     0.0006891           3        4360           0
   17.795     0.0037896     0.0007143           3        4360           0
   17.880     0.0033454     0.0008025           3        4360           0
   17.965     0.0033090     0.0008766           3        4360           0
   18.049     0.0042137     0.0008103           3        4360           0
   18.134     0.0044433     0.0007958           3        4360           0
   18.219     0.0039736     0.0009469           3        4360           0
   18.303     0.0059265     0.0010204           3        4360           0
   18.388     0.0067239     0.0011426           3        4360           0
   18.472     0.0062631     0.0010795           3        4360           0
   18.557     0.0059060     0.0033680           3        4360           0
   18.642     0.0068571     0.0006216           3        4360           0
   18.727     0.0062335     0.0007028           3        4360           0
   18.811     0.0063296     0.0007502           3        4360           0
   18.896     0.0058284     0.0008854           3        4360           0
   18.981     0.0068031     0.0008277           3        4360           0
   19.065     0.0080689     0.0008321           3        4360           0
   19.150     0.0071499     0.0009518           3        4360           0
   19.235     0.0033206     0.0013778           3    19009600           0
   19.404     0.0050450     0.0021815           3    19009600           0
   19.573     0.0040876     0.0018514           3    19009600           0
   19.743     0.0054055     0.0016420           3    19009600           0
   19.912     0.0054529     0.0016840           3    19009600           0
   20.081     0.0053830     0.0043964           3        4360           0
   20.251     0.0049799     0.0022136           3        4360           0
   20.420     0.0041646     0.0017414           3        4360           0
   20.590     0.0040042     0.0022968           3        4360           0
   20.759     0.0058177     0.0049345           3        4360           0
   20.928     0.0079995     0.0072818           3        4360           0
   21.097     0.0062607     0.0008472           4        4360           0
   21.267     0.0052551     0.0010161           4        4360           0
   21.436     0.0053852     0.0011062           4        4360           0
   21.606     0.0056789     0.0011423           4        4360           0
   21.775     0.0056413     0.0010504           4        4360           0
   21.944     0.0067216     0.0011742           4        4360           0
   22.114     0.0050856     0.0011944           4        4360           0
   22.283     0.0055210     0.0007936           4        4360           0
   22.452     0.0061255     0.0009409           4        4360           0
   22.622     0.0051169     0.0010542           4        4360           0
   22.791     0.0054496     0.0040867           4        4360           0
   22.960     0.0061721     0.0011409           4        4360           0
   23.130     0.0069699     0.0076917           4        4360           0
   23.299     0.0062663     0.0033857           4        4360           0
   23.469     0.0061498     0.0010500           4        4360           0
   23.638     0.0059183     0.0007916           4        4360           0
   23.807     0.0061766     0.0006722           4        4360           0
   23.976     0.0067510     0.0007173           4        4360           0
   24.146     0.0068027     0.0008414           4        4360           0
   24.315     0.0064361     0.0008323           4        4360           0
   24.485     0.0062960     0.0009651           4        4360           0
   24.654     0.0064565     0.0008402           4        4360           0
   24.823     0.0062223     0.0008688           4        4360           0
   24.993     0.0066343     0.0009947           4        4360           0
   25.162     0.0072813     0.0009093           4        4360           0
   25.331     0.0063455     0.0008706           4        4360           0
   25.501     0.0070949     0.0008783           4        4360           0
   25.670     0.0071161     0.0009478           4        4360           0
   25.839     0.0083102     0.0034162           4        4360           0
   26.009     0.0075704     0.0011386           4        4360           0
   26.178     0.0079057     0.0006354           4        4360           0
   26.347     0.0075237     0.0006332           4        4360           0
   26.517     0.0081014     0.0007212           4        4360           0
   26.686     0.0079713     0.0007534           4        4360           0
   26.856     0.0081642     0.0007580           4        4360           0
   27.025     0.0087150     0.0007859           4        4360           0
   27.194     0.0083118     0.0008097           4        4360           0
   27.364     0.0077864     0.0007889           4        4360           0
   27.533     0.0083864     0.0007638           4        4360           0
   27.702     0.0080561     0.0008012           4        4360           0
   27.872     0.0088537     0.0009135           4        4360           0
   28.041     0.0100520     0.0010258           4        4360           0
   28.210     0.0100749     0.0011083           4        4360           0
   28.380     0.0086947     0.0012106           4        4360           0
   28.549     0.0089917     0.0080344           4        4360           0
   28.719     0.0101798     0.0012428           4        4360           0
   28.888     0.0109480     0.0008958           4        4360           0
   29.057     0.0110473     0.0009796           4        4360           0
   29.226     0.0102819     0.0011033           4        4360           0
   29.396     0.0095277     0.0012574           4        4360           0
   29.565     0.0095650     0.0014867           4        4360           0
   29.735     0.0105578     0.0013255           4        4360           0
   29.904     0.0110734     0.0010988           4        4360           0
   30.073     0.0111037     0.0007839           4        4360           0
   30.243     0.0115926     0.0038750           4        4360           0
   30.412     0.0114951     0.0186131           4        4360           0
   30.581     0.0119742     0.0207634           4        4360           0
   30.751     0.0102597     0.0024361           4        4360           0
   30.920     0.0112479     0.0013859           4        4360           0
   31.089     0.0135590     0.0045065           4        4360           0
   31.259     0.0119102     0.0017210           4        4360           0
   31.428     0.0126487     0.0010236           4        4360           0
   31.597     0.0119433     0.0010665           4        4360           0
   31.767     0.0112437     0.0009771           4        4360           0
   31.936     0.0117444     0.0009928           4        4360           0
   32.105     0.0144785     0.0012433           4        4360           0
   32.275     0.0139822     0.0018275           4        4360           0
   32.444     0.0124665     0.0017760           4        4360           0
   32.614     0.0092592     0.0019361           4        4360           0
   32.783     0.0113387     0.0018355           4        4360           0
   32.952     0.0128301     0.0018789           4        4360           0
   33.122     0.0127150     0.0023109           4        4360           0
   33.291     0.0126629     0.0029859           4        4360           0
   33.460     0.0108467     0.0021400           4        4360           0
   33.630     0.0113870     0.0019275           4        4360           0
   33.799     0.0143567     0.0022419           4        4360           0
   33.968     0.0142296     0.0024206           4        4360           0
   34.138     0.0121224     0.0031591           4        4360           0
   34.307     0.0101372     0.0038338           4        4360           0
   34.477     0.0116739     0.0026796           4        4360           0
   34.646     0.0162614     0.0024300           4        4360           0
   34.815     0.0109649     0.0030294           4        4360           0
   34.985     0.0201012     0.0029588           4        4360           0
   35.154     0.0138774     0.0047952           4        4360           0
   35.323     0.0124525     0.0081379           4        4360           0
   35.493     0.0163064     0.0261219           4        4360           0
   35.662     0.0214208     0.0096155           4        4360           0
   35.831     0.0131438     0.0045741           4        4360           0
   36.001     0.0119504     0.0067890           4        4360           0
   36.170     0.0176626     0.0091554           4        4360           0
   36.339     0.0154063     0.0092113           4        4360           0
   36.509     0.0129469     0.0056112           4        4360           0
   36.678     0.0135202     0.0083622           4        4360           0
   36.847     0.0087394     0.0062093           4        4360           0
   37.017     0.0098065     0.0084946           4        4360           0
   37.186     0.0150514     0.0273700           4        4360           0
   37.355     0.0167222     0.0087131           4        4360           0
   37.525     0.0206061     0.0060200           4        4360           0
   37.694     0.0174922     0.0071529           4        4360           0
   37.864     0.0153798     0.0165781           4        4360           0
   38.033     0.0169811     0.0754277           4        4360           0
   38.202     0.0174146     0.1024418           4        4360           0
   38.372     0.0271216     0.0191980           4        4360           0
   38.541     0.0391846     0.0449555           4        4360           0
   38.710     0.0183409     0.0219353           4        4360           0
   38.880     0.0361550     0.0318828           4        4360           0
   39.049     0.0273355     0.2200614           4        4360           0
   39.218     0.0234491     0.0917443           4        4360           0
   39.388     0.0139241     0.0212808           4        4360           0
   39.557     0.0003789     0.0521979           4        4360           0
   39.727     0.0091205     0.0891638           4        4360           0
   39.896     0.0059194     0.0332556           4        4488           0
   40.065     0.0006317     0.0134453           4        4488           0
   40.235     0.0003458     0.0056130           4        4488           0
   40.404     0.0004105     0.0036686           4        4488           0
   40.573     0.0003900     0.0014666           4        4488           0
   40.743     0.0000769     0.0005891           4        4508           0
   40.912     0.0000289     0.0004649           4        4488           0
   41.081    -0.0000109     0.0003020           4        4488           0
   41.251    -0.0000040     0.0002704           4        4488           0
   41.420    -0.0000081     0.0004072           4        4488           0
   41.589    -0.0003038     0.0004542           4        4488           0
   41.759    -0.0007233     0.0003916           4        4488           0
   41.928     0.0000716     0.0011615           4        4508           0
   42.097    -0.0000045     0.0008076           4        4508           0
   42.267     0.0021705     0.0010026           4        4488           0
