wave flux error channelflag bitflag stitchflag
    5.127    -0.0002228     0.0039778           1         392           0
    5.157     0.0007422     0.0022600           1         136           0
    5.187    -0.0002046     0.0010914           1         136           0
    5.217     0.0002901     0.0007016           1         136           0
    5.247    -0.0000057     0.0006455           1         136           0
    5.278     0.0001284     0.0007550           1         136           0
    5.308    -0.0004618     0.0006591           1         136           0
    5.338     0.0000263     0.0006333           1         392           0
    5.368    -0.0001691     0.0005917           1         392           0
    5.399     0.0000644     0.0005976           1       16776           0
    5.429     0.0004434     0.0005970           1       16796           0
    5.459     0.0009417     0.0004956           1       16796           0
    5.489     0.0004198     0.0006187           1         392           0
    5.520     0.0003039     0.0006034           1         392           0
    5.550     0.0001251     0.0004498           1         392           0
    5.580     0.0000869     0.0006058           1         392           0
    5.610     0.0001930     0.0006378           1         392           0
    5.641     0.0001930     0.0005643           1        8468           0
    5.671    -0.0000437     0.0005151           1        8468           0
    5.701    -0.0000642     0.0005110           1         392           0
    5.731     0.0005339     0.0004424           1         392           0
    5.762     0.0002013     0.0005707           1         412           0
    5.792     0.0003233     0.0006096           1         412           0
    5.822     0.0004998     0.0005622           1         392           0
    5.852     0.0004383     0.0005297           1         392           0
    5.883     0.0004994     0.0005921           1         392           0
    5.913     0.0000586     0.0005705           1         136           0
    5.943     0.0003407     0.0005735           1         136           0
    5.973     0.0000917     0.0005481           1         136           0
    6.004    -0.0001253     0.0005620           1         136           0
    6.034    -0.0002331     0.0005454           1         136           0
    6.064    -0.0001524     0.0005402           1         392           0
    6.094     0.0003361     0.0005757           1         392           0
    6.125     0.0005327     0.0006212           1         392           0
    6.155     0.0003058     0.0005920           1         392           0
    6.185     0.0003514     0.0006859           1         392           0
    6.215     0.0005519     0.0006513           1         392           0
    6.245     0.0006259     0.0006579           1         392           0
    6.276     0.0008921     0.0006265           1         392           0
    6.306     0.0008045     0.0006214           1         392           0
    6.336     0.0001492     0.0007242           1         392           0
    6.366     0.0003028     0.0006523           1         392           0
    6.397    -0.0000866     0.0005839           1         392           0
    6.427     0.0002228     0.0006464           1         392           0
    6.457     0.0002171     0.0006748           1         392           0
    6.487     0.0000327     0.0006513           1         392           0
    6.518    -0.0002025     0.0007015           1         392           0
    6.548    -0.0000652     0.0008171           1         392           0
    6.578     0.0005266     0.0007495           1         392           0
    6.608     0.0011329     0.0008717           1         392           0
    6.639     0.0000854     0.0007511           1         136           0
    6.669     0.0004267     0.0007052           1         136           0
    6.699     0.0000695     0.0006481           1         136           0
    6.729     0.0010545     0.0007697           1         136           0
    6.760     0.0013964     0.0008525           1         136           0
    6.790     0.0014183     0.0008327           1         392           0
    6.820     0.0012658     0.0008290           1         392           0
    6.850     0.0009043     0.0008595           1         392           0
    6.881     0.0005269     0.0008652           1         392           0
    6.911     0.0012679     0.0008322           1         392           0
    6.941     0.0014725     0.0009220           1         392           0
    6.971     0.0013737     0.0009195           1         392           0
    7.002     0.0016260     0.0009584           1         392           0
    7.032     0.0007635     0.0010003           1         392           0
    7.062     0.0006226     0.0009688           1         392           0
    7.092     0.0000561     0.0009245           1         392           0
    7.122     0.0009654     0.0010009           1         392           0
    7.153     0.0003819     0.0008716           1         392           0
    7.183     0.0007355     0.0009394           1         392           0
    7.213     0.0006290     0.0009351           1         392           0
    7.243     0.0014317     0.0011057           1         392           0
    7.274     0.0009640     0.0010579           1         392           0
    7.304     0.0000537     0.0010844           1         392           0
    7.334     0.0001466     0.0015948           1       53312           0
    7.395     0.0004295     0.0015507           1       18496           0
    7.455    -0.0000275     0.0012933           1       18496           0
    7.516    -0.0002205     0.0013692           1       53312           0
    7.576     0.0003750     0.0016897           1      153664           0
    7.637     0.0003389     0.0007063           1         392           0
    7.697     0.0005710     0.0006788           1         392           0
    7.758     0.0007186     0.0009212           1         392           0
    7.818     0.0010882     0.0007761           1         392           0
    7.879     0.0005108     0.0008555           1         392           0
    7.939     0.0005617     0.0008264           1         392           0
    8.000     0.0008858     0.0007310           1         392           0
    8.060     0.0013083     0.0006526           1         392           0
    8.120     0.0011799     0.0006662           1         392           0
    8.181     0.0011331     0.0005992           1         392           0
    8.241     0.0016167     0.0006836           1         392           0
    8.302     0.0019597     0.0006988           1         392           0
    8.362     0.0023151     0.0004709           2       16796           0
    8.423     0.0028267     0.0004129           2       16796           0
    8.483     0.0029559     0.0004625           2       16792           0
    8.544     0.0029278     0.0004354           2       16776           0
    8.604     0.0021562     0.0004114           2         392           0
    8.665     0.0028860     0.0004273           2         392           0
    8.725     0.0027563     0.0003976           2         392           0
    8.786     0.0025404     0.0003898           2         392           0
    8.846     0.0025644     0.0003797           2         392           0
    8.907     0.0018153     0.0004008           2         392           0
    8.967     0.0016877     0.0004256           2         392           0
    9.028     0.0017045     0.0004071           2         136           0
    9.088     0.0012152     0.0004375           2         136           0
    9.149     0.0014646     0.0004756           2         136           0
    9.209     0.0011643     0.0004415           2         136           0
    9.270     0.0011514     0.0004206           2         136           0
    9.330     0.0012039     0.0004250           2         136           0
    9.391     0.0014807     0.0004283           2         392           0
    9.451     0.0016329     0.0004363           2         392           0
    9.512     0.0016936     0.0004218           2         392           0
    9.572     0.0022313     0.0004343           2         392           0
    9.633     0.0019415     0.0004496           2         392           0
    9.693     0.0015683     0.0003642           2         392           0
    9.754     0.0016552     0.0003391           2       16796           0
    9.814     0.0006819     0.0003793           2       16796           0
    9.875     0.0005884     0.0002981           2         392           0
    9.935     0.0006985     0.0003815           2         392           0
    9.995     0.0008023     0.0003503           2         392           0
   10.056     0.0007875     0.0003687           2         392           0
   10.116     0.0008043     0.0003762           2         392           0
   10.177     0.0004709     0.0002929           2         392           0
   10.237     0.0006715     0.0003494           2         392           0
   10.298     0.0006872     0.0003422           2         392           0
   10.358     0.0007419     0.0003542           2         392           0
   10.419     0.0004775     0.0003877           2         392           0
   10.479     0.0003240     0.0003644           2         392           0
   10.540     0.0006527     0.0003760           2         392           0
   10.600     0.0007432     0.0003859           2         392           0
   10.661     0.0006370     0.0003707           2         392           0
   10.721     0.0007838     0.0003961           2         392           0
   10.782     0.0007061     0.0004158           2         392           0
   10.842     0.0013142     0.0003468           2         392           0
   10.903     0.0006749     0.0004211           2         392           0
   10.963     0.0005880     0.0004576           2         392           0
   11.024     0.0004287     0.0004496           2         392           0
   11.084     0.0003993     0.0004564           2         392           0
   11.145     0.0007157     0.0004796           2         392           0
   11.205     0.0002946     0.0004747           2         392           0
   11.266     0.0002678     0.0004461           2         392           0
   11.326     0.0003480     0.0004728           2         392           0
   11.387     0.0004345     0.0004647           2         412           0
   11.447    -0.0000465     0.0004382           2         412           0
   11.508     0.0006195     0.0005143           2         392           0
   11.568     0.0006405     0.0005166           2         392           0
   11.628     0.0005657     0.0005461           2         392           0
   11.689     0.0006733     0.0004980           2         392           0
   11.750     0.0003045     0.0005045           2         392           0
   11.810     0.0003684     0.0004904           2         392           0
   11.870     0.0007453     0.0005702           2         392           0
   11.931     0.0009201     0.0005741           2         392           0
   11.991     0.0012528     0.0005584           2         392           0
   12.052     0.0005498     0.0005286           2         392           0
   12.112     0.0008724     0.0005327           2         392           0
   12.173     0.0005754     0.0005354           2         392           0
   12.233     0.0004685     0.0005331           2         392           0
   12.294     0.0009727     0.0005287           2         392           0
   12.354     0.0010469     0.0005243           2         392           0
   12.415     0.0019892     0.0005180           2         392           0
   12.475     0.0032344     0.0005175           2         392           0
   12.536     0.0040523     0.0005177           2         392           0
   12.596     0.0038156     0.0005251           2         392           0
   12.657     0.0031540     0.0005163           2         392           0
   12.717     0.0025522     0.0004980           2         392           0
   12.778     0.0020761     0.0005000           2         392           0
   12.838     0.0019080     0.0005045           2         392           0
   12.899     0.0016769     0.0005723           2         392           0
   12.959     0.0010025     0.0005451           2         392           0
   13.020     0.0011018     0.0006175           2         392           0
   13.080     0.0013054     0.0006285           2         392           0
   13.141     0.0015775     0.0006524           2         392           0
   13.201     0.0012929     0.0006353           2         392           0
   13.262     0.0013454     0.0006384           2         392           0
   13.322     0.0017247     0.0006628           2         392           0
   13.383     0.0013603     0.0006795           2         392           0
   13.443     0.0012615     0.0005256           2         392           0
   13.503     0.0012274     0.0006905           2         392           0
   13.564     0.0001031     0.0005670           2         392           0
   13.625     0.0009438     0.0007106           2         392           0
   13.685     0.0012365     0.0006998           2         392           0
   13.745     0.0011739     0.0007248           2         392           0
   13.806     0.0018840     0.0007418           2         392           0
   13.866     0.0020158     0.0008050           2         392           0
   13.927     0.0018733     0.0007964           2         392           0
   13.987     0.0029011     0.0008328           2         392           0
   14.048     0.0024319     0.0008030           2         392           0
   14.108     0.0020758     0.0009005           2         392           0
   14.154     0.0031137     0.0007070           3        4360           0
   14.239     0.0034797     0.0004797           3        4360           0
   14.323     0.0031629     0.0004612           3        4360           0
   14.408     0.0020799     0.0004210           3        4360           0
   14.493     0.0014326     0.0004119           3        4360           0
   14.577     0.0013548     0.0005573           3        4360           0
   14.662     0.0014059     0.0012767           3        4360           0
   14.747     0.0010188     0.0003842           3        4360           0
   14.832     0.0014990     0.0023771           3        4360           0
   14.916     0.0010440     0.0031171           3        4360           0
   15.001     0.0001942     0.0020498           3        4360           0
   15.085     0.0007652     0.0038452           3        4360           0
   15.170     0.0009372     0.0019811           3        4360           0
   15.255     0.0015201     0.0021737           3        4360           0
   15.340     0.0013677     0.0015416           3        4360           0
   15.424     0.0000707     0.0007898           3        4360           0
   15.509     0.0009938     0.0003868           3        4360           0
   15.594     0.0010857     0.0004175           3        4360           0
   15.678     0.0012137     0.0004464           3        4360           0
   15.763     0.0012986     0.0004083           3        4360           0
   15.848     0.0012315     0.0004208           3        4360           0
   15.932     0.0008153     0.0005327           3        4360           0
   16.017     0.0007838     0.0005820           3        4360           0
   16.102     0.0016356     0.0006517           3        4360           0
   16.186     0.0009209     0.0006185           3        4360           0
   16.271     0.0007078     0.0005121           3        4360           0
   16.356     0.0010965     0.0005193           3        4360           0
   16.440     0.0009738     0.0004357           3        4360           0
   16.525     0.0008417     0.0004403           3        4360           0
   16.610     0.0010248     0.0004438           3        4360           0
   16.694     0.0016960     0.0003998           3        4360           0
   16.779     0.0012435     0.0004566           3        4360           0
   16.864     0.0009198     0.0011004           3        4360           0
   16.948     0.0013340     0.0020222           3        4360           0
   17.033     0.0013232     0.0006101           3        4360           0
   17.118     0.0016391     0.0011347           3        4360           0
   17.202     0.0017213     0.0007210           3        4360           0
   17.287     0.0020313     0.0006614           3        4360           0
   17.372     0.0010217     0.0019006           3        4360           0
   17.456     0.0014493     0.0008912           3        4360           0
   17.541     0.0010677     0.0016238           3        4360           0
   17.626     0.0010269     0.0032718           3        4360           0
   17.711     0.0010732     0.0016801           3        4360           0
   17.795     0.0014156     0.0005583           3        4360           0
   17.880     0.0014165     0.0005622           3        4360           0
   17.965     0.0014426     0.0006106           3        4360           0
   18.049     0.0015972     0.0006143           3        4360           0
   18.134     0.0010556     0.0011502           3        4360           0
   18.219     0.0022611     0.0033921           3        4360           0
   18.303     0.0027358     0.0009893           3        4360           0
   18.388     0.0024349     0.0035454           3        4360           0
   18.472     0.0031595     0.0028007           3        4360           0
   18.557     0.0022982     0.0033602           3        4360           0
   18.642     0.0022565     0.0014047           3        4360           0
   18.727     0.0030927     0.0007520           3        4360           0
   18.811     0.0023073     0.0019841           3        4360           0
   18.896     0.0019703     0.0012951           3        4360           0
   18.981     0.0022777     0.0010366           3        4360           0
   19.065     0.0019622     0.0012781           3        4360           0
   19.150     0.0022191     0.0008068           3        4360           0
   19.235     0.0012787     0.0015903           3    19009600           0
   19.404     0.0021580     0.0032332           3    19009600           0
   19.573     0.0018461     0.0018677           3    19009600           0
   19.743     0.0013252     0.0010002           3    19009600           0
   19.912     0.0013822     0.0043607           3    19009600           0
   20.081     0.0010571     0.0053974           3        4360           0
   20.251     0.0009584     0.0021542           3        4360           0
   20.420     0.0019421     0.0014180           3        4360           0
   20.590     0.0024247     0.0014031           3        4360           0
   20.759     0.0025795     0.0018654           3        4360           0
   20.928     0.0029948     0.0046429           3        4360           0
   21.097     0.0028641     0.0017866           4        4360           0
   21.267     0.0024670     0.0008388           4        4360           0
   21.436     0.0020285     0.0008244           4        4360           0
   21.606     0.0021061     0.0011449           4        4360           0
   21.775     0.0004819     0.0030452           4        4360           0
   21.944     0.0008829     0.0011892           4        4360           0
   22.114     0.0019203     0.0009994           4        4360           0
   22.283     0.0026620     0.0010324           4        4360           0
   22.452     0.0018760     0.0007348           4        4360           0
   22.622     0.0024335     0.0018583           4        4360           0
   22.791     0.0022677     0.0008164           4        4360           0
   22.960     0.0024350     0.0004819           4        4360           0
   23.130     0.0027760     0.0005432           4        4360           0
   23.299     0.0022183     0.0005829           4        4360           0
   23.469     0.0026965     0.0005662           4        4360           0
   23.638     0.0029255     0.0005860           4        4360           0
   23.807     0.0028886     0.0005480           4        4360           0
   23.976     0.0026216     0.0005158           4        4360           0
   24.146     0.0023661     0.0006163           4        4360           0
   24.315     0.0033298     0.0005294           4        4360           0
   24.485     0.0038319     0.0005650           4        4360           0
   24.654     0.0038915     0.0008014           4        4360           0
   24.823     0.0039513     0.0021809           4        4360           0
   24.993     0.0035245     0.0011261           4        4360           0
   25.162     0.0045260     0.0006063           4        4360           0
   25.331     0.0029958     0.0006666           4        4360           0
   25.501     0.0033619     0.0006216           4        4360           0
   25.670     0.0040777     0.0007104           4        4360           0
   25.839     0.0040056     0.0028699           4        4360           0
   26.009     0.0042056     0.0008923           4        4360           0
   26.178     0.0043970     0.0006826           4        4360           0
   26.347     0.0040362     0.0005056           4        4360           0
   26.517     0.0041506     0.0004421           4        4360           0
   26.686     0.0046052     0.0006152           4        4360           0
   26.856     0.0046688     0.0006056           4        4360           0
   27.025     0.0040292     0.0005182           4        4360           0
   27.194     0.0037599     0.0024393           4        4360           0
   27.364     0.0043583     0.0025286           4        4360           0
   27.533     0.0052937     0.0004959           4        4360           0
   27.702     0.0047540     0.0006224           4        4360           0
   27.872     0.0047901     0.0008492           4        4360           0
   28.041     0.0051549     0.0024336           4        4360           0
   28.210     0.0042890     0.0007199           4        4360           0
   28.380     0.0042250     0.0007390           4        4360           0
   28.549     0.0043883     0.0007504           4        4360           0
   28.719     0.0055818     0.0006355           4        4360           0
   28.888     0.0056653     0.0006700           4        4360           0
   29.057     0.0049503     0.0009333           4        4360           0
   29.226     0.0045569     0.0019463           4        4360           0
   29.396     0.0040094     0.0025098           4        4360           0
   29.565     0.0043003     0.0024716           4        4360           0
   29.735     0.0047074     0.0017511           4        4360           0
   29.904     0.0049948     0.0008716           4        4360           0
   30.073     0.0047911     0.0004979           4        4360           0
   30.243     0.0058411     0.0007794           4        4360           0
   30.412     0.0057706     0.0022558           4        4360           0
   30.581     0.0049446     0.0023177           4        4360           0
   30.751     0.0063274     0.0037905           4        4360           0
   30.920     0.0058757     0.0019406           4        4360           0
   31.089     0.0065601     0.0031416           4        4360           0
   31.259     0.0053866     0.0013183           4        4360           0
   31.428     0.0065303     0.0023634           4        4360           0
   31.597     0.0063959     0.0007487           4        4360           0
   31.767     0.0069056     0.0017595           4        4360           0
   31.936     0.0065179     0.0019155           4        4360           0
   32.105     0.0061869     0.0017922           4        4360           0
   32.275     0.0042729     0.0018509           4        4360           0
   32.444     0.0051803     0.0012648           4        4360           0
   32.614     0.0039114     0.0040200           4        4360           0
   32.783     0.0066837     0.0030445           4        4360           0
   32.952     0.0058332     0.0019807           4        4360           0
   33.122     0.0071595     0.0024929           4        4360           0
   33.291     0.0064499     0.0016114           4        4360           0
   33.460     0.0041120     0.0027857           4        4360           0
   33.630     0.0076730     0.0020412           4        4360           0
   33.799     0.0075640     0.0019131           4        4360           0
   33.968     0.0074219     0.0020611           4        4360           0
   34.138     0.0084735     0.0021004           4        4360           0
   34.307     0.0065681     0.0023100           4        4360           0
   34.477     0.0074832     0.0022667           4        4360           0
   34.646     0.0088525     0.0020044           4        4360           0
   34.815     0.0099185     0.0030325           4        4360           0
   34.985     0.0066928     0.0024172           4        4360           0
   35.154     0.0103315     0.0030558           4        4360           0
   35.323     0.0044991     0.0070467           4        4360           0
   35.493     0.0064536     0.0042149           4        4360           0
   35.662     0.0070195     0.0027174           4        4360           0
   35.831     0.0050697     0.0030216           4        4360           0
   36.001     0.0063551     0.0028794           4        4360           0
   36.170     0.0088494     0.0042657           4        4360           0
   36.339     0.0086344     0.0069218           4        4360           0
   36.509     0.0069263     0.0046601           4        4360           0
   36.678     0.0090962     0.0042956           4        4360           0
   36.847     0.0068714     0.0037128           4        4360           0
   37.017     0.0083643     0.0075080           4        4360           0
   37.186     0.0091003     0.0101280           4        4360           0
   37.355     0.0091260     0.0060226           4        4360           0
   37.525     0.0119625     0.0053003           4        4360           0
   37.694     0.0170800     0.0043509           4        4360           0
   37.864     0.0115463     0.0078059           4        4360           0
   38.033    -0.0076123     0.0252585           4        4360           0
   38.202     0.0069006     0.0391744           4        4360           0
   38.372     0.0182971     0.0144025           4        4360           0
   38.541     0.0099429     0.0342211           4        4360           0
   38.710    -0.1640733     0.0148243           4        4360           0
   38.880    -0.0102082     0.0282204           4        4360           0
   39.049     0.0036471     0.2988586           4        4360           0
   39.218     0.0059077     0.1361029           4        4360           0
   39.388     0.0064649     0.0115853           4        4360           0
   39.557     0.0005572     0.0366098           4        4360           0
   39.727     0.0010009     0.0623516           4        4360           0
   39.896     0.0067066     0.0137990           4        4488           0
   40.065     0.0012420     0.0095582           4        4488           0
   40.235     0.0009231     0.0052811           4        4488           0
   40.404     0.0006620     0.0024725           4        4488           0
   40.573     0.0007414     0.0019518           4        4488           0
   40.743    -0.0000503     0.0010172           4        4508           0
   40.912    -0.0001728     0.0004076           4        4488           0
   41.081    -0.0000925     0.0002160           4        4488           0
   41.251     0.0000243     0.0001906           4        4488           0
   41.420    -0.0000592     0.0002645           4        4488           0
   41.589    -0.0001986     0.0003384           4        4488           0
   41.759    -0.0000740     0.0003406           4        4488           0
   41.928     0.0001902     0.0009717           4        4508           0
   42.097    -0.0000867     0.0005188           4        4508           0
   42.267     0.0010065     0.0012704           4        4488           0
