wave flux error channelflag bitflag stitchflag
    5.127    -0.0001258     0.0034466           1         392           0
    5.157     0.0005445     0.0020075           1         136           0
    5.187     0.0002967     0.0009747           1         136           0
    5.217     0.0002225     0.0005382           1         136           0
    5.247     0.0005113     0.0005538           1         136           0
    5.278     0.0004704     0.0006272           1         136           0
    5.308     0.0001591     0.0005083           1         136           0
    5.338     0.0004048     0.0005578           1         392           0
    5.368     0.0000924     0.0005491           1         392           0
    5.399     0.0004309     0.0005307           1       16776           0
    5.429     0.0004931     0.0005593           1       16796           0
    5.459     0.0001905     0.0005149           1       16796           0
    5.489     0.0001498     0.0004599           1         392           0
    5.520     0.0002060     0.0004393           1         392           0
    5.550     0.0003409     0.0005218           1         392           0
    5.580     0.0003713     0.0004645           1         392           0
    5.610     0.0003317     0.0004708           1         392           0
    5.641     0.0002128     0.0004781           1        8468           0
    5.671     0.0000562     0.0004491           1        8468           0
    5.701     0.0000447     0.0004284           1         392           0
    5.731     0.0002339     0.0004736           1         392           0
    5.762     0.0005717     0.0004436           1         412           0
    5.792     0.0003344     0.0004873           1         412           0
    5.822     0.0002977     0.0004713           1         392           0
    5.852     0.0003873     0.0004962           1         392           0
    5.883     0.0001312     0.0005048           1         392           0
    5.913     0.0000634     0.0005164           1         136           0
    5.943     0.0001772     0.0005394           1         136           0
    5.973     0.0005771     0.0005296           1         136           0
    6.004     0.0002118     0.0004998           1         136           0
    6.034     0.0000384     0.0004559           1         136           0
    6.064     0.0002623     0.0004723           1         392           0
    6.094     0.0001520     0.0005250           1         392           0
    6.125     0.0002136     0.0005052           1         392           0
    6.155     0.0002824     0.0005218           1         392           0
    6.185     0.0003515     0.0005146           1         392           0
    6.215     0.0003202     0.0005172           1         392           0
    6.245     0.0002649     0.0005271           1         392           0
    6.276     0.0002916     0.0004886           1         392           0
    6.306     0.0002268     0.0005145           1         392           0
    6.336     0.0003832     0.0004988           1         392           0
    6.366     0.0004042     0.0005678           1         392           0
    6.397     0.0006058     0.0005027           1         392           0
    6.427     0.0003334     0.0004647           1         392           0
    6.457     0.0000263     0.0005181           1         392           0
    6.487    -0.0000755     0.0005369           1         392           0
    6.518     0.0002999     0.0005730           1         392           0
    6.548     0.0001514     0.0006268           1         392           0
    6.578     0.0001097     0.0007045           1         392           0
    6.608     0.0002306     0.0007018           1         392           0
    6.639     0.0006237     0.0006498           1         136           0
    6.669     0.0005878     0.0006831           1         136           0
    6.699     0.0005622     0.0006085           1         136           0
    6.729     0.0003654     0.0006470           1         136           0
    6.760     0.0009222     0.0006952           1         136           0
    6.790     0.0002233     0.0007086           1         392           0
    6.820     0.0005106     0.0006782           1         392           0
    6.850     0.0012368     0.0007416           1         392           0
    6.881     0.0020263     0.0007233           1         392           0
    6.911     0.0019247     0.0007295           1         392           0
    6.941     0.0020459     0.0007855           1         392           0
    6.971     0.0019494     0.0008184           1         392           0
    7.002     0.0014100     0.0008586           1         392           0
    7.032     0.0011256     0.0008761           1         392           0
    7.062     0.0006430     0.0008920           1         392           0
    7.092     0.0006481     0.0007531           1         392           0
    7.122     0.0011292     0.0008048           1         392           0
    7.153     0.0010142     0.0007925           1         392           0
    7.183     0.0007493     0.0007673           1         392           0
    7.213     0.0005081     0.0008738           1         392           0
    7.243     0.0008119     0.0009213           1         392           0
    7.274     0.0004401     0.0009349           1         392           0
    7.304     0.0003165     0.0009183           1         392           0
    7.334     0.0012965     0.0011705           1       53312           0
    7.395     0.0007617     0.0012625           1       18496           0
    7.455     0.0008825     0.0011481           1       18496           0
    7.516     0.0008528     0.0011255           1       53312           0
    7.576     0.0007709     0.0014554           1      153664           0
    7.637     0.0005261     0.0005868           1         392           0
    7.697     0.0009148     0.0006051           1         392           0
    7.758     0.0011704     0.0007188           1         392           0
    7.818     0.0011426     0.0007504           1         392           0
    7.879     0.0011671     0.0006882           1         392           0
    7.939     0.0012458     0.0007340           1         392           0
    8.000     0.0010225     0.0006933           1         392           0
    8.060     0.0011119     0.0006241           1         392           0
    8.120     0.0011610     0.0005695           1         392           0
    8.181     0.0016228     0.0005869           1         392           0
    8.241     0.0019382     0.0005842           1         392           0
    8.302     0.0022823     0.0006017           1         392           0
    8.362     0.0024717     0.0003790           2       16796           0
    8.423     0.0029400     0.0004850           2       16796           0
    8.483     0.0033475     0.0004289           2       16792           0
    8.544     0.0031246     0.0003852           2       16776           0
    8.604     0.0031861     0.0004010           2         392           0
    8.665     0.0032273     0.0003800           2         392           0
    8.725     0.0030481     0.0003826           2         392           0
    8.786     0.0027427     0.0003618           2         392           0
    8.846     0.0024247     0.0003704           2         392           0
    8.907     0.0022363     0.0003815           2         392           0
    8.967     0.0017644     0.0003934           2         392           0
    9.028     0.0017701     0.0003867           2         136           0
    9.088     0.0016956     0.0003918           2         136           0
    9.149     0.0014614     0.0003693           2         136           0
    9.209     0.0019006     0.0003723           2         136           0
    9.270     0.0017978     0.0004052           2         136           0
    9.330     0.0017117     0.0003831           2         136           0
    9.391     0.0016183     0.0004150           2         392           0
    9.451     0.0021886     0.0004067           2         392           0
    9.512     0.0021364     0.0003571           2         392           0
    9.572     0.0022279     0.0003918           2         392           0
    9.633     0.0018792     0.0003678           2         392           0
    9.693     0.0017089     0.0003629           2         392           0
    9.754     0.0015401     0.0003373           2       16796           0
    9.814     0.0012397     0.0003283           2       16796           0
    9.875     0.0010749     0.0003633           2         392           0
    9.935     0.0010350     0.0003385           2         392           0
    9.995     0.0010280     0.0003443           2         392           0
   10.056     0.0009734     0.0003412           2         392           0
   10.116     0.0008119     0.0003200           2         392           0
   10.177     0.0008112     0.0003091           2         392           0
   10.237     0.0008054     0.0003027           2         392           0
   10.298     0.0007141     0.0003259           2         392           0
   10.358     0.0008198     0.0003277           2         392           0
   10.419     0.0007539     0.0003229           2         392           0
   10.479     0.0007582     0.0003441           2         392           0
   10.540     0.0008924     0.0003508           2         392           0
   10.600     0.0008549     0.0003305           2         392           0
   10.661     0.0009018     0.0003511           2         392           0
   10.721     0.0009384     0.0003494           2         392           0
   10.782     0.0010017     0.0003654           2         392           0
   10.842     0.0009595     0.0003671           2         392           0
   10.903     0.0008384     0.0003946           2         392           0
   10.963     0.0007989     0.0003837           2         392           0
   11.024     0.0008939     0.0003768           2         392           0
   11.084     0.0006719     0.0003950           2         392           0
   11.145     0.0007719     0.0004042           2         392           0
   11.205     0.0007352     0.0004125           2         392           0
   11.266     0.0008118     0.0004246           2         392           0
   11.326     0.0007038     0.0004312           2         392           0
   11.387     0.0008027     0.0004256           2         412           0
   11.447     0.0009181     0.0004210           2         412           0
   11.508     0.0008863     0.0004226           2         392           0
   11.568     0.0010328     0.0004619           2         392           0
   11.628     0.0008118     0.0004580           2         392           0
   11.689     0.0009836     0.0004788           2         392           0
   11.750     0.0013089     0.0004646           2         392           0
   11.810     0.0006894     0.0005197           2         392           0
   11.870     0.0007699     0.0004805           2         392           0
   11.931     0.0011666     0.0004835           2         392           0
   11.991     0.0012570     0.0004570           2         392           0
   12.052     0.0011570     0.0004665           2         392           0
   12.112     0.0011414     0.0004934           2         392           0
   12.173     0.0012109     0.0004772           2         392           0
   12.233     0.0014971     0.0004880           2         392           0
   12.294     0.0017991     0.0004889           2         392           0
   12.354     0.0018717     0.0004922           2         392           0
   12.415     0.0026375     0.0005023           2         392           0
   12.475     0.0043771     0.0004869           2         392           0
   12.536     0.0049529     0.0005836           2         392           0
   12.596     0.0043450     0.0004949           2         392           0
   12.657     0.0038473     0.0004615           2         392           0
   12.717     0.0032099     0.0004567           2         392           0
   12.778     0.0026392     0.0004964           2         392           0
   12.838     0.0023579     0.0004552           2         392           0
   12.899     0.0017888     0.0004965           2         392           0
   12.959     0.0016449     0.0005056           2         392           0
   13.020     0.0017833     0.0004882           2         392           0
   13.080     0.0018184     0.0004972           2         392           0
   13.141     0.0018694     0.0005463           2         392           0
   13.201     0.0021977     0.0005767           2         392           0
   13.262     0.0022653     0.0005708           2         392           0
   13.322     0.0020521     0.0005798           2         392           0
   13.383     0.0020718     0.0005857           2         392           0
   13.443     0.0018256     0.0006111           2         392           0
   13.503     0.0020202     0.0006312           2         392           0
   13.564     0.0020562     0.0006222           2         392           0
   13.625     0.0017428     0.0006197           2         392           0
   13.685     0.0021426     0.0006242           2         392           0
   13.745     0.0022229     0.0006782           2         392           0
   13.806     0.0019748     0.0006771           2         392           0
   13.866     0.0026335     0.0007044           2         392           0
   13.927     0.0024546     0.0007184           2         392           0
   13.987     0.0029017     0.0007392           2         392           0
   14.048     0.0024954     0.0007796           2         392           0
   14.108     0.0034926     0.0007880           2         392           0
   14.169     0.0035855     0.0007962           2         392           0
   14.229     0.0043944     0.0008566           2         392           0
   14.290     0.0034372     0.0005192           2         392           0
   14.350     0.0045557     0.0006221           2         392           0
   14.408     0.0029686     0.0004307           3        4360           0
   14.493     0.0022757     0.0003491           3        4360           0
   14.577     0.0027136     0.0002857           3        4360           0
   14.662     0.0026010     0.0003049           3        4360           0
   14.747     0.0017850     0.0004589           3        4360           0
   14.832     0.0016698     0.0004784           3        4360           0
   14.916     0.0015191     0.0005110           3        4360           0
   15.001     0.0013267     0.0004985           3        4360           0
   15.085     0.0018798     0.0005235           3        4360           0
   15.170     0.0026900     0.0003119           3        4360           0
   15.255     0.0013536     0.0005211           3        4360           0
   15.340     0.0008313     0.0005088           3        4360           0
   15.424     0.0006706     0.0004188           3        4360           0
   15.509     0.0008824     0.0003801           3        4360           0
   15.594     0.0008673     0.0004196           3        4360           0
   15.678     0.0009730     0.0004302           3        4360           0
   15.763     0.0014424     0.0003975           3        4360           0
   15.848     0.0017992     0.0004270           3        4360           0
   15.932     0.0014309     0.0004779           3        4360           0
   16.017     0.0012319     0.0005721           3        4360           0
   16.102     0.0013533     0.0005839           3        4360           0
   16.186     0.0006099     0.0005786           3        4360           0
   16.271     0.0011081     0.0005893           3        4360           0
   16.356     0.0003920     0.0004398           3        4360           0
   16.440     0.0013949     0.0004757           3        4360           0
   16.525     0.0013843     0.0004648           3        4360           0
   16.610     0.0007419     0.0003483           3        4360           0
   16.694     0.0009980     0.0004184           3        4360           0
   16.779     0.0010200     0.0004486           3        4360           0
   16.864     0.0011260     0.0005493           3        4360           0
   16.948     0.0010294     0.0006565           3        4360           0
   17.033     0.0009847     0.0005084           3        4360           0
   17.118     0.0012693     0.0010793           3        4360           0
   17.202     0.0012546     0.0008718           3        4360           0
   17.287     0.0015775     0.0008476           3        4360           0
   17.372     0.0021014     0.0033834           3        4360           0
   17.456     0.0017523     0.0049061           3        4360           0
   17.541     0.0016910     0.0004495           3        4360           0
   17.626     0.0014472     0.0005415           3        4360           0
   17.711     0.0019006     0.0005606           3        4360           0
   17.795     0.0023446     0.0006164           3        4360           0
   17.880     0.0019827     0.0005869           3        4360           0
   17.965     0.0020930     0.0004893           3        4360           0
   18.049     0.0027784     0.0009084           3        4360           0
   18.134     0.0023820     0.0021804           3        4360           0
   18.219     0.0026786     0.0007668           3        4360           0
   18.303     0.0033787     0.0007939           3        4360           0
   18.388     0.0028698     0.0007772           3        4360           0
   18.472     0.0034148     0.0006379           3        4360           0
   18.557     0.0029005     0.0007939           3        4360           0
   18.642     0.0028367     0.0007089           3        4360           0
   18.727     0.0031066     0.0006229           3        4360           0
   18.811     0.0026315     0.0005562           3        4360           0
   18.896     0.0033833     0.0006263           3        4360           0
   18.981     0.0036867     0.0006101           3        4360           0
   19.065     0.0035044     0.0007199           3        4360           0
   19.150     0.0030053     0.0007169           3        4360           0
   19.235     0.0027024     0.0012355           3    19009600           0
   19.404     0.0034231     0.0015720           3    19009600           0
   19.573     0.0034361     0.0026836           3    19009600           0
   19.743     0.0030316     0.0024562           3    19009600           0
   19.912     0.0030367     0.0011681           3    19009600           0
   20.081     0.0025881     0.0039358           3        4360           0
   20.251     0.0032651     0.0018928           3        4360           0
   20.420     0.0033075     0.0012534           3        4360           0
   20.590     0.0036671     0.0012352           3        4360           0
   20.759     0.0037678     0.0013570           3        4360           0
   20.928     0.0046337     0.0018109           3        4360           0
   21.097     0.0036700     0.0006490           4        4360           0
   21.267     0.0030857     0.0007773           4        4360           0
   21.436     0.0035793     0.0007942           4        4360           0
   21.606     0.0029922     0.0007018           4        4360           0
   21.775     0.0034585     0.0007859           4        4360           0
   21.944     0.0018401     0.0009597           4        4360           0
   22.114     0.0032489     0.0007379           4        4360           0
   22.283     0.0041856     0.0004884           4        4360           0
   22.452     0.0036576     0.0007127           4        4360           0
   22.622     0.0039758     0.0006891           4        4360           0
   22.791     0.0030793     0.0005956           4        4360           0
   22.960     0.0034063     0.0004603           4        4360           0
   23.130     0.0043323     0.0005405           4        4360           0
   23.299     0.0041647     0.0005726           4        4360           0
   23.469     0.0040847     0.0005785           4        4360           0
   23.638     0.0040816     0.0006017           4        4360           0
   23.807     0.0041885     0.0005359           4        4360           0
   23.976     0.0042186     0.0004991           4        4360           0
   24.146     0.0041828     0.0005899           4        4360           0
   24.315     0.0033321     0.0005976           4        4360           0
   24.485     0.0038680     0.0005157           4        4360           0
   24.654     0.0046936     0.0004864           4        4360           0
   24.823     0.0046851     0.0031062           4        4360           0
   24.993     0.0047922     0.0007722           4        4360           0
   25.162     0.0048616     0.0006443           4        4360           0
   25.331     0.0051207     0.0006481           4        4360           0
   25.501     0.0049631     0.0006183           4        4360           0
   25.670     0.0053150     0.0007485           4        4360           0
   25.839     0.0051074     0.0020331           4        4360           0
   26.009     0.0053346     0.0007443           4        4360           0
   26.178     0.0056574     0.0005766           4        4360           0
   26.347     0.0068457     0.0005471           4        4360           0
   26.517     0.0057560     0.0005488           4        4360           0
   26.686     0.0054590     0.0006502           4        4360           0
   26.856     0.0054417     0.0006398           4        4360           0
   27.025     0.0054298     0.0005091           4        4360           0
   27.194     0.0053238     0.0004902           4        4360           0
   27.364     0.0051694     0.0005241           4        4360           0
   27.533     0.0052889     0.0005473           4        4360           0
   27.702     0.0058053     0.0006320           4        4360           0
   27.872     0.0054465     0.0006481           4        4360           0
   28.041     0.0062261     0.0007255           4        4360           0
   28.210     0.0049991     0.0007321           4        4360           0
   28.380     0.0061716     0.0007763           4        4360           0
   28.549     0.0062650     0.0007294           4        4360           0
   28.719     0.0065096     0.0006444           4        4360           0
   28.888     0.0081266     0.0005808           4        4360           0
   29.057     0.0069424     0.0006869           4        4360           0
   29.226     0.0053822     0.0008834           4        4360           0
   29.396     0.0060765     0.0010709           4        4360           0
   29.565     0.0075023     0.0011249           4        4360           0
   29.735     0.0073278     0.0008867           4        4360           0
   29.904     0.0067380     0.0008415           4        4360           0
   30.073     0.0067718     0.0006734           4        4360           0
   30.243     0.0070597     0.0007306           4        4360           0
   30.412     0.0081517     0.0009293           4        4360           0
   30.581     0.0075143     0.0127075           4        4360           0
   30.751     0.0078474     0.0034591           4        4360           0
   30.920     0.0071651     0.0010349           4        4360           0
   31.089     0.0076953     0.0009481           4        4360           0
   31.259     0.0068881     0.0008590           4        4360           0
   31.428     0.0081732     0.0007647           4        4360           0
   31.597     0.0086598     0.0007603           4        4360           0
   31.767     0.0091992     0.0007768           4        4360           0
   31.936     0.0084406     0.0008274           4        4360           0
   32.105     0.0080832     0.0007993           4        4360           0
   32.275     0.0083376     0.0011125           4        4360           0
   32.444     0.0084882     0.0012773           4        4360           0
   32.614     0.0078946     0.0012665           4        4360           0
   32.783     0.0078422     0.0013395           4        4360           0
   32.952     0.0094235     0.0014274           4        4360           0
   33.122     0.0094856     0.0013987           4        4360           0
   33.291     0.0085420     0.0015561           4        4360           0
   33.460     0.0083150     0.0021122           4        4360           0
   33.630     0.0089857     0.0016888           4        4360           0
   33.799     0.0105531     0.0016396           4        4360           0
   33.968     0.0103791     0.0018874           4        4360           0
   34.138     0.0090799     0.0022094           4        4360           0
   34.307     0.0093334     0.0019173           4        4360           0
   34.477     0.0110852     0.0016943           4        4360           0
   34.646     0.0094281     0.0018351           4        4360           0
   34.815     0.0102929     0.0021598           4        4360           0
   34.985     0.0126293     0.0025584           4        4360           0
   35.154     0.0103049     0.0030486           4        4360           0
   35.323     0.0092368     0.0050936           4        4360           0
   35.493     0.0100528     0.0028806           4        4360           0
   35.662     0.0114012     0.0030057           4        4360           0
   35.831     0.0100769     0.0106837           4        4360           0
   36.001     0.0086635     0.0126794           4        4360           0
   36.170     0.0104093     0.0033298           4        4360           0
   36.339     0.0144717     0.0047147           4        4360           0
   36.509     0.0158217     0.0090238           4        4360           0
   36.678     0.0145642     0.0056828           4        4360           0
   36.847     0.0134045     0.0042607           4        4360           0
   37.017     0.0185660     0.0072448           4        4360           0
   37.186     0.0153026     0.0061855           4        4360           0
   37.355     0.0142498     0.0058789           4        4360           0
   37.525     0.0170468     0.0055017           4        4360           0
   37.694     0.0206561     0.0044398           4        4360           0
   37.864     0.0141174     0.0055337           4        4360           0
   38.033     0.0055584     0.0069112           4        4360           0
   38.202    -0.0003574     0.0254137           4        4360           0
   38.372     0.0089705     0.0126912           4        4360           0
   38.541     0.0045997     0.0194081           4        4360           0
   38.710     0.0103260     0.0153569           4        4360           0
   38.880     0.0215736     0.0144106           4        4360           0
   39.049     0.0272743     0.1337228           4        4360           0
   39.218     0.0163623     0.0505832           4        4360           0
   39.388     0.0101110     0.0129146           4        4360           0
   39.557     0.0269852     0.0443343           4        4360           0
   39.727     0.0341967     0.0747364           4        4360           0
   39.896     0.0156763     0.0194434           4        4488           0
   40.065     0.0023184     0.0071991           4        4488           0
   40.235    -0.0009807     0.0037926           4        4488           0
   40.404     0.0001338     0.0023896           4        4488           0
   40.573     0.0003367     0.0009515           4        4488           0
   40.743     0.0001014     0.0003634           4        4508           0
   40.912     0.0013079     0.0001712           4        4488           0
   41.081     0.0000278     0.0000698           4        4488           0
   41.251    -0.0000347     0.0001173           4        4488           0
   41.420     0.0000357     0.0002315           4        4488           0
   41.589     0.0019060     0.0001910           4        4488           0
   41.759     0.0055910     0.0002180           4        4488           0
   41.928     0.0005777     0.0019339           4        4508           0
   42.097    -0.0001884     0.0006543           4        4508           0
   42.267     0.0012926     0.0007167           4        4488           0
