wave flux error channelflag bitflag stitchflag
    5.127     0.0004881     0.0032136           1         392           0
    5.157     0.0009063     0.0019603           1         136           0
    5.187     0.0013193     0.0010117           1         136           0
    5.217     0.0010526     0.0006092           1         136           0
    5.247     0.0009645     0.0006124           1         136           0
    5.278     0.0009934     0.0005742           1         136           0
    5.308     0.0007416     0.0006097           1         136           0
    5.338     0.0007470     0.0005342           1         392           0
    5.368     0.0009642     0.0005518           1         392           0
    5.399     0.0005779     0.0005312           1       16776           0
    5.429     0.0008379     0.0005258           1       16796           0
    5.459     0.0009776     0.0005234           1       16796           0
    5.489     0.0009388     0.0004738           1         392           0
    5.520     0.0009398     0.0004638           1         392           0
    5.550     0.0007976     0.0004153           1         392           0
    5.580     0.0010667     0.0004979           1         392           0
    5.610     0.0010154     0.0004816           1         392           0
    5.641     0.0008458     0.0004775           1        8468           0
    5.671     0.0009858     0.0004508           1        8468           0
    5.701     0.0008192     0.0004593           1         392           0
    5.731     0.0010241     0.0004598           1         392           0
    5.762     0.0011582     0.0004726           1         412           0
    5.792     0.0015264     0.0005053           1         412           0
    5.822     0.0015707     0.0005006           1         392           0
    5.852     0.0015206     0.0005170           1         392           0
    5.883     0.0015957     0.0004891           1         392           0
    5.913     0.0015819     0.0005009           1         136           0
    5.943     0.0015010     0.0005301           1         136           0
    5.973     0.0015759     0.0005047           1         136           0
    6.004     0.0012992     0.0004703           1         136           0
    6.034     0.0010443     0.0004924           1         136           0
    6.064     0.0012681     0.0005277           1         392           0
    6.094     0.0012311     0.0005235           1         392           0
    6.125     0.0014195     0.0004937           1         392           0
    6.155     0.0016563     0.0005145           1         392           0
    6.185     0.0013193     0.0005589           1         392           0
    6.215     0.0015681     0.0005263           1         392           0
    6.245     0.0017696     0.0005229           1         392           0
    6.276     0.0019758     0.0005226           1         392           0
    6.306     0.0020891     0.0005451           1         392           0
    6.336     0.0023505     0.0006037           1         392           0
    6.366     0.0025950     0.0006069           1         392           0
    6.397     0.0024146     0.0005669           1         392           0
    6.427     0.0021142     0.0005921           1         392           0
    6.457     0.0016930     0.0005567           1         392           0
    6.487     0.0020007     0.0005542           1         392           0
    6.518     0.0024395     0.0005845           1         392           0
    6.548     0.0023731     0.0006431           1         392           0
    6.578     0.0021098     0.0007021           1         392           0
    6.608     0.0021874     0.0006789           1         392           0
    6.639     0.0020974     0.0006308           1         136           0
    6.669     0.0025048     0.0006679           1         136           0
    6.699     0.0030415     0.0006034           1         136           0
    6.729     0.0029564     0.0006569           1         136           0
    6.760     0.0034507     0.0005808           1         136           0
    6.790     0.0039518     0.0007121           1         392           0
    6.820     0.0048549     0.0008016           1         392           0
    6.850     0.0064486     0.0007020           1         392           0
    6.881     0.0088071     0.0006502           1         392           0
    6.911     0.0104800     0.0008318           1         392           0
    6.941     0.0120572     0.0004951           1         392           0
    6.971     0.0111449     0.0005141           1         392           0
    7.002     0.0088583     0.0007570           1         392           0
    7.032     0.0078464     0.0008249           1         392           0
    7.062     0.0063234     0.0007954           1         392           0
    7.092     0.0053867     0.0007796           1         392           0
    7.122     0.0049314     0.0008419           1         392           0
    7.153     0.0048737     0.0008143           1         392           0
    7.183     0.0042685     0.0008012           1         392           0
    7.213     0.0040245     0.0006370           1         392           0
    7.243     0.0035462     0.0009403           1         392           0
    7.274     0.0035778     0.0009025           1         392           0
    7.304     0.0039045     0.0009753           1         392           0
    7.334     0.0043699     0.0011567           1       53312           0
    7.395     0.0036877     0.0012951           1       18496           0
    7.455     0.0039778     0.0011826           1       18496           0
    7.516     0.0044943     0.0011454           1       53312           0
    7.576     0.0045875     0.0014963           1      153664           0
    7.637     0.0041021     0.0006009           1         392           0
    7.697     0.0045803     0.0006044           1         392           0
    7.758     0.0055209     0.0007660           1         392           0
    7.818     0.0056500     0.0007357           1         392           0
    7.879     0.0053398     0.0006708           1         392           0
    7.939     0.0054246     0.0007019           1         392           0
    8.000     0.0057668     0.0006901           1         392           0
    8.060     0.0063497     0.0006122           1         392           0
    8.120     0.0071780     0.0005980           1         392           0
    8.181     0.0082057     0.0005865           1         392           0
    8.241     0.0097149     0.0005725           1         392           0
    8.302     0.0114485     0.0005733           1         392           0
    8.362     0.0139365     0.0003805           2       16796           0
    8.423     0.0167192     0.0002977           2       16796           0
    8.483     0.0182549     0.0003670           2       16792           0
    8.544     0.0178464     0.0003183           2       16776           0
    8.604     0.0173038     0.0004236           2         392           0
    8.665     0.0172470     0.0003961           2         392           0
    8.725     0.0170540     0.0003640           2         392           0
    8.786     0.0156922     0.0002812           2         392           0
    8.846     0.0124670     0.0003342           2         392           0
    8.907     0.0128122     0.0003138           2         392           0
    8.967     0.0114040     0.0004026           2         392           0
    9.028     0.0096140     0.0003947           2         136           0
    9.088     0.0090747     0.0003976           2         136           0
    9.149     0.0086810     0.0003785           2         136           0
    9.209     0.0087421     0.0003943           2         136           0
    9.270     0.0086510     0.0003818           2         136           0
    9.330     0.0087779     0.0004147           2         136           0
    9.391     0.0090043     0.0004081           2         392           0
    9.451     0.0100049     0.0004172           2         392           0
    9.512     0.0105916     0.0002942           2         392           0
    9.572     0.0110912     0.0004042           2         392           0
    9.633     0.0104399     0.0003549           2         392           0
    9.693     0.0088611     0.0003407           2         392           0
    9.754     0.0081297     0.0003185           2       16796           0
    9.814     0.0060848     0.0003171           2       16796           0
    9.875     0.0054501     0.0003553           2         392           0
    9.935     0.0044062     0.0003431           2         392           0
    9.995     0.0041709     0.0003161           2         392           0
   10.056     0.0037495     0.0003309           2         392           0
   10.116     0.0033221     0.0003216           2         392           0
   10.177     0.0031079     0.0003005           2         392           0
   10.237     0.0030643     0.0003140           2         392           0
   10.298     0.0032711     0.0003284           2         392           0
   10.358     0.0031979     0.0003210           2         392           0
   10.419     0.0029820     0.0003429           2         392           0
   10.479     0.0030725     0.0002801           2         392           0
   10.540     0.0029786     0.0003337           2         392           0
   10.600     0.0030077     0.0003357           2         392           0
   10.661     0.0029087     0.0003786           2         392           0
   10.721     0.0028933     0.0003736           2         392           0
   10.782     0.0030257     0.0003699           2         392           0
   10.842     0.0031805     0.0003188           2         392           0
   10.903     0.0028317     0.0003813           2         392           0
   10.963     0.0027159     0.0003703           2         392           0
   11.024     0.0024745     0.0003870           2         392           0
   11.084     0.0025401     0.0003918           2         392           0
   11.145     0.0025843     0.0004074           2         392           0
   11.205     0.0024637     0.0004107           2         392           0
   11.266     0.0024920     0.0004138           2         392           0
   11.326     0.0026024     0.0004140           2         392           0
   11.387     0.0024269     0.0004028           2         412           0
   11.447     0.0028057     0.0004264           2         412           0
   11.508     0.0030663     0.0004318           2         392           0
   11.568     0.0025463     0.0004328           2         392           0
   11.628     0.0030350     0.0004466           2         392           0
   11.689     0.0030854     0.0004712           2         392           0
   11.750     0.0037543     0.0004700           2         392           0
   11.810     0.0040919     0.0004719           2         392           0
   11.870     0.0040296     0.0004248           2         392           0
   11.931     0.0041591     0.0004363           2         392           0
   11.991     0.0037388     0.0004549           2         392           0
   12.052     0.0040184     0.0004498           2         392           0
   12.112     0.0043857     0.0004463           2         392           0
   12.173     0.0050805     0.0004401           2         392           0
   12.233     0.0057605     0.0004706           2         392           0
   12.294     0.0070537     0.0004651           2         392           0
   12.354     0.0103048     0.0003829           2         392           0
   12.415     0.0118930     0.0002240           2         392           0
   12.475     0.0162531     0.0003808           2         392           0
   12.536     0.0218306     0.0004564           2         392           0
   12.596     0.0202252     0.0003971           2         392           0
   12.657     0.0166060     0.0004686           2         392           0
   12.717     0.0141659     0.0003823           2         392           0
   12.778     0.0111442     0.0003873           2         392           0
   12.838     0.0104142     0.0003899           2         392           0
   12.899     0.0084054     0.0004903           2         392           0
   12.959     0.0081963     0.0004967           2         392           0
   13.020     0.0079013     0.0005104           2         392           0
   13.080     0.0074632     0.0005287           2         392           0
   13.141     0.0075238     0.0005719           2         392           0
   13.201     0.0079590     0.0005532           2         392           0
   13.262     0.0084718     0.0005478           2         392           0
   13.322     0.0084464     0.0005699           2         392           0
   13.383     0.0088170     0.0005730           2         392           0
   13.443     0.0087625     0.0005850           2         392           0
   13.503     0.0084748     0.0006473           2         392           0
   13.564     0.0085312     0.0006453           2         392           0
   13.625     0.0088156     0.0006285           2         392           0
   13.685     0.0095288     0.0006789           2         392           0
   13.745     0.0099639     0.0007281           2         392           0
   13.806     0.0104184     0.0006689           2         392           0
   13.866     0.0109916     0.0005791           2         392           0
   13.927     0.0113682     0.0007141           2         392           0
   13.987     0.0127025     0.0007564           2         392           0
   14.069     0.0175224     0.0006234           3        4360           0
   14.154     0.0187158     0.0009361           3        4360           0
   14.239     0.0230013     0.0056329           3        4360           0
   14.323     0.0227892     0.0029166           3        4360           0
   14.408     0.0157938     0.0005538           3        4360           0
   14.493     0.0104684     0.0004609           3        4360           0
   14.577     0.0093845     0.0006050           3        4360           0
   14.662     0.0086123     0.0005514           3        4360           0
   14.747     0.0089530     0.0007235           3        4360           0
   14.832     0.0093036     0.0006941           3        4360           0
   14.916     0.0084070     0.0007155           3        4360           0
   15.001     0.0082037     0.0007443           3        4360           0
   15.085     0.0075763     0.0007627           3        4360           0
   15.170     0.0088264     0.0006736           3        4360           0
   15.255     0.0086845     0.0006861           3        4360           0
   15.340     0.0081473     0.0007421           3        4360           0
   15.424     0.0077332     0.0007663           3        4360           0
   15.509     0.0074336     0.0005905           3        4360           0
   15.594     0.0075306     0.0005240           3        4360           0
   15.678     0.0076065     0.0005337           3        4360           0
   15.763     0.0073888     0.0004987           3        4360           0
   15.848     0.0076994     0.0005806           3        4360           0
   15.932     0.0080353     0.0007255           3        4360           0
   16.017     0.0074071     0.0007054           3        4360           0
   16.102     0.0067564     0.0008256           3        4360           0
   16.186     0.0060548     0.0008862           3        4360           0
   16.271     0.0062710     0.0006871           3        4360           0
   16.356     0.0068458     0.0009660           3        4360           0
   16.440     0.0069324     0.0007803           3        4360           0
   16.525     0.0066666     0.0007198           3        4360           0
   16.610     0.0063586     0.0006329           3        4360           0
   16.694     0.0070181     0.0005255           3        4360           0
   16.779     0.0067205     0.0007761           3        4360           0
   16.864     0.0063451     0.0010790           3        4360           0
   16.948     0.0066770     0.0008798           3        4360           0
   17.033     0.0067529     0.0007207           3        4360           0
   17.118     0.0058224     0.0014471           3        4360           0
   17.202     0.0069670     0.0008618           3        4360           0
   17.287     0.0081241     0.0008385           3        4360           0
   17.372     0.0093281     0.0008787           3        4360           0
   17.456     0.0071182     0.0009385           3        4360           0
   17.541     0.0067698     0.0007075           3        4360           0
   17.626     0.0074535     0.0007750           3        4360           0
   17.711     0.0080354     0.0006989           3        4360           0
   17.795     0.0077455     0.0006927           3        4360           0
   17.880     0.0079742     0.0006198           3        4360           0
   17.965     0.0077541     0.0008445           3        4360           0
   18.049     0.0090578     0.0006696           3        4360           0
   18.134     0.0087343     0.0008469           3        4360           0
   18.219     0.0108366     0.0009208           3        4360           0
   18.303     0.0142360     0.0009451           3        4360           0
   18.388     0.0147708     0.0011181           3        4360           0
   18.472     0.0131986     0.0009575           3        4360           0
   18.557     0.0106812     0.0011224           3        4360           0
   18.642     0.0114685     0.0009230           3        4360           0
   18.727     0.0128160     0.0007477           3        4360           0
   18.811     0.0125722     0.0008842           3        4360           0
   18.896     0.0145437     0.0007189           3        4360           0
   18.981     0.0160202     0.0029150           3        4360           0
   19.065     0.0163500     0.0061468           3        4360           0
   19.150     0.0140712     0.0007881           3        4360           0
   19.235     0.0097780     0.0012801           3    19009600           0
   19.404     0.0124371     0.0020755           3    19009600           0
   19.573     0.0088651     0.0017820           3    19009600           0
   19.743     0.0099118     0.0015899           3    19009600           0
   19.912     0.0097055     0.0016823           3    19009600           0
   20.081     0.0091175     0.0051315           3        4360           0
   20.251     0.0091434     0.0024330           3        4360           0
   20.420     0.0085184     0.0018008           3        4360           0
   20.590     0.0088984     0.0017540           3        4360           0
   20.759     0.0115522     0.0019426           3        4360           0
   20.928     0.0124122     0.0029051           3        4360           0
   21.097     0.0105403     0.0007343           4        4360           0
   21.267     0.0081560     0.0008884           4        4360           0
   21.436     0.0085952     0.0017314           4        4360           0
   21.606     0.0091004     0.0060830           4        4360           0
   21.775     0.0092082     0.0013591           4        4360           0
   21.944     0.0099930     0.0103821           4        4360           0
   22.114     0.0104726     0.0012799           4        4360           0
   22.283     0.0107075     0.0008836           4        4360           0
   22.452     0.0120286     0.0008339           4        4360           0
   22.622     0.0107038     0.0010001           4        4360           0
   22.791     0.0107844     0.0008192           4        4360           0
   22.960     0.0097488     0.0006411           4        4360           0
   23.130     0.0098467     0.0007056           4        4360           0
   23.299     0.0109837     0.0006623           4        4360           0
   23.469     0.0115366     0.0006806           4        4360           0
   23.638     0.0110846     0.0007431           4        4360           0
   23.807     0.0117453     0.0018718           4        4360           0
   23.976     0.0123617     0.0012539           4        4360           0
   24.146     0.0123301     0.0008473           4        4360           0
   24.315     0.0126875     0.0009062           4        4360           0
   24.485     0.0129867     0.0010112           4        4360           0
   24.654     0.0130515     0.0008672           4        4360           0
   24.823     0.0141845     0.0009710           4        4360           0
   24.993     0.0135766     0.0011058           4        4360           0
   25.162     0.0132307     0.0008251           4        4360           0
   25.331     0.0129159     0.0008555           4        4360           0
   25.501     0.0142879     0.0009197           4        4360           0
   25.670     0.0147245     0.0009688           4        4360           0
   25.839     0.0150048     0.0029711           4        4360           0
   26.009     0.0145590     0.0010872           4        4360           0
   26.178     0.0152795     0.0007053           4        4360           0
   26.347     0.0154195     0.0006305           4        4360           0
   26.517     0.0153663     0.0007362           4        4360           0
   26.686     0.0175552     0.0007090           4        4360           0
   26.856     0.0169944     0.0008541           4        4360           0
   27.025     0.0173819     0.0007234           4        4360           0
   27.194     0.0177001     0.0007425           4        4360           0
   27.364     0.0167858     0.0006856           4        4360           0
   27.533     0.0184396     0.0020920           4        4360           0
   27.702     0.0181680     0.0035830           4        4360           0
   27.872     0.0190927     0.0011067           4        4360           0
   28.041     0.0188829     0.0014110           4        4360           0
   28.210     0.0199637     0.0055789           4        4360           0
   28.380     0.0192077     0.0009852           4        4360           0
   28.549     0.0213263     0.0010028           4        4360           0
   28.719     0.0211434     0.0008871           4        4360           0
   28.888     0.0217489     0.0008648           4        4360           0
   29.057     0.0217893     0.0009566           4        4360           0
   29.226     0.0222063     0.0008469           4        4360           0
   29.396     0.0219249     0.0010507           4        4360           0
   29.565     0.0212429     0.0012887           4        4360           0
   29.735     0.0216789     0.0010046           4        4360           0
   29.904     0.0224402     0.0012497           4        4360           0
   30.073     0.0231546     0.0013274           4        4360           0
   30.243     0.0236438     0.0012995           4        4360           0
   30.412     0.0249005     0.0014028           4        4360           0
   30.581     0.0246238     0.0022292           4        4360           0
   30.751     0.0221871     0.0013005           4        4360           0
   30.920     0.0227105     0.0013876           4        4360           0
   31.089     0.0243112     0.0012424           4        4360           0
   31.259     0.0247400     0.0012053           4        4360           0
   31.428     0.0269108     0.0010811           4        4360           0
   31.597     0.0270053     0.0011439           4        4360           0
   31.767     0.0277594     0.0009978           4        4360           0
   31.936     0.0267906     0.0012398           4        4360           0
   32.105     0.0259617     0.0013123           4        4360           0
   32.275     0.0268439     0.0016224           4        4360           0
   32.444     0.0270113     0.0017101           4        4360           0
   32.614     0.0233865     0.0014064           4        4360           0
   32.783     0.0277443     0.0020111           4        4360           0
   32.952     0.0283614     0.0021747           4        4360           0
   33.122     0.0266989     0.0027825           4        4360           0
   33.291     0.0283305     0.0027550           4        4360           0
   33.460     0.0274862     0.0023797           4        4360           0
   33.630     0.0287189     0.0021251           4        4360           0
   33.799     0.0343723     0.0018984           4        4360           0
   33.968     0.0365420     0.0020589           4        4360           0
   34.138     0.0348523     0.0025432           4        4360           0
   34.307     0.0326762     0.0028916           4        4360           0
   34.477     0.0312840     0.0033646           4        4360           0
   34.646     0.0366474     0.0038401           4        4360           0
   34.815     0.0367065     0.0027920           4        4360           0
   34.985     0.0377461     0.0033026           4        4360           0
   35.154     0.0370936     0.0036856           4        4360           0
   35.323     0.0368098     0.0077710           4        4360           0
   35.493     0.0372518     0.0232214           4        4360           0
   35.662     0.0322437     0.0074016           4        4360           0
   35.831     0.0342218     0.0032170           4        4360           0
   36.001     0.0364657     0.0043586           4        4360           0
   36.170     0.0359259     0.0041077           4        4360           0
   36.339     0.0401402     0.0050938           4        4360           0
   36.509     0.0490147     0.0035218           4        4360           0
   36.678     0.0416581     0.0052233           4        4360           0
   36.847     0.0452016     0.0056520           4        4360           0
   37.017     0.0414692     0.0066829           4        4360           0
   37.186     0.0452520     0.0083311           4        4360           0
   37.355     0.0481952     0.0090487           4        4360           0
   37.525     0.0499952     0.0066764           4        4360           0
   37.694     0.0360301     0.0161049           4        4360           0
   37.864     0.0370335     0.0194985           4        4360           0
   38.033     0.0357218     0.0544604           4        4360           0
   38.202     0.0341258     0.0860186           4        4360           0
   38.372     0.0428366     0.0154321           4        4360           0
   38.541     0.0524886     0.0277596           4        4360           0
   38.710     0.0484207     0.0220033           4        4360           0
   38.880     0.0590821     0.0315670           4        4360           0
   39.049     0.0408600     0.1351596           4        4360           0
   39.218     0.0508848     0.0452245           4        4360           0
   39.388     0.0368359     0.0265673           4        4360           0
   39.557     0.0339832     0.0671819           4        4360           0
   39.727     0.0310392     0.1111911           4        4360           0
   39.896    -0.0001114     0.0110239           4        4488           0
   40.065     0.0002157     0.0073418           4        4488           0
   40.235    -0.0004583     0.0098507           4        4488           0
   40.404     0.0030581     0.0029694           4        4488           0
   40.573     0.0029798     0.0011470           4        4488           0
   40.743     0.0003155     0.0004403           4        4508           0
   40.912    -0.0025387     0.0002005           4        4488           0
   41.081    -0.0010969     0.0002261           4        4488           0
   41.251    -0.0000583     0.0003050           4        4488           0
   41.420    -0.0000054     0.0004220           4        4488           0
   41.589     0.0006407     0.0003533           4        4488           0
   41.759     0.0012150     0.0003350           4        4488           0
   41.928     0.0005729     0.0012479           4        4508           0
   42.097    -0.0000367     0.0008626           4        4508           0
   42.267     0.0025635     0.0009653           4        4488           0
