wave flux error channelflag bitflag stitchflag
    5.127    -0.0000856     0.0034447           1         392           0
    5.157     0.0003521     0.0023704           1         136           0
    5.187     0.0004988     0.0010162           1         136           0
    5.217     0.0006796     0.0006666           1         136           0
    5.247     0.0007927     0.0005771           1         136           0
    5.278     0.0003582     0.0006337           1         136           0
    5.308     0.0000478     0.0005282           1         136           0
    5.338     0.0001735     0.0005195           1         392           0
    5.368     0.0006526     0.0005248           1         392           0
    5.399     0.0003937     0.0005377           1       16776           0
    5.429     0.0003642     0.0005526           1       16796           0
    5.459     0.0004727     0.0005141           1       16796           0
    5.489     0.0004593     0.0004966           1         392           0
    5.520     0.0005297     0.0004937           1         392           0
    5.550     0.0004295     0.0003754           1         392           0
    5.580     0.0001214     0.0004906           1         392           0
    5.610     0.0000258     0.0005011           1         392           0
    5.641     0.0005345     0.0003785           1        8468           0
    5.671     0.0003944     0.0004560           1        8468           0
    5.701     0.0002971     0.0004608           1         392           0
    5.731     0.0006229     0.0004567           1         392           0
    5.762     0.0004379     0.0004738           1         412           0
    5.792     0.0001287     0.0004673           1         412           0
    5.822     0.0002255     0.0004837           1         392           0
    5.852     0.0003213     0.0004797           1         392           0
    5.883     0.0004673     0.0005217           1         392           0
    5.913     0.0005777     0.0004586           1         136           0
    5.943     0.0002610     0.0005263           1         136           0
    5.973     0.0000881     0.0005117           1         136           0
    6.004     0.0004784     0.0005446           1         136           0
    6.034     0.0007652     0.0005300           1         136           0
    6.064     0.0004774     0.0005373           1         392           0
    6.094     0.0004789     0.0004992           1         392           0
    6.125     0.0001419     0.0005036           1         392           0
    6.155     0.0001963     0.0004751           1         392           0
    6.185     0.0003141     0.0005376           1         392           0
    6.215     0.0002180     0.0005240           1         392           0
    6.245     0.0004859     0.0005011           1         392           0
    6.276     0.0006158     0.0005366           1         392           0
    6.306     0.0004426     0.0005754           1         392           0
    6.336     0.0006272     0.0005921           1         392           0
    6.366     0.0005448     0.0006070           1         392           0
    6.397     0.0004438     0.0005818           1         392           0
    6.427     0.0004050     0.0005689           1         392           0
    6.457    -0.0001914     0.0005763           1         392           0
    6.487     0.0004171     0.0005332           1         392           0
    6.518     0.0004075     0.0006375           1         392           0
    6.548     0.0002901     0.0006525           1         392           0
    6.578     0.0003337     0.0007234           1         392           0
    6.608     0.0006317     0.0006698           1         392           0
    6.639     0.0003624     0.0007080           1         136           0
    6.669     0.0004899     0.0006497           1         136           0
    6.699     0.0005460     0.0006321           1         136           0
    6.729     0.0009561     0.0006738           1         136           0
    6.760     0.0008367     0.0006895           1         136           0
    6.790     0.0008178     0.0007072           1         392           0
    6.820     0.0011575     0.0007122           1         392           0
    6.850     0.0014482     0.0007831           1         392           0
    6.881     0.0023411     0.0007493           1         392           0
    6.911     0.0025938     0.0007438           1         392           0
    6.941     0.0031557     0.0007709           1         392           0
    6.971     0.0026421     0.0008503           1         392           0
    7.002     0.0022055     0.0008755           1         392           0
    7.032     0.0021532     0.0009322           1         392           0
    7.062     0.0018732     0.0008699           1         392           0
    7.092     0.0011914     0.0007977           1         392           0
    7.122     0.0007581     0.0008401           1         392           0
    7.153     0.0009206     0.0007736           1         392           0
    7.183     0.0013718     0.0007658           1         392           0
    7.213     0.0009932     0.0006698           1         392           0
    7.243     0.0007140     0.0009062           1         392           0
    7.274     0.0007165     0.0009597           1         392           0
    7.304     0.0006195     0.0009992           1         392           0
    7.334     0.0010556     0.0012327           1       53312           0
    7.395     0.0011165     0.0013005           1       18496           0
    7.455     0.0010217     0.0011685           1       18496           0
    7.516     0.0010033     0.0011615           1       53312           0
    7.576     0.0009143     0.0015159           1      153664           0
    7.637     0.0008322     0.0005682           1         392           0
    7.697     0.0018105     0.0005077           1         392           0
    7.758     0.0015886     0.0006644           1         392           0
    7.818     0.0015513     0.0007450           1         392           0
    7.879     0.0014508     0.0007477           1         392           0
    7.939     0.0013507     0.0007348           1         392           0
    8.000     0.0013752     0.0006862           1         392           0
    8.060     0.0014391     0.0006302           1         392           0
    8.120     0.0013933     0.0006111           1         392           0
    8.181     0.0018674     0.0005933           1         392           0
    8.241     0.0024113     0.0006298           1         392           0
    8.302     0.0027908     0.0005756           1         392           0
    8.362     0.0030764     0.0003671           2       16796           0
    8.423     0.0034796     0.0003486           2       16796           0
    8.483     0.0037769     0.0004019           2       16792           0
    8.544     0.0043884     0.0003318           2       16776           0
    8.604     0.0041348     0.0003777           2         392           0
    8.665     0.0039579     0.0003736           2         392           0
    8.725     0.0039710     0.0003762           2         392           0
    8.786     0.0037569     0.0003679           2         392           0
    8.846     0.0032128     0.0003469           2         392           0
    8.907     0.0027188     0.0003562           2         392           0
    8.967     0.0024799     0.0004047           2         392           0
    9.028     0.0023734     0.0004069           2         136           0
    9.088     0.0021703     0.0003919           2         136           0
    9.149     0.0017624     0.0003896           2         136           0
    9.209     0.0021857     0.0003997           2         136           0
    9.270     0.0021192     0.0003895           2         136           0
    9.330     0.0019364     0.0004068           2         136           0
    9.391     0.0021929     0.0004010           2         392           0
    9.451     0.0023289     0.0004016           2         392           0
    9.512     0.0024969     0.0003794           2         392           0
    9.572     0.0025954     0.0003529           2         392           0
    9.633     0.0024496     0.0003431           2         392           0
    9.693     0.0022416     0.0003315           2         392           0
    9.754     0.0017290     0.0003742           2       16796           0
    9.814     0.0016478     0.0003506           2       16796           0
    9.875     0.0011893     0.0003383           2         392           0
    9.935     0.0009704     0.0003261           2         392           0
    9.995     0.0010105     0.0003144           2         392           0
   10.056     0.0010540     0.0003131           2         392           0
   10.116     0.0009414     0.0003081           2         392           0
   10.177     0.0008402     0.0003104           2         392           0
   10.237     0.0007780     0.0002987           2         392           0
   10.298     0.0007060     0.0003233           2         392           0
   10.358     0.0007762     0.0003241           2         392           0
   10.419     0.0009690     0.0003500           2         392           0
   10.479     0.0009150     0.0003478           2         392           0
   10.540     0.0007496     0.0003450           2         392           0
   10.600     0.0007989     0.0003243           2         392           0
   10.661     0.0007036     0.0003442           2         392           0
   10.721     0.0007255     0.0003464           2         392           0
   10.782     0.0009539     0.0003619           2         392           0
   10.842     0.0009104     0.0003595           2         392           0
   10.903     0.0006622     0.0003757           2         392           0
   10.963     0.0009444     0.0003965           2         392           0
   11.024     0.0005392     0.0004035           2         392           0
   11.084     0.0006862     0.0004100           2         392           0
   11.145     0.0005243     0.0003892           2         392           0
   11.205     0.0006199     0.0004215           2         392           0
   11.266     0.0003904     0.0004229           2         392           0
   11.326     0.0007340     0.0004132           2         392           0
   11.387     0.0007104     0.0004245           2         412           0
   11.447     0.0006687     0.0004230           2         412           0
   11.508     0.0009923     0.0004514           2         392           0
   11.568     0.0008488     0.0004622           2         392           0
   11.628     0.0006513     0.0004225           2         392           0
   11.689     0.0006108     0.0004369           2         392           0
   11.750     0.0008076     0.0004496           2         392           0
   11.810     0.0011349     0.0004581           2         392           0
   11.870     0.0010355     0.0004624           2         392           0
   11.931     0.0008487     0.0004583           2         392           0
   11.991     0.0009044     0.0004429           2         392           0
   12.052     0.0006799     0.0004516           2         392           0
   12.112     0.0005602     0.0004462           2         392           0
   12.173     0.0007822     0.0004587           2         392           0
   12.233     0.0015968     0.0004551           2         392           0
   12.294     0.0017703     0.0004704           2         392           0
   12.354     0.0016106     0.0004649           2         392           0
   12.415     0.0023620     0.0003926           2         392           0
   12.475     0.0038465     0.0004697           2         392           0
   12.536     0.0053154     0.0004634           2         392           0
   12.596     0.0056260     0.0004470           2         392           0
   12.657     0.0045125     0.0004443           2         392           0
   12.717     0.0035327     0.0004468           2         392           0
   12.778     0.0030301     0.0004469           2         392           0
   12.838     0.0027267     0.0004610           2         392           0
   12.899     0.0023461     0.0004950           2         392           0
   12.959     0.0018166     0.0004812           2         392           0
   13.020     0.0016473     0.0005241           2         392           0
   13.080     0.0018085     0.0005324           2         392           0
   13.141     0.0018596     0.0005789           2         392           0
   13.201     0.0020343     0.0005418           2         392           0
   13.262     0.0018465     0.0005341           2         392           0
   13.322     0.0021046     0.0006017           2         392           0
   13.383     0.0020126     0.0006240           2         392           0
   13.443     0.0020633     0.0006028           2         392           0
   13.503     0.0020102     0.0006234           2         392           0
   13.564     0.0021464     0.0006005           2         392           0
   13.625     0.0022914     0.0006405           2         392           0
   13.685     0.0025194     0.0006671           2         392           0
   13.745     0.0025164     0.0006369           2         392           0
   13.806     0.0022349     0.0006579           2         392           0
   13.866     0.0020549     0.0006580           2         392           0
   13.927     0.0027459     0.0006806           2         392           0
   13.987     0.0027550     0.0007114           2         392           0
   14.048     0.0033147     0.0007308           2         392           0
   14.108     0.0032477     0.0007691           2         392           0
   14.169     0.0027606     0.0007593           2         392           0
   14.239     0.0039243     0.0003980           3        4360           0
   14.323     0.0044926     0.0003720           3        4360           0
   14.408     0.0027645     0.0003372           3        4360           0
   14.493     0.0020080     0.0003727           3        4360           0
   14.577     0.0013589     0.0004163           3        4360           0
   14.662     0.0009420     0.0004452           3        4360           0
   14.747     0.0014437     0.0005778           3        4360           0
   14.832     0.0015595     0.0004495           3        4360           0
   14.916     0.0018854     0.0005341           3        4360           0
   15.001     0.0013895     0.0004792           3        4360           0
   15.085     0.0012667     0.0004345           3        4360           0
   15.170     0.0013317     0.0004087           3        4360           0
   15.255     0.0007667     0.0004760           3        4360           0
   15.340     0.0007084     0.0004745           3        4360           0
   15.424     0.0005516     0.0003734           3        4360           0
   15.509     0.0006452     0.0003422           3        4360           0
   15.594     0.0007803     0.0003653           3        4360           0
   15.678     0.0005917     0.0003799           3        4360           0
   15.763     0.0003575     0.0003046           3        4360           0
   15.848     0.0010795     0.0003838           3        4360           0
   15.932     0.0007895     0.0005352           3        4360           0
   16.017     0.0004889     0.0010683           3        4360           0
   16.102     0.0016263     0.0022093           3        4360           0
   16.186     0.0012238     0.0019200           3        4360           0
   16.271     0.0009756     0.0006129           3        4360           0
   16.356     0.0007226     0.0005753           3        4360           0
   16.440     0.0007780     0.0020811           3        4360           0
   16.525     0.0007399     0.0018091           3        4360           0
   16.610     0.0005053     0.0012767           3        4360           0
   16.694     0.0002396     0.0007851           3        4360           0
   16.779     0.0009949     0.0004159           3        4360           0
   16.864     0.0013623     0.0004905           3        4360           0
   16.948     0.0009368     0.0005700           3        4360           0
   17.033     0.0012021     0.0004533           3        4360           0
   17.118     0.0011115     0.0009827           3        4360           0
   17.202     0.0029069     0.0007949           3        4360           0
   17.287     0.0013437     0.0005845           3        4360           0
   17.372     0.0017817     0.0006343           3        4360           0
   17.456     0.0017227     0.0006598           3        4360           0
   17.541     0.0012449     0.0005046           3        4360           0
   17.626     0.0009017     0.0005320           3        4360           0
   17.711     0.0009308     0.0005144           3        4360           0
   17.795     0.0011852     0.0005432           3        4360           0
   17.880     0.0014529     0.0005721           3        4360           0
   17.965     0.0014525     0.0005877           3        4360           0
   18.049     0.0012841     0.0005647           3        4360           0
   18.134     0.0012945     0.0006124           3        4360           0
   18.219     0.0022048     0.0006476           3        4360           0
   18.303     0.0015774     0.0007122           3        4360           0
   18.388     0.0022370     0.0006351           3        4360           0
   18.472     0.0023614     0.0007333           3        4360           0
   18.557     0.0013292     0.0007993           3        4360           0
   18.642     0.0018374     0.0006419           3        4360           0
   18.727     0.0026001     0.0005924           3        4360           0
   18.811     0.0019517     0.0006890           3        4360           0
   18.896     0.0021235     0.0006782           3        4360           0
   18.981     0.0043768     0.0006207           3        4360           0
   19.065     0.0053288     0.0010460           3        4360           0
   19.150     0.0029095     0.0015287           3        4360           0
   19.235     0.0013483     0.0010076           3    19009600           0
   19.404     0.0027176     0.0015405           3    19009600           0
   19.573     0.0014570     0.0014094           3    19009600           0
   19.743     0.0017390     0.0015151           3    19009600           0
   19.912     0.0018127     0.0013333           3    19009600           0
   20.081     0.0018258     0.0038063           3        4360           0
   20.251     0.0012618     0.0020014           3        4360           0
   20.420     0.0016519     0.0018070           3        4360           0
   20.590     0.0018118     0.0011291           3        4360           0
   20.759     0.0025217     0.0017697           3        4360           0
   20.928     0.0030193     0.0034731           3        4360           0
   21.097     0.0022622     0.0019225           4        4360           0
   21.267     0.0017280     0.0012433           4        4360           0
   21.436     0.0015034     0.0007494           4        4360           0
   21.606     0.0019698     0.0007677           4        4360           0
   21.775     0.0025882     0.0007987           4        4360           0
   21.944     0.0027223     0.0008594           4        4360           0
   22.114     0.0025759     0.0007939           4        4360           0
   22.283     0.0025125     0.0005615           4        4360           0
   22.452     0.0019746     0.0006473           4        4360           0
   22.622     0.0021459     0.0010566           4        4360           0
   22.791     0.0020481     0.0005759           4        4360           0
   22.960     0.0021815     0.0004569           4        4360           0
   23.130     0.0030126     0.0005347           4        4360           0
   23.299     0.0028675     0.0005746           4        4360           0
   23.469     0.0026560     0.0004449           4        4360           0
   23.638     0.0028407     0.0004543           4        4360           0
   23.807     0.0025201     0.0013119           4        4360           0
   23.976     0.0026492     0.0014962           4        4360           0
   24.146     0.0029539     0.0005638           4        4360           0
   24.315     0.0034202     0.0006051           4        4360           0
   24.485     0.0035906     0.0007687           4        4360           0
   24.654     0.0036774     0.0011334           4        4360           0
   24.823     0.0033318     0.0006324           4        4360           0
   24.993     0.0038669     0.0006379           4        4360           0
   25.162     0.0039327     0.0019858           4        4360           0
   25.331     0.0041005     0.0008258           4        4360           0
   25.501     0.0036651     0.0006275           4        4360           0
   25.670     0.0035497     0.0006897           4        4360           0
   25.839     0.0035774     0.0023265           4        4360           0
   26.009     0.0042347     0.0007850           4        4360           0
   26.178     0.0040962     0.0005811           4        4360           0
   26.347     0.0039783     0.0006686           4        4360           0
   26.517     0.0041463     0.0006732           4        4360           0
   26.686     0.0050828     0.0007240           4        4360           0
   26.856     0.0054378     0.0006657           4        4360           0
   27.025     0.0052045     0.0005786           4        4360           0
   27.194     0.0048913     0.0006765           4        4360           0
   27.364     0.0046219     0.0017987           4        4360           0
   27.533     0.0049979     0.0039553           4        4360           0
   27.702     0.0052784     0.0029526           4        4360           0
   27.872     0.0052453     0.0008857           4        4360           0
   28.041     0.0044226     0.0007914           4        4360           0
   28.210     0.0051731     0.0009083           4        4360           0
   28.380     0.0050341     0.0007468           4        4360           0
   28.549     0.0054250     0.0006689           4        4360           0
   28.719     0.0060010     0.0005348           4        4360           0
   28.888     0.0058353     0.0008837           4        4360           0
   29.057     0.0061837     0.0006765           4        4360           0
   29.226     0.0063904     0.0017006           4        4360           0
   29.396     0.0063207     0.0013591           4        4360           0
   29.565     0.0066301     0.0027364           4        4360           0
   29.735     0.0061630     0.0024518           4        4360           0
   29.904     0.0057009     0.0008065           4        4360           0
   30.073     0.0061679     0.0005618           4        4360           0
   30.243     0.0056155     0.0007341           4        4360           0
   30.412     0.0058939     0.0013155           4        4360           0
   30.581     0.0055104     0.0195320           4        4360           0
   30.751     0.0069276     0.0011996           4        4360           0
   30.920     0.0063131     0.0009891           4        4360           0
   31.089     0.0066284     0.0008962           4        4360           0
   31.259     0.0071753     0.0008460           4        4360           0
   31.428     0.0080501     0.0006537           4        4360           0
   31.597     0.0075825     0.0007731           4        4360           0
   31.767     0.0074340     0.0007593           4        4360           0
   31.936     0.0078757     0.0011604           4        4360           0
   32.105     0.0072007     0.0017813           4        4360           0
   32.275     0.0070160     0.0010894           4        4360           0
   32.444     0.0073518     0.0013289           4        4360           0
   32.614     0.0086638     0.0013007           4        4360           0
   32.783     0.0060623     0.0013012           4        4360           0
   32.952     0.0060964     0.0015267           4        4360           0
   33.122     0.0100498     0.0019139           4        4360           0
   33.291     0.0096717     0.0029461           4        4360           0
   33.460     0.0083656     0.0015001           4        4360           0
   33.630     0.0052465     0.0014469           4        4360           0
   33.799     0.0056676     0.0015870           4        4360           0
   33.968     0.0071513     0.0017993           4        4360           0
   34.138     0.0094343     0.0022981           4        4360           0
   34.307     0.0110112     0.0024391           4        4360           0
   34.477     0.0096678     0.0019585           4        4360           0
   34.646     0.0092877     0.0019491           4        4360           0
   34.815     0.0081853     0.0037030           4        4360           0
   34.985     0.0086169     0.0179491           4        4360           0
   35.154     0.0096222     0.0056892           4        4360           0
   35.323     0.0088223     0.0060835           4        4360           0
   35.493     0.0109610     0.0050057           4        4360           0
   35.662     0.0129234     0.0025491           4        4360           0
   35.831     0.0126102     0.0081617           4        4360           0
   36.001     0.0103731     0.0069680           4        4360           0
   36.170     0.0101793     0.0074691           4        4360           0
   36.339     0.0104644     0.0062936           4        4360           0
   36.509     0.0096103     0.0037342           4        4360           0
   36.678     0.0102994     0.0043050           4        4360           0
   36.847     0.0098105     0.0034546           4        4360           0
   37.017     0.0129399     0.0044172           4        4360           0
   37.186     0.0087861     0.0046616           4        4360           0
   37.355     0.0159559     0.0044588           4        4360           0
   37.525     0.0189025     0.0055617           4        4360           0
   37.694     0.0162903     0.0061274           4        4360           0
   37.864     0.0136219     0.0089416           4        4360           0
   38.033     0.0180294     0.0083251           4        4360           0
   38.202     0.0176113     0.0463382           4        4360           0
   38.372     0.0156776     0.0209055           4        4360           0
   38.541     0.0266657     0.0681459           4        4360           0
   38.710     0.0219159     0.0178327           4        4360           0
   38.880     0.0224831     0.0363442           4        4360           0
   39.049     0.0347058     0.2255649           4        4360           0
   39.218     0.0268766     0.0987983           4        4360           0
   39.388     0.0053645     0.0219416           4        4360           0
   39.557     0.0054935     0.0383550           4        4360           0
   39.727     0.0006287     0.0644043           4        4360           0
   39.896     0.0024592     0.0288430           4        4488           0
   40.065     0.0006697     0.0078540           4        4488           0
   40.235     0.0010825     0.0040009           4        4488           0
   40.404     0.0000645     0.0018403           4        4488           0
   40.573     0.0000903     0.0007677           4        4488           0
   40.743     0.0005667     0.0004868           4        4508           0
   40.912     0.0001678     0.0002492           4        4488           0
   41.081    -0.0000428     0.0001218           4        4488           0
   41.251    -0.0000036     0.0001128           4        4488           0
   41.420     0.0000414     0.0002377           4        4488           0
   41.589     0.0000353     0.0003118           4        4488           0
   41.759    -0.0000587     0.0003351           4        4488           0
   41.928     0.0002985     0.0008610           4        4508           0
   42.097    -0.0000952     0.0005723           4        4508           0
   42.267     0.0005996     0.0007024           4        4488           0
