wave flux error channelflag bitflag stitchflag
    5.127     0.0005650     0.0029572           1         392           0
    5.157     0.0004244     0.0018668           1         136           0
    5.187     0.0001007     0.0009439           1         136           0
    5.217     0.0000487     0.0005732           1         136           0
    5.247     0.0003278     0.0005870           1         136           0
    5.278     0.0008614     0.0006648           1         136           0
    5.308     0.0004085     0.0006015           1         136           0
    5.338     0.0000595     0.0005759           1         392           0
    5.368     0.0003618     0.0005905           1         392           0
    5.399     0.0003213     0.0005782           1       16776           0
    5.429     0.0007634     0.0006044           1       16796           0
    5.459     0.0004368     0.0006000           1       16796           0
    5.489     0.0006598     0.0004912           1         392           0
    5.520     0.0005159     0.0004836           1         392           0
    5.550     0.0011136     0.0002840           1         392           0
    5.580     0.0004025     0.0004667           1         392           0
    5.610     0.0005594     0.0004887           1         392           0
    5.641     0.0003644     0.0004901           1        8468           0
    5.671     0.0002786     0.0004088           1        8468           0
    5.701     0.0003130     0.0004377           1         392           0
    5.731     0.0004661     0.0004098           1         392           0
    5.762     0.0006960     0.0004632           1         412           0
    5.792     0.0004542     0.0004450           1         412           0
    5.822     0.0005543     0.0004494           1         392           0
    5.852     0.0003954     0.0004993           1         392           0
    5.883     0.0003136     0.0005363           1         392           0
    5.913     0.0005288     0.0004446           1         136           0
    5.943     0.0008314     0.0004793           1         136           0
    5.973     0.0005235     0.0005081           1         136           0
    6.004     0.0005833     0.0004875           1         136           0
    6.034     0.0003300     0.0004948           1         136           0
    6.064     0.0003218     0.0004691           1         392           0
    6.094     0.0003481     0.0004590           1         392           0
    6.125     0.0005202     0.0004525           1         392           0
    6.155     0.0006624     0.0004937           1         392           0
    6.185     0.0005616     0.0004534           1         392           0
    6.215     0.0004509     0.0004939           1         392           0
    6.245     0.0005909     0.0004653           1         392           0
    6.276     0.0006589     0.0004755           1         392           0
    6.306     0.0008003     0.0004768           1         392           0
    6.336     0.0006977     0.0005637           1         392           0
    6.366     0.0004666     0.0005569           1         392           0
    6.397     0.0008926     0.0005333           1         392           0
    6.427     0.0007140     0.0005151           1         392           0
    6.457     0.0010910     0.0002780           1         392           0
    6.487     0.0019096     0.0005071           1         392           0
    6.518     0.0012010     0.0006162           1         392           0
    6.548     0.0019623     0.0005729           1         392           0
    6.578     0.0012409     0.0007267           1         392           0
    6.608     0.0008855     0.0007160           1         392           0
    6.639     0.0009575     0.0007186           1         136           0
    6.669     0.0010407     0.0006807           1         136           0
    6.699     0.0005651     0.0006894           1         136           0
    6.729     0.0006338     0.0006787           1         136           0
    6.760     0.0009624     0.0006319           1         136           0
    6.790     0.0006195     0.0007093           1         392           0
    6.820     0.0007654     0.0007227           1         392           0
    6.850     0.0005990     0.0007294           1         392           0
    6.881     0.0009506     0.0007564           1         392           0
    6.911     0.0009341     0.0007476           1         392           0
    6.941     0.0000676     0.0008138           1         392           0
    6.971     0.0000973     0.0007934           1         392           0
    7.002     0.0001893     0.0008207           1         392           0
    7.032     0.0006168     0.0008106           1         392           0
    7.062     0.0006172     0.0009714           1         392           0
    7.092     0.0007464     0.0008141           1         392           0
    7.122     0.0005074     0.0007638           1         392           0
    7.153     0.0003116     0.0007505           1         392           0
    7.183     0.0003237     0.0007271           1         392           0
    7.213     0.0002798     0.0008246           1         392           0
    7.243     0.0005132     0.0008119           1         392           0
    7.274     0.0009945     0.0008633           1         392           0
    7.304     0.0010860     0.0008656           1         392           0
    7.334     0.0006738     0.0010934           1       53312           0
    7.395     0.0005301     0.0012406           1       18496           0
    7.455     0.0005202     0.0010720           1       18496           0
    7.516     0.0006692     0.0010767           1       53312           0
    7.576     0.0008658     0.0013321           1      153664           0
    7.637     0.0014793     0.0004934           1         392           0
    7.697     0.0011115     0.0005505           1         392           0
    7.758     0.0012705     0.0006087           1         392           0
    7.818     0.0017515     0.0006180           1         392           0
    7.879     0.0019528     0.0006427           1         392           0
    7.939     0.0027590     0.0004893           1         392           0
    8.000     0.0026873     0.0005610           1         392           0
    8.060     0.0027363     0.0004676           1         392           0
    8.120     0.0026179     0.0004364           1         392           0
    8.181     0.0027823     0.0004198           1         392           0
    8.241     0.0025047     0.0004399           1         392           0
    8.302     0.0021131     0.0004143           1         392           0
    8.362     0.0019660     0.0002652           2       16796           0
    8.423     0.0022245     0.0002704           2       16796           0
    8.483     0.0015402     0.0002950           2       16792           0
    8.544     0.0014043     0.0003038           2       16776           0
    8.604     0.0015978     0.0003092           2         392           0
    8.665     0.0009186     0.0002737           2         392           0
    8.725     0.0013677     0.0002974           2         392           0
    8.786     0.0016475     0.0002907           2         392           0
    8.846     0.0015233     0.0003132           2         392           0
    8.907     0.0017154     0.0003341           2         392           0
    8.967     0.0014418     0.0003411           2         392           0
    9.028     0.0018904     0.0003432           2         136           0
    9.088     0.0017554     0.0003962           2         136           0
    9.149     0.0017503     0.0003490           2         136           0
    9.209     0.0012709     0.0003603           2         136           0
    9.270     0.0010410     0.0003523           2         136           0
    9.330     0.0005542     0.0004150           2         136           0
    9.391     0.0011100     0.0003715           2         392           0
    9.451     0.0011230     0.0003825           2         392           0
    9.512     0.0004541     0.0003969           2         392           0
    9.572     0.0004807     0.0003721           2         392           0
    9.633     0.0005997     0.0003478           2         392           0
    9.693     0.0007697     0.0003685           2         392           0
    9.754     0.0012643     0.0002581           2       16796           0
    9.814     0.0012887     0.0002946           2       16796           0
    9.875     0.0009596     0.0003048           2         392           0
    9.935     0.0010563     0.0003041           2         392           0
    9.995     0.0011771     0.0003012           2         392           0
   10.056     0.0009230     0.0003389           2         392           0
   10.116     0.0008701     0.0003270           2         392           0
   10.177     0.0009150     0.0002529           2         392           0
   10.237     0.0008775     0.0002512           2         392           0
   10.298     0.0010677     0.0002621           2         392           0
   10.358     0.0010981     0.0002676           2         392           0
   10.419     0.0011077     0.0002838           2         392           0
   10.479     0.0011377     0.0002806           2         392           0
   10.540     0.0011908     0.0002651           2         392           0
   10.600     0.0007539     0.0003231           2         392           0
   10.661     0.0007310     0.0003143           2         392           0
   10.721     0.0007542     0.0003346           2         392           0
   10.782     0.0005867     0.0003465           2         392           0
   10.842     0.0011435     0.0003067           2         392           0
   10.903     0.0012104     0.0002927           2         392           0
   10.963     0.0010014     0.0002992           2         392           0
   11.024     0.0008757     0.0003783           2         392           0
   11.084     0.0013807     0.0003115           2         392           0
   11.145     0.0014322     0.0003262           2         392           0
   11.205     0.0013564     0.0003464           2         392           0
   11.266     0.0012245     0.0003606           2         392           0
   11.326     0.0011170     0.0003518           2         392           0
   11.387     0.0015210     0.0003662           2         412           0
   11.447     0.0020396     0.0003126           2         412           0
   11.508     0.0020581     0.0003703           2         392           0
   11.568     0.0020378     0.0003759           2         392           0
   11.628     0.0024926     0.0004060           2         392           0
   11.689     0.0037243     0.0004265           2         392           0
   11.750     0.0050890     0.0004113           2         392           0
   11.810     0.0052129     0.0004233           2         392           0
   11.870     0.0044103     0.0003960           2         392           0
   11.931     0.0032246     0.0003929           2         392           0
   11.991     0.0028766     0.0003890           2         392           0
   12.052     0.0025601     0.0004079           2         392           0
   12.112     0.0019853     0.0003879           2         392           0
   12.173     0.0021869     0.0003855           2         392           0
   12.233     0.0021274     0.0003995           2         392           0
   12.294     0.0018128     0.0004060           2         392           0
   12.354     0.0021428     0.0003979           2         392           0
   12.415     0.0018131     0.0004137           2         392           0
   12.475     0.0017752     0.0004035           2         392           0
   12.536     0.0022078     0.0004032           2         392           0
   12.596     0.0021632     0.0003601           2         392           0
   12.657     0.0021049     0.0003710           2         392           0
   12.717     0.0020461     0.0003746           2         392           0
   12.778     0.0016228     0.0004241           2         392           0
   12.838     0.0023647     0.0003726           2         392           0
   12.899     0.0024766     0.0003962           2         392           0
   12.959     0.0022215     0.0004041           2         392           0
   13.020     0.0023080     0.0004045           2         392           0
   13.080     0.0024460     0.0004362           2         392           0
   13.141     0.0026639     0.0004499           2         392           0
   13.201     0.0026547     0.0004643           2         392           0
   13.262     0.0023818     0.0004614           2         392           0
   13.322     0.0030051     0.0004366           2         392           0
   13.383     0.0034938     0.0004599           2         392           0
   13.443     0.0031661     0.0004963           2         392           0
   13.503     0.0021202     0.0005055           2         392           0
   13.564     0.0013484     0.0006046           2         392           0
   13.625     0.0011831     0.0006359           2         392           0
   13.685     0.0016733     0.0005354           2         392           0
   13.745     0.0014331     0.0005805           2         392           0
   13.806     0.0017243     0.0007060           2         392           0
   13.866     0.0016368     0.0005736           2         392           0
   13.927     0.0010584     0.0007174           2         392           0
   13.985     0.0026796     0.0005851           3        4488           0
   14.069     0.0028354     0.0005326           3        4360           0
   14.154     0.0024546     0.0007080           3        4360           0
   14.239     0.0023294     0.0004857           3        4360           0
   14.323     0.0025424     0.0004390           3        4360           0
   14.408     0.0022264     0.0004141           3        4360           0
   14.493     0.0017530     0.0004080           3        4360           0
   14.577     0.0020145     0.0003791           3        4360           0
   14.662     0.0021806     0.0004308           3        4360           0
   14.747     0.0023622     0.0004541           3        4360           0
   14.832     0.0020049     0.0004787           3        4360           0
   14.916     0.0021474     0.0005233           3        4360           0
   15.001     0.0022779     0.0004627           3        4360           0
   15.085     0.0027944     0.0004163           3        4360           0
   15.170     0.0018320     0.0004355           3        4360           0
   15.255     0.0017726     0.0005260           3        4360           0
   15.340     0.0021005     0.0003867           3        4360           0
   15.424     0.0023238     0.0003654           3        4360           0
   15.509     0.0016997     0.0003466           3        4360           0
   15.594     0.0013124     0.0004099           3        4360           0
   15.678     0.0018003     0.0004319           3        4360           0
   15.763     0.0018116     0.0003968           3        4360           0
   15.848     0.0013865     0.0003646           3        4360           0
   15.932     0.0016477     0.0005324           3        4360           0
   16.017     0.0018231     0.0005579           3        4360           0
   16.102     0.0016762     0.0019807           3        4360           0
   16.186     0.0018268     0.0005192           3        4360           0
   16.271     0.0030127     0.0005287           3        4360           0
   16.356     0.0022498     0.0005201           3        4360           0
   16.440     0.0022483     0.0005504           3        4360           0
   16.525     0.0027743     0.0004788           3        4360           0
   16.610     0.0026038     0.0004279           3        4360           0
   16.694     0.0024288     0.0004432           3        4360           0
   16.779     0.0025921     0.0005401           3        4360           0
   16.864     0.0025247     0.0007001           3        4360           0
   16.948     0.0023664     0.0006711           3        4360           0
   17.033     0.0029012     0.0005145           3        4360           0
   17.118     0.0032369     0.0011571           3        4360           0
   17.202     0.0046469     0.0008491           3        4360           0
   17.287     0.0045453     0.0005838           3        4360           0
   17.372     0.0034875     0.0006201           3        4360           0
   17.456     0.0040064     0.0006266           3        4360           0
   17.541     0.0041540     0.0007400           3        4360           0
   17.626     0.0044013     0.0005989           3        4360           0
   17.711     0.0043424     0.0005320           3        4360           0
   17.795     0.0058451     0.0005420           3        4360           0
   17.880     0.0060336     0.0005439           3        4360           0
   17.965     0.0041450     0.0005824           3        4360           0
   18.049     0.0041029     0.0008444           3        4360           0
   18.134     0.0042360     0.0030881           3        4360           0
   18.219     0.0041838     0.0006160           3        4360           0
   18.303     0.0037029     0.0007228           3        4360           0
   18.388     0.0034570     0.0007274           3        4360           0
   18.472     0.0039056     0.0006984           3        4360           0
   18.557     0.0035861     0.0008200           3        4360           0
   18.642     0.0025178     0.0007455           3        4360           0
   18.727     0.0031932     0.0022202           3        4360           0
   18.811     0.0026174     0.0018032           3        4360           0
   18.896     0.0022115     0.0006063           3        4360           0
   18.981     0.0027750     0.0005590           3        4360           0
   19.065     0.0027953     0.0009456           3        4360           0
   19.150     0.0026900     0.0025015           3        4360           0
   19.235     0.0015420     0.0009840           3    19009600           0
   19.404     0.0036755     0.0017149           3    19009600           0
   19.573     0.0020010     0.0013088           3    19009600           0
   19.743     0.0028140     0.0009673           3    19009600           0
   19.912     0.0019491     0.0012258           3    19009600           0
   20.081     0.0014762     0.0038830           3        4360           0
   20.251     0.0020299     0.0020702           3        4360           0
   20.420     0.0025221     0.0014345           3        4360           0
   20.590     0.0024506     0.0025659           3        4360           0
   20.759     0.0027348     0.0012956           3        4360           0
   20.928     0.0030190     0.0033794           3        4360           0
   21.097     0.0032201     0.0005428           4        4360           0
   21.267     0.0031395     0.0007948           4        4360           0
   21.436     0.0032860     0.0007575           4        4360           0
   21.606     0.0028990     0.0008454           4        4360           0
   21.775     0.0031923     0.0007677           4        4360           0
   21.944     0.0029027     0.0007328           4        4360           0
   22.114     0.0033051     0.0009786           4        4360           0
   22.283     0.0025870     0.0005759           4        4360           0
   22.452     0.0024213     0.0006442           4        4360           0
   22.622     0.0024867     0.0007518           4        4360           0
   22.791     0.0030102     0.0005885           4        4360           0
   22.960     0.0033920     0.0003909           4        4360           0
   23.130     0.0031080     0.0005643           4        4360           0
   23.299     0.0032598     0.0005896           4        4360           0
   23.469     0.0032236     0.0005907           4        4360           0
   23.638     0.0030724     0.0005433           4        4360           0
   23.807     0.0035566     0.0004263           4        4360           0
   23.976     0.0033397     0.0008220           4        4360           0
   24.146     0.0029263     0.0008158           4        4360           0
   24.315     0.0027810     0.0005776           4        4360           0
   24.485     0.0030977     0.0006379           4        4360           0
   24.654     0.0028937     0.0005877           4        4360           0
   24.823     0.0028885     0.0006202           4        4360           0
   24.993     0.0034986     0.0007371           4        4360           0
   25.162     0.0032347     0.0005041           4        4360           0
   25.331     0.0030667     0.0006509           4        4360           0
   25.501     0.0023752     0.0006690           4        4360           0
   25.670     0.0036846     0.0007472           4        4360           0
   25.839     0.0031797     0.0028138           4        4360           0
   26.009     0.0030179     0.0008709           4        4360           0
   26.178     0.0035334     0.0029788           4        4360           0
   26.347     0.0035322     0.0015910           4        4360           0
   26.517     0.0040999     0.0005488           4        4360           0
   26.686     0.0040412     0.0005449           4        4360           0
   26.856     0.0041802     0.0005506           4        4360           0
   27.025     0.0040092     0.0005697           4        4360           0
   27.194     0.0040663     0.0005936           4        4360           0
   27.364     0.0040261     0.0005527           4        4360           0
   27.533     0.0035590     0.0005722           4        4360           0
   27.702     0.0043452     0.0005642           4        4360           0
   27.872     0.0039228     0.0006644           4        4360           0
   28.041     0.0045387     0.0007952           4        4360           0
   28.210     0.0038325     0.0020355           4        4360           0
   28.380     0.0041141     0.0007617           4        4360           0
   28.549     0.0047012     0.0043394           4        4360           0
   28.719     0.0031985     0.0007613           4        4360           0
   28.888     0.0040439     0.0006161           4        4360           0
   29.057     0.0046767     0.0020970           4        4360           0
   29.226     0.0045575     0.0021223           4        4360           0
   29.396     0.0046807     0.0015436           4        4360           0
   29.565     0.0044280     0.0008472           4        4360           0
   29.735     0.0048051     0.0006023           4        4360           0
   29.904     0.0042587     0.0007098           4        4360           0
   30.073     0.0043646     0.0007976           4        4360           0
   30.243     0.0037958     0.0025072           4        4360           0
   30.412     0.0041555     0.0081586           4        4360           0
   30.581     0.0042887     0.0212283           4        4360           0
   30.751     0.0047004     0.0010478           4        4360           0
   30.920     0.0045363     0.0009984           4        4360           0
   31.089     0.0040171     0.0025361           4        4360           0
   31.259     0.0049104     0.0010138           4        4360           0
   31.428     0.0054528     0.0006432           4        4360           0
   31.597     0.0054045     0.0007820           4        4360           0
   31.767     0.0050119     0.0008037           4        4360           0
   31.936     0.0056336     0.0007427           4        4360           0
   32.105     0.0051234     0.0009635           4        4360           0
   32.275     0.0049439     0.0011457           4        4360           0
   32.444     0.0050434     0.0012277           4        4360           0
   32.614     0.0041657     0.0013935           4        4360           0
   32.783     0.0053833     0.0013279           4        4360           0
   32.952     0.0038180     0.0013387           4        4360           0
   33.122     0.0052134     0.0019058           4        4360           0
   33.291     0.0057896     0.0025685           4        4360           0
   33.460     0.0069331     0.0016813           4        4360           0
   33.630     0.0057284     0.0014669           4        4360           0
   33.799     0.0052471     0.0016066           4        4360           0
   33.968     0.0061887     0.0017581           4        4360           0
   34.138     0.0064154     0.0022594           4        4360           0
   34.307     0.0057929     0.0025236           4        4360           0
   34.477     0.0059364     0.0020828           4        4360           0
   34.646     0.0060744     0.0024433           4        4360           0
   34.815     0.0070451     0.0026502           4        4360           0
   34.985     0.0086958     0.0103562           4        4360           0
   35.154     0.0115098     0.0041479           4        4360           0
   35.323     0.0185915     0.0066200           4        4360           0
   35.493     0.0058876     0.0176446           4        4360           0
   35.662     0.0039983     0.0055927           4        4360           0
   35.831     0.0057782     0.0026923           4        4360           0
   36.001     0.0138324     0.0037752           4        4360           0
   36.170     0.0088099     0.0059560           4        4360           0
   36.339     0.0101896     0.0062546           4        4360           0
   36.509     0.0110985     0.0028565           4        4360           0
   36.678     0.0139922     0.0046774           4        4360           0
   36.847     0.0081403     0.0043247           4        4360           0
   37.017     0.0066910     0.0081125           4        4360           0
   37.186     0.0081411     0.0058695           4        4360           0
   37.355     0.0072989     0.0058277           4        4360           0
   37.525     0.0077691     0.0049942           4        4360           0
   37.694     0.0085735     0.0058362           4        4360           0
   37.864     0.0095667     0.0122330           4        4360           0
   38.033     0.0062548     0.0299954           4        4360           0
   38.202     0.0052968     0.0095796           4        4360           0
   38.372    -0.0056906     0.0168517           4        4360           0
   38.541     0.0242157     0.0279423           4        4360           0
   38.710     0.0129860     0.0176733           4        4360           0
   38.880     0.0065107     0.0164633           4        4360           0
   39.049     0.0054394     0.0354888           4        4360           0
   39.218     0.0059994     0.0177360           4        4360           0
   39.388     0.0035680     0.0119348           4        4360           0
   39.557     0.0078376     0.0583260           4        4360           0
   39.727     0.0127157     0.1004056           4        4360           0
   39.896     0.0112976     0.0195020           4        4488           0
   40.065     0.0005365     0.0068528           4        4488           0
   40.235     0.0023092     0.0050620           4        4488           0
   40.404     0.0004617     0.0025861           4        4488           0
   40.573     0.0007910     0.0011685           4        4488           0
   40.743     0.0001622     0.0004678           4        4508           0
   40.912     0.0000386     0.0002830           4        4488           0
   41.081    -0.0000010     0.0001926           4        4488           0
   41.251     0.0000015     0.0001953           4        4488           0
   41.420     0.0000692     0.0002719           4        4488           0
   41.589     0.0001646     0.0002277           4        4488           0
   41.759     0.0000884     0.0004233           4        4488           0
   41.928     0.0003400     0.0070293           4        4508           0
   42.097     0.0001581     0.0006140           4        4508           0
   42.267     0.0003436     0.0007107           4        4488           0
