wave flux error channelflag bitflag stitchflag
    5.127     0.0008400     0.0030031           1         392           0
    5.157     0.0008774     0.0020483           1         136           0
    5.187     0.0006773     0.0009119           1         136           0
    5.217     0.0005340     0.0005700           1         136           0
    5.247     0.0005716     0.0005552           1         136           0
    5.278     0.0008522     0.0006534           1         136           0
    5.308     0.0005995     0.0006238           1         136           0
    5.338     0.0006030     0.0005668           1         392           0
    5.368     0.0005643     0.0005950           1         392           0
    5.399     0.0007139     0.0006176           1       16776           0
    5.429     0.0005930     0.0005207           1       16796           0
    5.459     0.0003478     0.0005363           1       16796           0
    5.489     0.0004694     0.0005086           1         392           0
    5.520     0.0007546     0.0003950           1         392           0
    5.550    -0.0002473     0.0004678           1         392           0
    5.580     0.0005361     0.0004920           1         392           0
    5.610     0.0002159     0.0004686           1         392           0
    5.641     0.0001936     0.0004962           1        8468           0
    5.671    -0.0000019     0.0003547           1        8468           0
    5.701     0.0005000     0.0004629           1         392           0
    5.731     0.0003427     0.0004197           1         392           0
    5.762     0.0007358     0.0003724           1         412           0
    5.792     0.0007503     0.0004336           1         412           0
    5.822     0.0004609     0.0004457           1         392           0
    5.852     0.0001495     0.0005015           1         392           0
    5.883     0.0004618     0.0005554           1         392           0
    5.913     0.0003049     0.0005073           1         136           0
    5.943     0.0003454     0.0005209           1         136           0
    5.973     0.0003561     0.0004569           1         136           0
    6.004     0.0004443     0.0005312           1         136           0
    6.034     0.0004676     0.0004679           1         136           0
    6.064     0.0005343     0.0004554           1         392           0
    6.094     0.0001379     0.0003782           1         392           0
    6.125     0.0006192     0.0004805           1         392           0
    6.155     0.0007377     0.0004533           1         392           0
    6.185     0.0005276     0.0004596           1         392           0
    6.215     0.0004706     0.0004944           1         392           0
    6.245     0.0001162     0.0004125           1         392           0
    6.276     0.0004659     0.0004679           1         392           0
    6.306     0.0008004     0.0005022           1         392           0
    6.336     0.0015810     0.0004400           1         392           0
    6.366     0.0010454     0.0005352           1         392           0
    6.397     0.0009621     0.0005333           1         392           0
    6.427     0.0014257     0.0004498           1         392           0
    6.457     0.0020180     0.0002260           1         392           0
    6.487     0.0013310     0.0004080           1         392           0
    6.518     0.0016192     0.0004244           1         392           0
    6.548     0.0034507     0.0004578           1         392           0
    6.578     0.0021133     0.0007653           1         392           0
    6.608     0.0012901     0.0007390           1         392           0
    6.639     0.0014558     0.0006250           1         136           0
    6.669     0.0009691     0.0006670           1         136           0
    6.699     0.0012912     0.0006289           1         136           0
    6.729     0.0011668     0.0006280           1         136           0
    6.760    -0.0004147     0.0005992           1         136           0
    6.790     0.0008204     0.0007469           1         392           0
    6.820     0.0007459     0.0007119           1         392           0
    6.850     0.0006765     0.0007269           1         392           0
    6.881     0.0011083     0.0007925           1         392           0
    6.911     0.0009749     0.0007756           1         392           0
    6.941     0.0010284     0.0007983           1         392           0
    6.971     0.0008364     0.0008011           1         392           0
    7.002     0.0006144     0.0008197           1         392           0
    7.032     0.0007975     0.0008156           1         392           0
    7.062     0.0012676     0.0008876           1         392           0
    7.092     0.0007197     0.0008083           1         392           0
    7.122     0.0008577     0.0008128           1         392           0
    7.153     0.0010725     0.0008264           1         392           0
    7.183     0.0006322     0.0007631           1         392           0
    7.213     0.0006833     0.0007866           1         392           0
    7.243     0.0007525     0.0008254           1         392           0
    7.274     0.0008763     0.0008862           1         392           0
    7.304     0.0018377     0.0007877           1         392           0
    7.334     0.0011352     0.0009874           1       53312           0
    7.395     0.0005367     0.0011636           1       18496           0
    7.455     0.0008175     0.0010767           1       18496           0
    7.516     0.0011571     0.0010591           1       53312           0
    7.576     0.0009315     0.0013226           1      153664           0
    7.637     0.0008593     0.0004545           1         392           0
    7.697     0.0023080     0.0002870           1         392           0
    7.758     0.0029711     0.0005567           1         392           0
    7.818     0.0038472     0.0005255           1         392           0
    7.879     0.0045276     0.0004315           1         392           0
    7.939     0.0051569     0.0003355           1         392           0
    8.000     0.0049114     0.0003084           1         392           0
    8.060     0.0047394     0.0003205           1         392           0
    8.120     0.0047490     0.0003300           1         392           0
    8.181     0.0047539     0.0002955           1         392           0
    8.241     0.0042044     0.0003021           1         392           0
    8.302     0.0035842     0.0003290           1         392           0
    8.362     0.0033130     0.0001950           2       16796           0
    8.423     0.0022886     0.0002701           2       16796           0
    8.483     0.0036124     0.0002531           2       16792           0
    8.544     0.0037248     0.0002652           2       16776           0
    8.604     0.0038707     0.0002516           2         392           0
    8.665     0.0037295     0.0002396           2         392           0
    8.725     0.0031352     0.0003027           2         392           0
    8.786     0.0025701     0.0002631           2         392           0
    8.846     0.0042421     0.0002188           2         392           0
    8.907     0.0026483     0.0002857           2         392           0
    8.967     0.0037330     0.0002010           2         392           0
    9.028     0.0043252     0.0002550           2         136           0
    9.088     0.0038911     0.0002652           2         136           0
    9.149     0.0032018     0.0002777           2         136           0
    9.209     0.0021973     0.0003733           2         136           0
    9.270     0.0021866     0.0002766           2         136           0
    9.330     0.0022563     0.0002828           2         136           0
    9.391     0.0021759     0.0002713           2         392           0
    9.451     0.0017721     0.0003997           2         392           0
    9.512     0.0015360     0.0003476           2         392           0
    9.572     0.0017073     0.0002858           2         392           0
    9.633     0.0014240     0.0003296           2         392           0
    9.693     0.0016520     0.0003062           2         392           0
    9.754     0.0011507     0.0003065           2       16796           0
    9.814     0.0018565     0.0003053           2       16796           0
    9.875     0.0015647     0.0003041           2         392           0
    9.935     0.0013102     0.0003032           2         392           0
    9.995     0.0012065     0.0002072           2         392           0
   10.056     0.0014422     0.0002716           2         392           0
   10.116     0.0013872     0.0002093           2         392           0
   10.177     0.0014449     0.0002615           2         392           0
   10.237     0.0013805     0.0002749           2         392           0
   10.298     0.0013547     0.0002529           2         392           0
   10.358     0.0014167     0.0002637           2         392           0
   10.419     0.0015132     0.0002748           2         392           0
   10.479     0.0011424     0.0002779           2         392           0
   10.540     0.0007985     0.0002171           2         392           0
   10.600     0.0012448     0.0002684           2         392           0
   10.661     0.0014480     0.0002786           2         392           0
   10.721     0.0016426     0.0002772           2         392           0
   10.782     0.0014344     0.0003066           2         392           0
   10.842     0.0012891     0.0003050           2         392           0
   10.903     0.0013045     0.0002966           2         392           0
   10.963     0.0014596     0.0003003           2         392           0
   11.024     0.0016604     0.0003241           2         392           0
   11.084     0.0019531     0.0003491           2         392           0
   11.145     0.0019888     0.0003398           2         392           0
   11.205     0.0018706     0.0003515           2         392           0
   11.266     0.0018993     0.0003636           2         392           0
   11.326     0.0018291     0.0003462           2         392           0
   11.387     0.0022393     0.0003568           2         412           0
   11.447     0.0024464     0.0003713           2         412           0
   11.508     0.0031256     0.0003853           2         392           0
   11.568     0.0040951     0.0003083           2         392           0
   11.628     0.0052230     0.0003365           2         392           0
   11.689     0.0070971     0.0003360           2         392           0
   11.750     0.0096103     0.0003290           2         392           0
   11.810     0.0088750     0.0002190           2         392           0
   11.870     0.0065074     0.0003092           2         392           0
   11.931     0.0053021     0.0003105           2         392           0
   11.991     0.0045428     0.0004205           2         392           0
   12.052     0.0038011     0.0003136           2         392           0
   12.112     0.0040220     0.0004331           2         392           0
   12.173     0.0034497     0.0004086           2         392           0
   12.233     0.0034525     0.0004204           2         392           0
   12.294     0.0033042     0.0004308           2         392           0
   12.354     0.0033122     0.0004161           2         392           0
   12.415     0.0036322     0.0004438           2         392           0
   12.475     0.0038427     0.0004166           2         392           0
   12.536     0.0036617     0.0004099           2         392           0
   12.596     0.0036406     0.0003677           2         392           0
   12.657     0.0034363     0.0003778           2         392           0
   12.717     0.0035618     0.0003854           2         392           0
   12.778     0.0037966     0.0003797           2         392           0
   12.838     0.0037551     0.0002850           2         392           0
   12.899     0.0038152     0.0003986           2         392           0
   12.959     0.0038055     0.0003800           2         392           0
   13.020     0.0038089     0.0003950           2         392           0
   13.080     0.0048260     0.0003762           2         392           0
   13.141     0.0046972     0.0004511           2         392           0
   13.201     0.0050820     0.0004221           2         392           0
   13.262     0.0054779     0.0004380           2         392           0
   13.322     0.0060089     0.0004451           2         392           0
   13.383     0.0071384     0.0004936           2         392           0
   13.443     0.0064438     0.0004910           2         392           0
   13.503     0.0042212     0.0004845           2         392           0
   13.564     0.0033545     0.0005066           2         392           0
   13.625     0.0027877     0.0005219           2         392           0
   13.685     0.0027935     0.0005314           2         392           0
   13.745     0.0033774     0.0005533           2         392           0
   13.806     0.0032356     0.0005864           2         392           0
   13.866     0.0032750     0.0006250           2         392           0
   13.927     0.0027759     0.0006184           2         392           0
   13.987     0.0027639     0.0006291           2         392           0
   14.048     0.0024534     0.0006663           2         392           0
   14.108     0.0025035     0.0006804           2         392           0
   14.169     0.0027198     0.0007046           2         392           0
   14.239     0.0039291     0.0004264           3        4360           0
   14.323     0.0038495     0.0004111           3        4360           0
   14.408     0.0042600     0.0003938           3        4360           0
   14.493     0.0041575     0.0003925           3        4360           0
   14.577     0.0039585     0.0004117           3        4360           0
   14.662     0.0041031     0.0004100           3        4360           0
   14.747     0.0045296     0.0004593           3        4360           0
   14.832     0.0040619     0.0004890           3        4360           0
   14.916     0.0040030     0.0005474           3        4360           0
   15.001     0.0038782     0.0004706           3        4360           0
   15.085     0.0041389     0.0004739           3        4360           0
   15.170     0.0033722     0.0004418           3        4360           0
   15.255     0.0032744     0.0004845           3        4360           0
   15.340     0.0028334     0.0003935           3        4360           0
   15.424     0.0036292     0.0003367           3        4360           0
   15.509     0.0034241     0.0003635           3        4360           0
   15.594     0.0031458     0.0003793           3        4360           0
   15.678     0.0029163     0.0003935           3        4360           0
   15.763     0.0027912     0.0003936           3        4360           0
   15.848     0.0033714     0.0004010           3        4360           0
   15.932     0.0036702     0.0005524           3        4360           0
   16.017     0.0042287     0.0008811           3        4360           0
   16.102     0.0035475     0.0023406           3        4360           0
   16.186     0.0040099     0.0005105           3        4360           0
   16.271     0.0048811     0.0005632           3        4360           0
   16.356     0.0046494     0.0004608           3        4360           0
   16.440     0.0044886     0.0004781           3        4360           0
   16.525     0.0035983     0.0004533           3        4360           0
   16.610     0.0035203     0.0003472           3        4360           0
   16.694     0.0037833     0.0003585           3        4360           0
   16.779     0.0042932     0.0005246           3        4360           0
   16.864     0.0046343     0.0007088           3        4360           0
   16.948     0.0047965     0.0006389           3        4360           0
   17.033     0.0054461     0.0004656           3        4360           0
   17.118     0.0060003     0.0011758           3        4360           0
   17.202     0.0067672     0.0008920           3        4360           0
   17.287     0.0069867     0.0005259           3        4360           0
   17.372     0.0059522     0.0006701           3        4360           0
   17.456     0.0052882     0.0007052           3        4360           0
   17.541     0.0061460     0.0005387           3        4360           0
   17.626     0.0066932     0.0005506           3        4360           0
   17.711     0.0069984     0.0005243           3        4360           0
   17.795     0.0077052     0.0004733           3        4360           0
   17.880     0.0088580     0.0003652           3        4360           0
   17.965     0.0082108     0.0004235           3        4360           0
   18.049     0.0070275     0.0005795           3        4360           0
   18.134     0.0067746     0.0006022           3        4360           0
   18.219     0.0074474     0.0007055           3        4360           0
   18.303     0.0064021     0.0007611           3        4360           0
   18.388     0.0052430     0.0007592           3        4360           0
   18.472     0.0063170     0.0007013           3        4360           0
   18.557     0.0052360     0.0008232           3        4360           0
   18.642     0.0054126     0.0006808           3        4360           0
   18.727     0.0054220     0.0006432           3        4360           0
   18.811     0.0048538     0.0006647           3        4360           0
   18.896     0.0044094     0.0006578           3        4360           0
   18.981     0.0044751     0.0005916           3        4360           0
   19.065     0.0041317     0.0005912           3        4360           0
   19.150     0.0037584     0.0007090           3        4360           0
   19.235     0.0031315     0.0009816           3    19009600           0
   19.404     0.0053961     0.0017215           3    19009600           0
   19.573     0.0044914     0.0012842           3    19009600           0
   19.743     0.0054919     0.0011073           3    19009600           0
   19.912     0.0044467     0.0011487           3    19009600           0
   20.081     0.0048811     0.0029993           3        4360           0
   20.251     0.0045437     0.0018752           3        4360           0
   20.420     0.0039553     0.0013419           3        4360           0
   20.590     0.0039751     0.0011219           3        4360           0
   20.759     0.0039133     0.0015247           3        4360           0
   20.928     0.0037939     0.0021522           3        4360           0
   21.097     0.0041363     0.0006406           4        4360           0
   21.267     0.0041376     0.0007575           4        4360           0
   21.436     0.0038567     0.0007506           4        4360           0
   21.606     0.0041251     0.0008184           4        4360           0
   21.775     0.0052418     0.0007592           4        4360           0
   21.944     0.0053485     0.0007679           4        4360           0
   22.114     0.0044968     0.0008019           4        4360           0
   22.283     0.0042317     0.0005946           4        4360           0
   22.452     0.0047518     0.0006554           4        4360           0
   22.622     0.0054752     0.0005619           4        4360           0
   22.791     0.0045095     0.0005938           4        4360           0
   22.960     0.0052637     0.0004907           4        4360           0
   23.130     0.0052635     0.0005415           4        4360           0
   23.299     0.0048839     0.0005629           4        4360           0
   23.469     0.0048640     0.0005815           4        4360           0
   23.638     0.0049627     0.0008207           4        4360           0
   23.807     0.0049411     0.0006076           4        4360           0
   23.976     0.0052178     0.0005231           4        4360           0
   24.146     0.0056288     0.0006381           4        4360           0
   24.315     0.0056411     0.0005985           4        4360           0
   24.485     0.0055051     0.0007957           4        4360           0
   24.654     0.0048909     0.0022990           4        4360           0
   24.823     0.0054765     0.0006504           4        4360           0
   24.993     0.0064949     0.0007229           4        4360           0
   25.162     0.0057746     0.0005813           4        4360           0
   25.331     0.0061872     0.0006119           4        4360           0
   25.501     0.0063186     0.0006919           4        4360           0
   25.670     0.0056663     0.0009011           4        4360           0
   25.839     0.0060627     0.0028295           4        4360           0
   26.009     0.0062374     0.0008746           4        4360           0
   26.178     0.0062184     0.0004983           4        4360           0
   26.347     0.0058330     0.0004553           4        4360           0
   26.517     0.0062210     0.0019659           4        4360           0
   26.686     0.0074368     0.0010143           4        4360           0
   26.856     0.0070966     0.0005532           4        4360           0
   27.025     0.0068167     0.0005581           4        4360           0
   27.194     0.0075492     0.0005647           4        4360           0
   27.364     0.0076240     0.0005307           4        4360           0
   27.533     0.0070444     0.0005087           4        4360           0
   27.702     0.0063181     0.0006592           4        4360           0
   27.872     0.0066652     0.0008296           4        4360           0
   28.041     0.0072498     0.0027636           4        4360           0
   28.210     0.0077383     0.0008252           4        4360           0
   28.380     0.0063324     0.0007519           4        4360           0
   28.549     0.0067513     0.0007204           4        4360           0
   28.719     0.0069052     0.0006395           4        4360           0
   28.888     0.0070566     0.0006319           4        4360           0
   29.057     0.0070428     0.0006660           4        4360           0
   29.226     0.0078680     0.0007107           4        4360           0
   29.396     0.0083693     0.0008993           4        4360           0
   29.565     0.0086520     0.0008844           4        4360           0
   29.735     0.0086083     0.0005964           4        4360           0
   29.904     0.0074321     0.0007775           4        4360           0
   30.073     0.0072322     0.0008918           4        4360           0
   30.243     0.0070221     0.0007385           4        4360           0
   30.412     0.0071033     0.0010129           4        4360           0
   30.581     0.0078430     0.0010857           4        4360           0
   30.751     0.0088141     0.0009988           4        4360           0
   30.920     0.0085020     0.0011353           4        4360           0
   31.089     0.0081108     0.0009401           4        4360           0
   31.259     0.0074421     0.0008855           4        4360           0
   31.428     0.0085749     0.0007512           4        4360           0
   31.597     0.0089081     0.0007359           4        4360           0
   31.767     0.0091527     0.0007394           4        4360           0
   31.936     0.0089807     0.0008262           4        4360           0
   32.105     0.0089701     0.0010124           4        4360           0
   32.275     0.0097705     0.0011973           4        4360           0
   32.444     0.0098902     0.0013248           4        4360           0
   32.614     0.0089355     0.0012918           4        4360           0
   32.783     0.0080098     0.0013043           4        4360           0
   32.952     0.0074930     0.0013382           4        4360           0
   33.122     0.0120624     0.0019395           4        4360           0
   33.291     0.0102691     0.0026436           4        4360           0
   33.460     0.0102557     0.0015482           4        4360           0
   33.630     0.0114713     0.0014480           4        4360           0
   33.799     0.0110952     0.0015665           4        4360           0
   33.968     0.0111437     0.0017381           4        4360           0
   34.138     0.0115790     0.0024739           4        4360           0
   34.307     0.0095043     0.0029717           4        4360           0
   34.477     0.0079842     0.0020411           4        4360           0
   34.646     0.0108496     0.0026363           4        4360           0
   34.815     0.0116641     0.0040100           4        4360           0
   34.985     0.0182781     0.0196919           4        4360           0
   35.154     0.0174727     0.0062429           4        4360           0
   35.323     0.0126079     0.0061539           4        4360           0
   35.493     0.0131688     0.0160911           4        4360           0
   35.662     0.0106724     0.0060701           4        4360           0
   35.831     0.0085037     0.0022687           4        4360           0
   36.001     0.0057804     0.0021386           4        4360           0
   36.170     0.0105065     0.0033527           4        4360           0
   36.339     0.0164668     0.0037170           4        4360           0
   36.509     0.0252731     0.0025839           4        4360           0
   36.678     0.0218930     0.0042904           4        4360           0
   36.847     0.0104536     0.0042199           4        4360           0
   37.017     0.0126192     0.0073409           4        4360           0
   37.186     0.0160793     0.0057309           4        4360           0
   37.355     0.0123465     0.0052407           4        4360           0
   37.525     0.0117825     0.0043511           4        4360           0
   37.694     0.0107706     0.0062072           4        4360           0
   37.864     0.0108725     0.0055143           4        4360           0
   38.033     0.0315816     0.0070843           4        4360           0
   38.202     0.0579713     0.0097928           4        4360           0
   38.372     0.0175170     0.0139235           4        4360           0
   38.541     0.0154778     0.0256736           4        4360           0
   38.710     0.0241960     0.0158130           4        4360           0
   38.880     0.0165797     0.0125507           4        4360           0
   39.049     0.1199628     0.1701007           4        4360           0
   39.218     0.0470917     0.0579179           4        4360           0
   39.388     0.0043505     0.0102475           4        4360           0
   39.557     0.0003994     0.0340662           4        4360           0
   39.727     0.0028673     0.0605135           4        4360           0
   39.896     0.0058295     0.0267188           4        4488           0
   40.065     0.0002547     0.0086884           4        4488           0
   40.235    -0.0000739     0.0036984           4        4488           0
   40.404     0.0008725     0.0017156           4        4488           0
   40.573     0.0028761     0.0011779           4        4488           0
   40.743     0.0006107     0.0004958           4        4508           0
   40.912     0.0001669     0.0003330           4        4488           0
   41.081     0.0000937     0.0002019           4        4488           0
   41.251    -0.0000221     0.0001547           4        4488           0
   41.420    -0.0000119     0.0002406           4        4488           0
   41.589     0.0000826     0.0003016           4        4488           0
   41.759     0.0003017     0.0003057           4        4488           0
   41.928     0.0003332     0.0013125           4        4508           0
   42.097     0.0001802     0.0006180           4        4508           0
   42.267     0.0011435     0.0007485           4        4488           0
