wave flux error channelflag bitflag stitchflag
    5.127     0.0002619     0.0031391           1         392           0
    5.157     0.0004338     0.0020372           1         136           0
    5.187     0.0003506     0.0009222           1         136           0
    5.217     0.0001929     0.0006146           1         136           0
    5.247     0.0006176     0.0005737           1         136           0
    5.278     0.0001388     0.0006295           1         136           0
    5.308     0.0001888     0.0005899           1         136           0
    5.338     0.0003890     0.0005716           1         392           0
    5.368     0.0001687     0.0005336           1         392           0
    5.399     0.0005039     0.0005422           1       16776           0
    5.429     0.0002536     0.0005322           1       16796           0
    5.459     0.0005179     0.0005213           1       16796           0
    5.489     0.0005373     0.0004738           1         392           0
    5.520     0.0002982     0.0004768           1         392           0
    5.550     0.0005228     0.0005037           1         392           0
    5.580     0.0003903     0.0004921           1         392           0
    5.610     0.0003628     0.0004863           1         392           0
    5.641     0.0001763     0.0004566           1        8468           0
    5.671    -0.0000147     0.0004505           1        8468           0
    5.701     0.0002319     0.0004582           1         392           0
    5.731     0.0002906     0.0004333           1         392           0
    5.762     0.0001437     0.0004472           1         412           0
    5.792     0.0002397     0.0005027           1         412           0
    5.822     0.0004563     0.0004503           1         392           0
    5.852     0.0005302     0.0004818           1         392           0
    5.883     0.0006847     0.0005198           1         392           0
    5.913     0.0008261     0.0004661           1         136           0
    5.943     0.0004895     0.0004862           1         136           0
    5.973     0.0003768     0.0004913           1         136           0
    6.004     0.0004299     0.0005021           1         136           0
    6.034     0.0005415     0.0004833           1         136           0
    6.064     0.0005052     0.0005298           1         392           0
    6.094     0.0006611     0.0005263           1         392           0
    6.125     0.0004835     0.0004878           1         392           0
    6.155     0.0005941     0.0004982           1         392           0
    6.185     0.0006692     0.0005111           1         392           0
    6.215     0.0006588     0.0005115           1         392           0
    6.245     0.0006679     0.0005053           1         392           0
    6.276     0.0010174     0.0005232           1         392           0
    6.306     0.0010902     0.0005152           1         392           0
    6.336     0.0012205     0.0005861           1         392           0
    6.366     0.0013167     0.0005966           1         392           0
    6.397     0.0015841     0.0005799           1         392           0
    6.427     0.0020319     0.0006445           1         392           0
    6.457     0.0033871     0.0005414           1         392           0
    6.487     0.0038350     0.0005728           1         392           0
    6.518     0.0037434     0.0006004           1         392           0
    6.548     0.0031903     0.0006821           1         392           0
    6.578     0.0025039     0.0007451           1         392           0
    6.608     0.0017723     0.0006881           1         392           0
    6.639     0.0016431     0.0006203           1         136           0
    6.669     0.0013124     0.0005824           1         136           0
    6.699     0.0011362     0.0006042           1         136           0
    6.729     0.0012671     0.0006526           1         136           0
    6.760     0.0017559     0.0006943           1         136           0
    6.790     0.0015130     0.0007496           1         392           0
    6.820     0.0011425     0.0007703           1         392           0
    6.850     0.0010643     0.0006932           1         392           0
    6.881     0.0008583     0.0007406           1         392           0
    6.911     0.0011920     0.0007157           1         392           0
    6.941     0.0010816     0.0007289           1         392           0
    6.971     0.0009477     0.0007897           1         392           0
    7.002     0.0011073     0.0008340           1         392           0
    7.032     0.0016645     0.0009692           1         392           0
    7.062     0.0013817     0.0008177           1         392           0
    7.092     0.0011962     0.0008198           1         392           0
    7.122     0.0014576     0.0008258           1         392           0
    7.153     0.0010029     0.0008122           1         392           0
    7.183     0.0012394     0.0007718           1         392           0
    7.213     0.0014792     0.0007613           1         392           0
    7.243     0.0018379     0.0008778           1         392           0
    7.274     0.0019690     0.0009301           1         392           0
    7.304     0.0022688     0.0009249           1         392           0
    7.334     0.0018912     0.0011866           1       53312           0
    7.395     0.0012722     0.0013705           1       18496           0
    7.455     0.0012644     0.0011676           1       18496           0
    7.516     0.0017144     0.0011403           1       53312           0
    7.576     0.0018798     0.0015131           1      153664           0
    7.637     0.0020523     0.0006604           1         392           0
    7.697     0.0028354     0.0006277           1         392           0
    7.758     0.0035562     0.0007571           1         392           0
    7.818     0.0041927     0.0007358           1         392           0
    7.879     0.0049126     0.0007505           1         392           0
    7.939     0.0056377     0.0007284           1         392           0
    8.000     0.0055184     0.0007006           1         392           0
    8.060     0.0048697     0.0006408           1         392           0
    8.120     0.0049408     0.0006105           1         392           0
    8.181     0.0047785     0.0006037           1         392           0
    8.241     0.0042748     0.0006055           1         392           0
    8.302     0.0038712     0.0006209           1         392           0
    8.362     0.0036065     0.0003909           2       16796           0
    8.423     0.0029958     0.0004028           2       16796           0
    8.483     0.0027061     0.0004162           2       16792           0
    8.544     0.0024155     0.0004004           2       16776           0
    8.604     0.0024292     0.0004088           2         392           0
    8.665     0.0027565     0.0003752           2         392           0
    8.725     0.0027687     0.0003553           2         392           0
    8.786     0.0027859     0.0003925           2         392           0
    8.846     0.0028315     0.0003656           2         392           0
    8.907     0.0031930     0.0003697           2         392           0
    8.967     0.0036609     0.0003930           2         392           0
    9.028     0.0034924     0.0003879           2         136           0
    9.088     0.0030060     0.0004014           2         136           0
    9.149     0.0024787     0.0003762           2         136           0
    9.209     0.0020799     0.0004022           2         136           0
    9.270     0.0016879     0.0003694           2         136           0
    9.330     0.0016727     0.0003884           2         136           0
    9.391     0.0013799     0.0003926           2         392           0
    9.451     0.0011417     0.0003818           2         392           0
    9.512     0.0010243     0.0003855           2         392           0
    9.572     0.0008441     0.0003762           2         392           0
    9.633     0.0010830     0.0003280           2         392           0
    9.693     0.0009916     0.0003534           2         392           0
    9.754     0.0012531     0.0003066           2       16796           0
    9.814     0.0011406     0.0002949           2       16796           0
    9.875     0.0009692     0.0003347           2         392           0
    9.935     0.0009877     0.0003189           2         392           0
    9.995     0.0007789     0.0003209           2         392           0
   10.056     0.0009735     0.0003003           2         392           0
   10.116     0.0010782     0.0003043           2         392           0
   10.177     0.0010205     0.0003200           2         392           0
   10.237     0.0009500     0.0003109           2         392           0
   10.298     0.0009193     0.0003133           2         392           0
   10.358     0.0008879     0.0003249           2         392           0
   10.419     0.0008400     0.0003611           2         392           0
   10.479     0.0006314     0.0003840           2         392           0
   10.540     0.0007923     0.0003562           2         392           0
   10.600     0.0006862     0.0003415           2         392           0
   10.661     0.0007739     0.0003278           2         392           0
   10.721     0.0011292     0.0003618           2         392           0
   10.782     0.0009595     0.0003539           2         392           0
   10.842     0.0009189     0.0003851           2         392           0
   10.903     0.0011086     0.0003778           2         392           0
   10.963     0.0013548     0.0003876           2         392           0
   11.024     0.0013162     0.0003979           2         392           0
   11.084     0.0012111     0.0004229           2         392           0
   11.145     0.0012701     0.0004097           2         392           0
   11.205     0.0011843     0.0004237           2         392           0
   11.266     0.0012787     0.0004096           2         392           0
   11.326     0.0017186     0.0004205           2         392           0
   11.387     0.0017690     0.0004175           2         412           0
   11.447     0.0020026     0.0004374           2         412           0
   11.508     0.0026703     0.0004421           2         392           0
   11.568     0.0027079     0.0004590           2         392           0
   11.628     0.0037840     0.0004368           2         392           0
   11.689     0.0058390     0.0003637           2         392           0
   11.750     0.0065651     0.0004600           2         392           0
   11.810     0.0052498     0.0003654           2         392           0
   11.870     0.0046351     0.0004391           2         392           0
   11.931     0.0037798     0.0004299           2         392           0
   11.991     0.0029815     0.0004378           2         392           0
   12.052     0.0025881     0.0004554           2         392           0
   12.112     0.0023879     0.0004326           2         392           0
   12.173     0.0021321     0.0004588           2         392           0
   12.233     0.0022956     0.0004580           2         392           0
   12.294     0.0021692     0.0004510           2         392           0
   12.354     0.0022000     0.0004748           2         392           0
   12.415     0.0024128     0.0003818           2         392           0
   12.475     0.0023442     0.0004470           2         392           0
   12.536     0.0023123     0.0004545           2         392           0
   12.596     0.0022851     0.0004584           2         392           0
   12.657     0.0024311     0.0004594           2         392           0
   12.717     0.0026919     0.0004417           2         392           0
   12.778     0.0026330     0.0004518           2         392           0
   12.838     0.0028424     0.0004449           2         392           0
   12.899     0.0028218     0.0004918           2         392           0
   12.959     0.0029730     0.0004924           2         392           0
   13.020     0.0027924     0.0005179           2         392           0
   13.080     0.0032866     0.0005166           2         392           0
   13.141     0.0036558     0.0005563           2         392           0
   13.201     0.0035546     0.0005567           2         392           0
   13.262     0.0037963     0.0005704           2         392           0
   13.322     0.0047220     0.0005489           2         392           0
   13.383     0.0049697     0.0005790           2         392           0
   13.443     0.0040234     0.0006018           2         392           0
   13.503     0.0022346     0.0006246           2         392           0
   13.564     0.0016789     0.0006293           2         392           0
   13.625     0.0013271     0.0005978           2         392           0
   13.685     0.0012965     0.0006698           2         392           0
   13.745     0.0017419     0.0006932           2         392           0
   13.806     0.0019281     0.0006603           2         392           0
   13.866     0.0018221     0.0006560           2         392           0
   13.927     0.0015140     0.0006684           2         392           0
   13.987     0.0017170     0.0007267           2         392           0
   14.048     0.0017352     0.0007384           2         392           0
   14.108     0.0012413     0.0007393           2         392           0
   14.169     0.0016764     0.0007481           2         392           0
   14.229     0.0019687     0.0007586           2         392           0
   14.323     0.0016446     0.0005451           3        4360           0
   14.408     0.0017481     0.0005544           3        4360           0
   14.493     0.0022487     0.0004653           3        4360           0
   14.577     0.0018832     0.0005561           3        4360           0
   14.662     0.0017233     0.0008482           3        4360           0
   14.747     0.0021223     0.0011823           3        4360           0
   14.832     0.0013828     0.0006433           3        4360           0
   14.916     0.0019350     0.0006042           3        4360           0
   15.001     0.0021431     0.0006689           3        4360           0
   15.085     0.0013431     0.0007074           3        4360           0
   15.170     0.0016055     0.0006105           3        4360           0
   15.255     0.0012751     0.0006725           3        4360           0
   15.340     0.0016552     0.0006154           3        4360           0
   15.424     0.0014889     0.0005586           3        4360           0
   15.509     0.0015991     0.0004719           3        4360           0
   15.594     0.0015000     0.0005086           3        4360           0
   15.678     0.0009111     0.0004200           3        4360           0
   15.763     0.0014360     0.0004194           3        4360           0
   15.848     0.0013945     0.0005303           3        4360           0
   15.932     0.0013311     0.0006515           3        4360           0
   16.017     0.0012405     0.0007220           3        4360           0
   16.102     0.0016306     0.0006981           3        4360           0
   16.186     0.0016364     0.0007769           3        4360           0
   16.271     0.0033320     0.0009262           3        4360           0
   16.356     0.0026063     0.0007186           3        4360           0
   16.440     0.0020617     0.0006784           3        4360           0
   16.525     0.0022498     0.0005923           3        4360           0
   16.610     0.0037577     0.0003684           3        4360           0
   16.694     0.0036695     0.0003946           3        4360           0
   16.779     0.0017489     0.0006843           3        4360           0
   16.864     0.0018512     0.0009423           3        4360           0
   16.948     0.0027050     0.0016067           3        4360           0
   17.033     0.0042378     0.0048879           3        4360           0
   17.118     0.0033664     0.0014348           3        4360           0
   17.202     0.0053981     0.0010872           3        4360           0
   17.287     0.0031668     0.0007731           3        4360           0
   17.372     0.0028185     0.0008519           3        4360           0
   17.456     0.0030994     0.0008789           3        4360           0
   17.541     0.0036598     0.0005992           3        4360           0
   17.626     0.0029227     0.0007595           3        4360           0
   17.711     0.0035094     0.0007024           3        4360           0
   17.795     0.0036937     0.0006948           3        4360           0
   17.880     0.0033095     0.0006277           3        4360           0
   17.965     0.0031406     0.0007539           3        4360           0
   18.049     0.0040512     0.0008129           3        4360           0
   18.134     0.0040699     0.0008687           3        4360           0
   18.219     0.0033472     0.0009894           3        4360           0
   18.303     0.0030626     0.0010192           3        4360           0
   18.388     0.0024879     0.0008787           3        4360           0
   18.472     0.0034182     0.0011263           3        4360           0
   18.557     0.0016988     0.0011204           3        4360           0
   18.642     0.0023200     0.0010616           3        4360           0
   18.727     0.0034969     0.0008462           3        4360           0
   18.811     0.0033264     0.0008759           3        4360           0
   18.896     0.0030365     0.0008665           3        4360           0
   18.981     0.0027760     0.0008428           3        4360           0
   19.065     0.0023556     0.0008534           3        4360           0
   19.150     0.0024128     0.0010065           3        4360           0
   19.235     0.0014063     0.0013534           3    19009600           0
   19.404     0.0038055     0.0028822           3    19009600           0
   19.573     0.0032194     0.0016516           3    19009600           0
   19.743     0.0029140     0.0014076           3    19009600           0
   19.912     0.0031669     0.0016934           3    19009600           0
   20.081     0.0024181     0.0046788           3        4360           0
   20.251     0.0031457     0.0027042           3        4360           0
   20.420     0.0023562     0.0016861           3        4360           0
   20.590     0.0029585     0.0016221           3        4360           0
   20.759     0.0026635     0.0019593           3        4360           0
   20.928     0.0018764     0.0048111           3        4360           0
   21.097     0.0019989     0.0008709           4        4360           0
   21.267     0.0023703     0.0009942           4        4360           0
   21.436     0.0018927     0.0009008           4        4360           0
   21.606     0.0027515     0.0010914           4        4360           0
   21.775     0.0023551     0.0006911           4        4360           0
   21.944    -0.0086679     0.0009906           4        4360           0
   22.114     0.0030750     0.0010435           4        4360           0
   22.283     0.0030216     0.0007896           4        4360           0
   22.452     0.0029941     0.0010834           4        4360           0
   22.622     0.0030942     0.0010963           4        4360           0
   22.791     0.0028157     0.0008035           4        4360           0
   22.960     0.0036277     0.0005959           4        4360           0
   23.130     0.0032105     0.0007346           4        4360           0
   23.299     0.0035245     0.0007702           4        4360           0
   23.469     0.0041651     0.0007982           4        4360           0
   23.638     0.0039861     0.0007459           4        4360           0
   23.807     0.0035498     0.0006896           4        4360           0
   23.976     0.0038311     0.0006826           4        4360           0
   24.146     0.0040729     0.0007925           4        4360           0
   24.315     0.0043232     0.0018868           4        4360           0
   24.485     0.0043928     0.0008001           4        4360           0
   24.654     0.0048061     0.0008344           4        4360           0
   24.823     0.0052612     0.0009552           4        4360           0
   24.993     0.0046852     0.0009535           4        4360           0
   25.162     0.0049147     0.0008619           4        4360           0
   25.331     0.0045577     0.0008463           4        4360           0
   25.501     0.0038888     0.0008316           4        4360           0
   25.670     0.0035710     0.0009856           4        4360           0
   25.839     0.0051980     0.0034236           4        4360           0
   26.009     0.0040806     0.0011541           4        4360           0
   26.178     0.0056031     0.0006762           4        4360           0
   26.347     0.0047205     0.0006957           4        4360           0
   26.517     0.0045933     0.0005794           4        4360           0
   26.686     0.0065581     0.0006412           4        4360           0
   26.856     0.0055090     0.0007750           4        4360           0
   27.025     0.0056395     0.0007617           4        4360           0
   27.194     0.0050275     0.0006369           4        4360           0
   27.364     0.0048817     0.0009607           4        4360           0
   27.533     0.0051287     0.0011716           4        4360           0
   27.702     0.0063446     0.0008716           4        4360           0
   27.872     0.0060841     0.0009282           4        4360           0
   28.041     0.0069551     0.0008592           4        4360           0
   28.210     0.0059893     0.0010190           4        4360           0
   28.380     0.0048852     0.0010420           4        4360           0
   28.549     0.0050929     0.0008337           4        4360           0
   28.719     0.0062595     0.0008453           4        4360           0
   28.888     0.0065283     0.0008934           4        4360           0
   29.057     0.0059999     0.0009279           4        4360           0
   29.226     0.0065969     0.0009281           4        4360           0
   29.396     0.0074499     0.0013279           4        4360           0
   29.565     0.0071942     0.0025844           4        4360           0
   29.735     0.0056959     0.0042023           4        4360           0
   29.904     0.0067045     0.0011287           4        4360           0
   30.073     0.0069361     0.0007137           4        4360           0
   30.243     0.0063312     0.0010042           4        4360           0
   30.412     0.0069461     0.0011985           4        4360           0
   30.581     0.0063604     0.0017522           4        4360           0
   30.751     0.0059335     0.0013303           4        4360           0
   30.920     0.0081239     0.0014683           4        4360           0
   31.089     0.0087054     0.0010704           4        4360           0
   31.259     0.0065852     0.0012201           4        4360           0
   31.428     0.0072412     0.0011116           4        4360           0
   31.597     0.0075542     0.0011192           4        4360           0
   31.767     0.0074832     0.0011293           4        4360           0
   31.936     0.0070324     0.0016245           4        4360           0
   32.105     0.0075348     0.0011589           4        4360           0
   32.275     0.0075850     0.0012862           4        4360           0
   32.444     0.0058357     0.0013134           4        4360           0
   32.614     0.0074963     0.0018340           4        4360           0
   32.783     0.0085147     0.0018506           4        4360           0
   32.952     0.0061384     0.0016957           4        4360           0
   33.122     0.0087395     0.0028779           4        4360           0
   33.291     0.0096834     0.0028175           4        4360           0
   33.460     0.0121356     0.0021193           4        4360           0
   33.630     0.0106067     0.0020729           4        4360           0
   33.799     0.0090308     0.0023350           4        4360           0
   33.968     0.0088335     0.0025671           4        4360           0
   34.138     0.0097602     0.0029197           4        4360           0
   34.307     0.0088379     0.0029538           4        4360           0
   34.477     0.0083930     0.0038032           4        4360           0
   34.646     0.0089290     0.0029177           4        4360           0
   34.815     0.0116824     0.0051158           4        4360           0
   34.985     0.0138588     0.0044252           4        4360           0
   35.154     0.0118128     0.0048603           4        4360           0
   35.323     0.0069642     0.0097786           4        4360           0
   35.493     0.0090686     0.0042729           4        4360           0
   35.662    -0.0032873     0.0034125           4        4360           0
   35.831    -0.0002815     0.0032977           4        4360           0
   36.001     0.0075033     0.0037885           4        4360           0
   36.170     0.0108160     0.0039087           4        4360           0
   36.339     0.0149735     0.0050013           4        4360           0
   36.509     0.0184488     0.0058564           4        4360           0
   36.678     0.0198734     0.0046639           4        4360           0
   36.847     0.0037985     0.0061981           4        4360           0
   37.017     0.0084375     0.0053499           4        4360           0
   37.186     0.0065426     0.0075537           4        4360           0
   37.355     0.0131223     0.0061668           4        4360           0
   37.525     0.0104216     0.0059501           4        4360           0
   37.694    -0.0004617     0.0069799           4        4360           0
   37.864    -0.0023693     0.0088041           4        4360           0
   38.033    -0.0073081     0.0100217           4        4360           0
   38.202    -0.0118749     0.0121247           4        4360           0
   38.372    -0.0008299     0.0160186           4        4360           0
   38.541     0.0060025     0.0239338           4        4360           0
   38.710    -0.0111190     0.0237341           4        4360           0
   38.880     0.0062253     0.0257026           4        4360           0
   39.049     0.0060371     0.0403485           4        4360           0
   39.218     0.0006682     0.0214602           4        4360           0
   39.388     0.0099557     0.0157567           4        4360           0
   39.557    -0.0100254     0.0556821           4        4360           0
   39.727    -0.0077343     0.0932382           4        4360           0
   39.896    -0.0047220     0.0215700           4        4488           0
   40.065     0.0000221     0.0124711           4        4488           0
   40.235     0.0011051     0.0053843           4        4488           0
   40.404     0.0003076     0.0028666           4        4488           0
   40.573     0.0011556     0.0014507           4        4488           0
   40.743    -0.0000741     0.0007172           4        4508           0
   40.912     0.0000324     0.0002202           4        4488           0
   41.081     0.0014660     0.0001700           4        4488           0
   41.251     0.0001155     0.0001231           4        4488           0
   41.420     0.0000631     0.0003615           4        4488           0
   41.589     0.0002913     0.0004297           4        4488           0
   41.759     0.0005295     0.0004288           4        4488           0
   41.928     0.0001009     0.0011964           4        4508           0
   42.097    -0.0000137     0.0008803           4        4508           0
   42.267     0.0006447     0.0009346           4        4488           0
