wave flux error channelflag bitflag stitchflag
    5.127    -0.0001462     0.0031563           1         392           0
    5.157    -0.0000032     0.0019290           1         136           0
    5.187    -0.0001253     0.0008965           1         136           0
    5.217    -0.0000899     0.0005645           1         136           0
    5.247     0.0003010     0.0005814           1         136           0
    5.278     0.0004672     0.0006121           1         136           0
    5.308     0.0002007     0.0005901           1         136           0
    5.338     0.0001014     0.0006319           1         392           0
    5.368    -0.0000161     0.0005877           1         392           0
    5.399     0.0001107     0.0005653           1       16776           0
    5.429     0.0004380     0.0005403           1       16796           0
    5.459     0.0004891     0.0004444           1       16796           0
    5.489     0.0004176     0.0005321           1         392           0
    5.520     0.0002296     0.0005000           1         392           0
    5.550     0.0005663     0.0005111           1         392           0
    5.580     0.0002312     0.0004818           1         392           0
    5.610     0.0001035     0.0004824           1         392           0
    5.641     0.0004035     0.0004663           1        8468           0
    5.671     0.0005305     0.0004280           1        8468           0
    5.701     0.0003200     0.0004440           1         392           0
    5.731     0.0004408     0.0004434           1         392           0
    5.762     0.0002621     0.0004852           1         412           0
    5.792    -0.0000853     0.0004017           1         412           0
    5.822     0.0005025     0.0005190           1         392           0
    5.852     0.0007834     0.0004859           1         392           0
    5.883     0.0008300     0.0005089           1         392           0
    5.913     0.0010454     0.0005124           1         136           0
    5.943     0.0011979     0.0004745           1         136           0
    5.973     0.0006179     0.0004633           1         136           0
    6.004     0.0007228     0.0004817           1         136           0
    6.034     0.0009072     0.0004396           1         136           0
    6.064     0.0004502     0.0004754           1         392           0
    6.094     0.0006468     0.0004681           1         392           0
    6.125     0.0006978     0.0004771           1         392           0
    6.155     0.0007765     0.0005004           1         392           0
    6.185     0.0007563     0.0004930           1         392           0
    6.215     0.0007057     0.0004781           1         392           0
    6.245     0.0004036     0.0005121           1         392           0
    6.276     0.0004741     0.0004905           1         392           0
    6.306     0.0007689     0.0004696           1         392           0
    6.336     0.0011408     0.0005769           1         392           0
    6.366     0.0012776     0.0005714           1         392           0
    6.397     0.0016888     0.0004532           1         392           0
    6.427     0.0019214     0.0004461           1         392           0
    6.457     0.0017330     0.0004374           1         392           0
    6.487     0.0016759     0.0004639           1         392           0
    6.518     0.0009197     0.0006049           1         392           0
    6.548     0.0008074     0.0006275           1         392           0
    6.578     0.0014305     0.0005829           1         392           0
    6.608     0.0009358     0.0007132           1         392           0
    6.639     0.0011607     0.0007600           1         136           0
    6.669     0.0007192     0.0006768           1         136           0
    6.699     0.0007427     0.0006396           1         136           0
    6.729     0.0011950     0.0006566           1         136           0
    6.760     0.0014629     0.0006621           1         136           0
    6.790     0.0019098     0.0006164           1         392           0
    6.820     0.0020243     0.0006581           1         392           0
    6.850     0.0008265     0.0007579           1         392           0
    6.881     0.0020701     0.0007126           1         392           0
    6.911     0.0025283     0.0006146           1         392           0
    6.941     0.0035389     0.0006919           1         392           0
    6.971     0.0052380     0.0007947           1         392           0
    7.002     0.0057996     0.0008079           1         392           0
    7.032     0.0062094     0.0007797           1         392           0
    7.062     0.0054407     0.0007738           1         392           0
    7.092     0.0042992     0.0007069           1         392           0
    7.122     0.0041392     0.0006379           1         392           0
    7.153     0.0033069     0.0007013           1         392           0
    7.183     0.0036255     0.0007032           1         392           0
    7.213     0.0032734     0.0007453           1         392           0
    7.243     0.0025325     0.0007005           1         392           0
    7.274     0.0022212     0.0008682           1         392           0
    7.304     0.0033433     0.0008229           1         392           0
    7.334     0.0022254     0.0010356           1       53312           0
    7.395     0.0023973     0.0011930           1       18496           0
    7.455     0.0019988     0.0009854           1       18496           0
    7.516     0.0022904     0.0010380           1       53312           0
    7.576     0.0024476     0.0013575           1      153664           0
    7.637     0.0027403     0.0004687           1         392           0
    7.697     0.0028997     0.0004639           1         392           0
    7.758     0.0029502     0.0006427           1         392           0
    7.818     0.0034268     0.0006646           1         392           0
    7.879     0.0041477     0.0006141           1         392           0
    7.939     0.0038155     0.0006291           1         392           0
    8.000     0.0035185     0.0006032           1         392           0
    8.060     0.0033774     0.0005867           1         392           0
    8.120     0.0033969     0.0005283           1         392           0
    8.181     0.0037293     0.0005290           1         392           0
    8.241     0.0042847     0.0005618           1         392           0
    8.302     0.0048418     0.0005601           1         392           0
    8.362     0.0065826     0.0004168           2       16796           0
    8.423     0.0077075     0.0003317           2       16796           0
    8.483     0.0093281     0.0002799           2       16792           0
    8.544     0.0103798     0.0003020           2       16776           0
    8.604     0.0104491     0.0004095           2         392           0
    8.665     0.0106077     0.0002985           2         392           0
    8.725     0.0101806     0.0003688           2         392           0
    8.786     0.0104888     0.0003856           2         392           0
    8.846     0.0105473     0.0002977           2         392           0
    8.907     0.0098687     0.0003365           2         392           0
    8.967     0.0088053     0.0003983           2         392           0
    9.028     0.0080136     0.0003530           2         136           0
    9.088     0.0068943     0.0004313           2         136           0
    9.149     0.0061617     0.0003671           2         136           0
    9.209     0.0059047     0.0003768           2         136           0
    9.270     0.0059070     0.0003712           2         136           0
    9.330     0.0059674     0.0003744           2         136           0
    9.391     0.0060007     0.0003677           2         392           0
    9.451     0.0061341     0.0003361           2         392           0
    9.512     0.0063172     0.0003897           2         392           0
    9.572     0.0066223     0.0003648           2         392           0
    9.633     0.0065845     0.0003506           2         392           0
    9.693     0.0066162     0.0003460           2         392           0
    9.754     0.0065876     0.0002956           2       16796           0
    9.814     0.0059205     0.0002997           2       16796           0
    9.875     0.0049402     0.0003473           2         392           0
    9.935     0.0042664     0.0003437           2         392           0
    9.995     0.0034919     0.0003151           2         392           0
   10.056     0.0029740     0.0003291           2         392           0
   10.116     0.0028500     0.0003167           2         392           0
   10.177     0.0027506     0.0003122           2         392           0
   10.237     0.0024376     0.0003014           2         392           0
   10.298     0.0023674     0.0003031           2         392           0
   10.358     0.0021395     0.0002974           2         392           0
   10.419     0.0019391     0.0003080           2         392           0
   10.479     0.0019862     0.0003405           2         392           0
   10.540     0.0020097     0.0003498           2         392           0
   10.600     0.0018882     0.0003262           2         392           0
   10.661     0.0018358     0.0003306           2         392           0
   10.721     0.0017707     0.0003335           2         392           0
   10.782     0.0018999     0.0003455           2         392           0
   10.842     0.0018694     0.0003495           2         392           0
   10.903     0.0020675     0.0003634           2         392           0
   10.963     0.0021969     0.0003941           2         392           0
   11.024     0.0017619     0.0004076           2         392           0
   11.084     0.0015369     0.0004096           2         392           0
   11.145     0.0016199     0.0004053           2         392           0
   11.205     0.0015494     0.0004375           2         392           0
   11.266     0.0016436     0.0004108           2         392           0
   11.326     0.0017267     0.0004142           2         392           0
   11.387     0.0014788     0.0004075           2         412           0
   11.447     0.0016822     0.0004083           2         412           0
   11.508     0.0018527     0.0004377           2         392           0
   11.568     0.0018744     0.0004305           2         392           0
   11.628     0.0018698     0.0004295           2         392           0
   11.689     0.0017874     0.0004587           2         392           0
   11.750     0.0020581     0.0004435           2         392           0
   11.810     0.0025118     0.0004623           2         392           0
   11.870     0.0024899     0.0004364           2         392           0
   11.931     0.0027222     0.0004606           2         392           0
   11.991     0.0027007     0.0004485           2         392           0
   12.052     0.0027543     0.0004452           2         392           0
   12.112     0.0029341     0.0004846           2         392           0
   12.173     0.0029644     0.0004524           2         392           0
   12.233     0.0029151     0.0004907           2         392           0
   12.294     0.0030954     0.0004791           2         392           0
   12.354     0.0034708     0.0004605           2         392           0
   12.415     0.0038163     0.0004727           2         392           0
   12.475     0.0045575     0.0004506           2         392           0
   12.536     0.0067265     0.0003019           2         392           0
   12.596     0.0088849     0.0003094           2         392           0
   12.657     0.0091441     0.0003851           2         392           0
   12.717     0.0123583     0.0003291           2         392           0
   12.778     0.0111310     0.0004607           2         392           0
   12.838     0.0097480     0.0004031           2         392           0
   12.899     0.0079206     0.0004020           2         392           0
   12.959     0.0073020     0.0004108           2         392           0
   13.020     0.0068633     0.0005056           2         392           0
   13.080     0.0065819     0.0005067           2         392           0
   13.141     0.0062903     0.0005416           2         392           0
   13.201     0.0063101     0.0005399           2         392           0
   13.262     0.0065865     0.0005447           2         392           0
   13.322     0.0064610     0.0005703           2         392           0
   13.383     0.0065637     0.0005662           2         392           0
   13.443     0.0071466     0.0005449           2         392           0
   13.503     0.0080300     0.0006162           2         392           0
   13.564     0.0079821     0.0006114           2         392           0
   13.625     0.0081817     0.0006107           2         392           0
   13.685     0.0082223     0.0006405           2         392           0
   13.745     0.0080263     0.0006787           2         392           0
   13.806     0.0083994     0.0006765           2         392           0
   13.866     0.0091587     0.0006865           2         392           0
   13.927     0.0097111     0.0006872           2         392           0
   13.987     0.0097261     0.0006881           2         392           0
   14.048     0.0100832     0.0007383           2         392           0
   14.108     0.0111995     0.0007710           2         392           0
   14.169     0.0117339     0.0007961           2         392           0
   14.229     0.0126143     0.0006934           2         392           0
   14.323     0.0173382     0.0007092           3        4360           0
   14.408     0.0230964     0.0004604           3        4360           0
   14.493     0.0198580     0.0005192           3        4360           0
   14.577     0.0154470     0.0003650           3        4360           0
   14.662     0.0138673     0.0005027           3        4360           0
   14.747     0.0132390     0.0007873           3        4360           0
   14.832     0.0128384     0.0007587           3        4360           0
   14.916     0.0126330     0.0008010           3        4360           0
   15.001     0.0120329     0.0008197           3        4360           0
   15.085     0.0124016     0.0008218           3        4360           0
   15.170     0.0123044     0.0005651           3        4360           0
   15.255     0.0128760     0.0006910           3        4360           0
   15.340     0.0124558     0.0006843           3        4360           0
   15.424     0.0126069     0.0004368           3        4360           0
   15.509     0.0118550     0.0004873           3        4360           0
   15.594     0.0119009     0.0005291           3        4360           0
   15.678     0.0118103     0.0005816           3        4360           0
   15.763     0.0122389     0.0005667           3        4360           0
   15.848     0.0132241     0.0005792           3        4360           0
   15.932     0.0151413     0.0006204           3        4360           0
   16.017     0.0141039     0.0008166           3        4360           0
   16.102     0.0138073     0.0008761           3        4360           0
   16.186     0.0138672     0.0008101           3        4360           0
   16.271     0.0139470     0.0006671           3        4360           0
   16.356     0.0134051     0.0008289           3        4360           0
   16.440     0.0144756     0.0006779           3        4360           0
   16.525     0.0137362     0.0007389           3        4360           0
   16.610     0.0132708     0.0005176           3        4360           0
   16.694     0.0140519     0.0007291           3        4360           0
   16.779     0.0142982     0.0023778           3        4360           0
   16.864     0.0141968     0.0038338           3        4360           0
   16.948     0.0145615     0.0009557           3        4360           0
   17.033     0.0145693     0.0007829           3        4360           0
   17.118     0.0143927     0.0015706           3        4360           0
   17.202     0.0136199     0.0009678           3        4360           0
   17.287     0.0147133     0.0009882           3        4360           0
   17.372     0.0144027     0.0009129           3        4360           0
   17.456     0.0143509     0.0010405           3        4360           0
   17.541     0.0170331     0.0006577           3        4360           0
   17.626     0.0172693     0.0004961           3        4360           0
   17.711     0.0157461     0.0011150           3        4360           0
   17.795     0.0155160     0.0008565           3        4360           0
   17.880     0.0154163     0.0008010           3        4360           0
   17.965     0.0147999     0.0008418           3        4360           0
   18.049     0.0154450     0.0008937           3        4360           0
   18.134     0.0152379     0.0008872           3        4360           0
   18.219     0.0149184     0.0009462           3        4360           0
   18.303     0.0145221     0.0010242           3        4360           0
   18.388     0.0157255     0.0010538           3        4360           0
   18.472     0.0187142     0.0073271           3        4360           0
   18.557     0.0179108     0.0038248           3        4360           0
   18.642     0.0184259     0.0018914           3        4360           0
   18.727     0.0184513     0.0007559           3        4360           0
   18.811     0.0177064     0.0007855           3        4360           0
   18.896     0.0201276     0.0006392           3        4360           0
   18.981     0.0193585     0.0008244           3        4360           0
   19.065     0.0187669     0.0008975           3        4360           0
   19.150     0.0206929     0.0012084           3        4360           0
   19.235     0.0137637     0.0014056           3    19009600           0
   19.404     0.0203497     0.0024179           3    19009600           0
   19.573     0.0187621     0.0015484           3    19009600           0
   19.743     0.0185466     0.0017405           3    19009600           0
   19.912     0.0182244     0.0021832           3    19009600           0
   20.081     0.0187259     0.0031653           3    19009600           0
   20.251     0.0186102     0.0019340           3    19009600           0
   20.420     0.0178306     0.0028420           3    19009600           0
   20.590     0.0185519     0.0018311           3        4360           0
   20.759     0.0181246     0.0019913           3        4360           0
   20.928     0.0184727     0.0025491           3        4360           0
   21.097     0.0229230     0.0032707           3        4360           0
   21.267     0.0253148     0.0013537           4        4360           0
   21.436     0.0204294     0.0010860           4        4360           0
   21.606     0.0208693     0.0012183           4        4360           0
   21.775     0.0245460     0.0011067           4        4360           0
   21.944     0.0229508     0.0031696           4        4360           0
   22.114     0.0226672     0.0011727           4        4360           0
   22.283     0.0258209     0.0007404           4        4360           0
   22.452     0.0276763     0.0008518           4        4360           0
   22.622     0.0261045     0.0011150           4        4360           0
   22.791     0.0258114     0.0008906           4        4360           0
   22.960     0.0270228     0.0009145           4        4360           0
   23.130     0.0303109     0.0008583           4        4360           0
   23.299     0.0304131     0.0008335           4        4360           0
   23.469     0.0299692     0.0007343           4        4360           0
   23.638     0.0308834     0.0008751           4        4360           0
   23.807     0.0304687     0.0008168           4        4360           0
   23.976     0.0315489     0.0007231           4        4360           0
   24.146     0.0341471     0.0010013           4        4360           0
   24.315     0.0341274     0.0010013           4        4360           0
   24.485     0.0345266     0.0011782           4        4360           0
   24.654     0.0351287     0.0009313           4        4360           0
   24.823     0.0376420     0.0010701           4        4360           0
   24.993     0.0386191     0.0011839           4        4360           0
   25.162     0.0387456     0.0017458           4        4360           0
   25.331     0.0385062     0.0010908           4        4360           0
   25.501     0.0421308     0.0010475           4        4360           0
   25.670     0.0442956     0.0009886           4        4360           0
   25.839     0.0454572     0.0034052           4        4360           0
   26.009     0.0432288     0.0012068           4        4360           0
   26.178     0.0435064     0.0009393           4        4360           0
   26.347     0.0444823     0.0008687           4        4360           0
   26.517     0.0480165     0.0008844           4        4360           0
   26.686     0.0510396     0.0009549           4        4360           0
   26.856     0.0504840     0.0007886           4        4360           0
   27.025     0.0527233     0.0008928           4        4360           0
   27.194     0.0536217     0.0009467           4        4360           0
   27.364     0.0531239     0.0008246           4        4360           0
   27.533     0.0552746     0.0009238           4        4360           0
   27.702     0.0572720     0.0012144           4        4360           0
   27.872     0.0600308     0.0013859           4        4360           0
   28.041     0.0642831     0.0010659           4        4360           0
   28.210     0.0627176     0.0014141           4        4360           0
   28.380     0.0634794     0.0011995           4        4360           0
   28.549     0.0642030     0.0012042           4        4360           0
   28.719     0.0672022     0.0012479           4        4360           0
   28.888     0.0697946     0.0011494           4        4360           0
   29.057     0.0741597     0.0011920           4        4360           0
   29.226     0.0773390     0.0010883           4        4360           0
   29.396     0.0755465     0.0012787           4        4360           0
   29.565     0.0759693     0.0012548           4        4360           0
   29.735     0.0775793     0.0011821           4        4360           0
   29.904     0.0793368     0.0013203           4        4360           0
   30.073     0.0812573     0.0013557           4        4360           0
   30.243     0.0833469     0.0017546           4        4360           0
   30.412     0.0874056     0.0034981           4        4360           0
   30.581     0.0908474     0.0017074           4        4360           0
   30.751     0.0902416     0.0013999           4        4360           0
   30.920     0.0900634     0.0013984           4        4360           0
   31.089     0.0933673     0.0012731           4        4360           0
   31.259     0.0945561     0.0116297           4        4360           0
   31.428     0.0962869     0.0031396           4        4360           0
   31.597     0.0986447     0.0008843           4        4360           0
   31.767     0.1020525     0.0008910           4        4360           0
   31.936     0.1055599     0.0009532           4        4360           0
   32.105     0.1081647     0.0013558           4        4360           0
   32.275     0.1078801     0.0012894           4        4360           0
   32.444     0.1104134     0.0017852           4        4360           0
   32.614     0.1065488     0.0021804           4        4360           0
   32.783     0.1139560     0.0016794           4        4360           0
   32.952     0.1072050     0.0022446           4        4360           0
   33.122     0.1144680     0.0044351           4        4360           0
   33.291     0.1178422     0.0039095           4        4360           0
   33.460     0.1153670     0.0034683           4        4360           0
   33.630     0.1237312     0.0022716           4        4360           0
   33.799     0.1249847     0.0020284           4        4360           0
   33.968     0.1282325     0.0024445           4        4360           0
   34.138     0.1342836     0.0032469           4        4360           0
   34.307     0.1331346     0.0033668           4        4360           0
   34.477     0.1266060     0.0033988           4        4360           0
   34.646     0.1369603     0.0030300           4        4360           0
   34.815     0.1373778     0.0052645           4        4360           0
   34.985     0.1428291     0.0241392           4        4360           0
   35.154     0.1332481     0.0077679           4        4360           0
   35.323     0.1396247     0.0065631           4        4360           0
   35.493     0.1473688     0.0108353           4        4360           0
   35.662     0.1549557     0.0054067           4        4360           0
   35.831     0.1499940     0.0063570           4        4360           0
   36.001     0.1445907     0.0066516           4        4360           0
   36.170     0.1458548     0.0059587           4        4360           0
   36.339     0.1604280     0.0076999           4        4360           0
   36.509     0.1600162     0.0052426           4        4360           0
   36.678     0.1577695     0.0045342           4        4360           0
   36.847     0.1533469     0.0056127           4        4360           0
   37.017     0.1606509     0.0052902           4        4360           0
   37.186     0.1852137     0.0086706           4        4360           0
   37.355     0.1677119     0.0101149           4        4360           0
   37.525     0.1546500     0.0045531           4        4360           0
   37.694     0.1779780     0.0038670           4        4360           0
   37.864     0.2521110     0.0076100           4        4360           0
   38.033     0.2519639     0.0308272           4        4360           0
   38.202     0.2961456     0.0197899           4        4360           0
   38.372     0.2125100     0.0168250           4        4360           0
   38.541     0.2347206     0.0458325           4        4360           0
   38.710     0.1247210     0.0167342           4        4360           0
   38.880     0.1809077     0.0695854           4        4360           0
   39.049     0.1420083     0.4935230           4        4360           0
   39.218     0.2143641     0.2097112           4        4360           0
   39.388     0.1587023     0.0287570           4        4360           0
   39.557     0.0974455     0.0693421           4        4360           0
   39.727     0.1011049     0.1210277           4        4360           0
   39.896     0.0569223     0.0392549           4        4488           0
   40.065     0.0069908     0.0130898           4        4488           0
   40.235     0.0053464     0.0060913           4        4488           0
   40.404     0.0290477     0.0033683           4        4488           0
   40.573     0.0166260     0.0010390           4        4488           0
   40.743     0.0043288     0.0015393           4        4508           0
   40.912     0.0016111     0.0004017           4        4488           0
   41.081     0.0053300     0.0003130           4        4488           0
   41.251    -0.0000568     0.0007106           4        4488           0
   41.420     0.0003959     0.0002818           4        4488           0
   41.589     0.0031860     0.0002370           4        4488           0
   41.759     0.0037060     0.0002930           4        4488           0
   41.928     0.0026879     0.0010741           4        4508           0
   42.097     0.0001840     0.0004857           4        4508           0
   42.267     0.0062334     0.0010236           4        4488           0
