wave flux error channelflag bitflag stitchflag
    5.127    -0.0001757     0.0035251           1         392           0
    5.157    -0.0005416     0.0019429           1         136           0
    5.187    -0.0001583     0.0009297           1         136           0
    5.217     0.0002229     0.0005785           1         136           0
    5.247     0.0004273     0.0005618           1         136           0
    5.278     0.0003550     0.0006500           1         136           0
    5.308    -0.0000621     0.0006450           1         136           0
    5.338     0.0001255     0.0005602           1         392           0
    5.368     0.0000960     0.0005344           1         392           0
    5.399     0.0002773     0.0005530           1       16776           0
    5.429     0.0001186     0.0005179           1       16796           0
    5.459     0.0001539     0.0004821           1       16796           0
    5.489     0.0000616     0.0004491           1         392           0
    5.520     0.0000443     0.0004668           1         392           0
    5.550     0.0000508     0.0004323           1         392           0
    5.580     0.0002408     0.0004451           1         392           0
    5.610     0.0003509     0.0004916           1         392           0
    5.641     0.0002060     0.0004928           1        8468           0
    5.671     0.0000704     0.0004722           1        8468           0
    5.701     0.0003905     0.0004624           1         392           0
    5.731     0.0004390     0.0004926           1         392           0
    5.762     0.0003523     0.0004639           1         412           0
    5.792     0.0004652     0.0004743           1         412           0
    5.822     0.0003933     0.0004699           1         392           0
    5.852     0.0003589     0.0005036           1         392           0
    5.883     0.0005485     0.0005262           1         392           0
    5.913     0.0002508     0.0005174           1         136           0
    5.943     0.0007683     0.0005446           1         136           0
    5.973     0.0006095     0.0005221           1         136           0
    6.004     0.0004109     0.0005026           1         136           0
    6.034     0.0003762     0.0005045           1         136           0
    6.064     0.0007660     0.0004972           1         392           0
    6.094     0.0008243     0.0005095           1         392           0
    6.125     0.0003514     0.0005469           1         392           0
    6.155     0.0004665     0.0005209           1         392           0
    6.185     0.0007508     0.0005102           1         392           0
    6.215     0.0006505     0.0005336           1         392           0
    6.245     0.0007742     0.0005274           1         392           0
    6.276     0.0007447     0.0005113           1         392           0
    6.306     0.0006348     0.0005202           1         392           0
    6.336     0.0002491     0.0005531           1         392           0
    6.366     0.0001776     0.0005819           1         392           0
    6.397     0.0002270     0.0005919           1         392           0
    6.427     0.0001741     0.0006142           1         392           0
    6.457     0.0001696     0.0004987           1         392           0
    6.487     0.0010061     0.0006009           1         392           0
    6.518     0.0003004     0.0006205           1         392           0
    6.548     0.0003453     0.0006687           1         392           0
    6.578     0.0002645     0.0007428           1         392           0
    6.608     0.0005110     0.0007302           1         392           0
    6.639     0.0011948     0.0006371           1         136           0
    6.669     0.0011893     0.0006234           1         136           0
    6.699     0.0007356     0.0005959           1         136           0
    6.729     0.0010171     0.0006585           1         136           0
    6.760     0.0020337     0.0006513           1         136           0
    6.790     0.0028619     0.0007380           1         392           0
    6.820     0.0038967     0.0006987           1         392           0
    6.850     0.0046128     0.0006768           1         392           0
    6.881     0.0039368     0.0007410           1         392           0
    6.911     0.0033261     0.0007861           1         392           0
    6.941     0.0025483     0.0008155           1         392           0
    6.971     0.0022332     0.0008002           1         392           0
    7.002     0.0021096     0.0007932           1         392           0
    7.032     0.0021362     0.0008368           1         392           0
    7.062     0.0018005     0.0008785           1         392           0
    7.092     0.0013266     0.0008157           1         392           0
    7.122     0.0015497     0.0007603           1         392           0
    7.153     0.0011388     0.0007725           1         392           0
    7.183     0.0010726     0.0007651           1         392           0
    7.213     0.0009059     0.0008269           1         392           0
    7.243     0.0013220     0.0008232           1         392           0
    7.274     0.0014311     0.0008515           1         392           0
    7.304     0.0013276     0.0009175           1         392           0
    7.334     0.0011855     0.0012324           1       53312           0
    7.395     0.0012478     0.0013208           1       18496           0
    7.455     0.0015316     0.0011702           1       18496           0
    7.516     0.0010696     0.0011736           1       53312           0
    7.576     0.0011222     0.0014787           1      153664           0
    7.637     0.0015375     0.0005906           1         392           0
    7.697     0.0018356     0.0005797           1         392           0
    7.758     0.0016874     0.0007257           1         392           0
    7.818     0.0017723     0.0007677           1         392           0
    7.879     0.0018108     0.0007374           1         392           0
    7.939     0.0018631     0.0007122           1         392           0
    8.000     0.0020927     0.0006818           1         392           0
    8.060     0.0024750     0.0006424           1         392           0
    8.120     0.0029915     0.0006029           1         392           0
    8.181     0.0038761     0.0005779           1         392           0
    8.241     0.0045018     0.0006016           1         392           0
    8.302     0.0051898     0.0006117           1         392           0
    8.362     0.0058400     0.0004051           2       16796           0
    8.423     0.0058191     0.0003947           2       16796           0
    8.483     0.0057387     0.0003950           2       16792           0
    8.544     0.0058238     0.0004039           2       16776           0
    8.604     0.0058105     0.0004222           2         392           0
    8.665     0.0054001     0.0003922           2         392           0
    8.725     0.0046614     0.0003551           2         392           0
    8.786     0.0042714     0.0003563           2         392           0
    8.846     0.0036968     0.0003623           2         392           0
    8.907     0.0034559     0.0003623           2         392           0
    8.967     0.0029612     0.0003602           2         392           0
    9.028     0.0028257     0.0003841           2         136           0
    9.088     0.0028162     0.0003919           2         136           0
    9.149     0.0029514     0.0003829           2         136           0
    9.209     0.0027949     0.0004112           2         136           0
    9.270     0.0028024     0.0003786           2         136           0
    9.330     0.0033713     0.0003818           2         136           0
    9.391     0.0037540     0.0003981           2         392           0
    9.451     0.0039465     0.0003832           2         392           0
    9.512     0.0038671     0.0003715           2         392           0
    9.572     0.0032146     0.0003587           2         392           0
    9.633     0.0026914     0.0003532           2         392           0
    9.693     0.0023238     0.0003411           2         392           0
    9.754     0.0015294     0.0003056           2       16796           0
    9.814     0.0012330     0.0003435           2       16796           0
    9.875     0.0012809     0.0003451           2         392           0
    9.935     0.0012312     0.0003165           2         392           0
    9.995     0.0012107     0.0003157           2         392           0
   10.056     0.0009892     0.0003188           2         392           0
   10.116     0.0009587     0.0003013           2         392           0
   10.177     0.0010065     0.0002959           2         392           0
   10.237     0.0011677     0.0003099           2         392           0
   10.298     0.0010768     0.0003164           2         392           0
   10.358     0.0008816     0.0003021           2         392           0
   10.419     0.0009173     0.0003361           2         392           0
   10.479     0.0008248     0.0003407           2         392           0
   10.540     0.0010144     0.0003479           2         392           0
   10.600     0.0010089     0.0003454           2         392           0
   10.661     0.0011074     0.0003374           2         392           0
   10.721     0.0009951     0.0003429           2         392           0
   10.782     0.0008348     0.0003518           2         392           0
   10.842     0.0008341     0.0003561           2         392           0
   10.903     0.0009513     0.0003671           2         392           0
   10.963     0.0005715     0.0003740           2         392           0
   11.024     0.0006483     0.0003895           2         392           0
   11.084     0.0009792     0.0003841           2         392           0
   11.145     0.0009428     0.0004133           2         392           0
   11.205     0.0009550     0.0003855           2         392           0
   11.266     0.0010908     0.0004173           2         392           0
   11.326     0.0007822     0.0004082           2         392           0
   11.387     0.0006817     0.0004033           2         412           0
   11.447     0.0007441     0.0004037           2         412           0
   11.508     0.0008456     0.0004428           2         392           0
   11.568     0.0009111     0.0004464           2         392           0
   11.628     0.0010353     0.0004576           2         392           0
   11.689     0.0013613     0.0004391           2         392           0
   11.750     0.0015680     0.0004406           2         392           0
   11.810     0.0015156     0.0004411           2         392           0
   11.870     0.0014848     0.0004314           2         392           0
   11.931     0.0012478     0.0004232           2         392           0
   11.991     0.0014922     0.0004613           2         392           0
   12.052     0.0020858     0.0004657           2         392           0
   12.112     0.0024457     0.0004658           2         392           0
   12.173     0.0028374     0.0004655           2         392           0
   12.233     0.0032998     0.0004897           2         392           0
   12.294     0.0050138     0.0004980           2         392           0
   12.354     0.0071327     0.0004965           2         392           0
   12.415     0.0076258     0.0004731           2         392           0
   12.475     0.0067958     0.0004593           2         392           0
   12.536     0.0053180     0.0004957           2         392           0
   12.596     0.0041838     0.0004649           2         392           0
   12.657     0.0035239     0.0004523           2         392           0
   12.717     0.0033453     0.0004365           2         392           0
   12.778     0.0031075     0.0004562           2         392           0
   12.838     0.0026178     0.0004773           2         392           0
   12.899     0.0024234     0.0004720           2         392           0
   12.959     0.0022710     0.0005239           2         392           0
   13.020     0.0022179     0.0005160           2         392           0
   13.080     0.0023160     0.0005111           2         392           0
   13.141     0.0024047     0.0005371           2         392           0
   13.201     0.0025736     0.0005499           2         392           0
   13.262     0.0024843     0.0005193           2         392           0
   13.322     0.0023499     0.0005844           2         392           0
   13.383     0.0029889     0.0005778           2         392           0
   13.443     0.0029733     0.0006122           2         392           0
   13.503     0.0031059     0.0006325           2         392           0
   13.564     0.0027355     0.0006052           2         392           0
   13.625     0.0028642     0.0006136           2         392           0
   13.685     0.0029815     0.0006418           2         392           0
   13.745     0.0033738     0.0006601           2         392           0
   13.806     0.0034429     0.0006357           2         392           0
   13.866     0.0039277     0.0006595           2         392           0
   13.927     0.0039872     0.0007102           2         392           0
   13.987     0.0044171     0.0007443           2         392           0
   14.048     0.0047412     0.0007796           2         392           0
   14.108     0.0062981     0.0007959           2         392           0
   14.169     0.0049589     0.0007472           2         392           0
   14.239     0.0043363     0.0004482           3        4360           0
   14.323     0.0024600     0.0006137           3        4360           0
   14.408     0.0019254     0.0005543           3        4360           0
   14.493     0.0018107     0.0005555           3        4360           0
   14.577     0.0019109     0.0005849           3        4360           0
   14.662     0.0026185     0.0005000           3        4360           0
   14.747     0.0022340     0.0006422           3        4360           0
   14.832     0.0015446     0.0006782           3        4360           0
   14.916     0.0018680     0.0007036           3        4360           0
   15.001     0.0027462     0.0006808           3        4360           0
   15.085     0.0010207     0.0005535           3        4360           0
   15.170     0.0009718     0.0005966           3        4360           0
   15.255     0.0017080     0.0006402           3        4360           0
   15.340     0.0015456     0.0005793           3        4360           0
   15.424     0.0015146     0.0005269           3        4360           0
   15.509     0.0016015     0.0005010           3        4360           0
   15.594     0.0012134     0.0005220           3        4360           0
   15.678     0.0011755     0.0005416           3        4360           0
   15.763     0.0015857     0.0005143           3        4360           0
   15.848     0.0014890     0.0005824           3        4360           0
   15.932     0.0014034     0.0005588           3        4360           0
   16.017     0.0013673     0.0007898           3        4360           0
   16.102     0.0015642     0.0007252           3        4360           0
   16.186     0.0012959     0.0007243           3        4360           0
   16.271     0.0010576     0.0006392           3        4360           0
   16.356     0.0013916     0.0006961           3        4360           0
   16.440     0.0015556     0.0006971           3        4360           0
   16.525     0.0006618     0.0006473           3        4360           0
   16.610     0.0014111     0.0005933           3        4360           0
   16.694     0.0019741     0.0005807           3        4360           0
   16.779     0.0017666     0.0006540           3        4360           0
   16.864     0.0015622     0.0008527           3        4360           0
   16.948     0.0009472     0.0009152           3        4360           0
   17.033     0.0015114     0.0006511           3        4360           0
   17.118     0.0024020     0.0012738           3        4360           0
   17.202     0.0018383     0.0051614           3        4360           0
   17.287     0.0012620     0.0010106           3        4360           0
   17.372     0.0012452     0.0007784           3        4360           0
   17.456     0.0010670     0.0007256           3        4360           0
   17.541     0.0012505     0.0006834           3        4360           0
   17.626     0.0014285     0.0007957           3        4360           0
   17.711     0.0013667     0.0007489           3        4360           0
   17.795     0.0015383     0.0007064           3        4360           0
   17.880     0.0019005     0.0007410           3        4360           0
   17.965     0.0017353     0.0007822           3        4360           0
   18.049     0.0015495     0.0007863           3        4360           0
   18.134     0.0021198     0.0007373           3        4360           0
   18.219     0.0040865     0.0008604           3        4360           0
   18.303     0.0019965     0.0010136           3        4360           0
   18.388     0.0027417     0.0008458           3        4360           0
   18.472     0.0031082     0.0007924           3        4360           0
   18.557     0.0029217     0.0011175           3        4360           0
   18.642     0.0037740     0.0008459           3        4360           0
   18.727     0.0049015     0.0006846           3        4360           0
   18.811     0.0045917     0.0007474           3        4360           0
   18.896     0.0040658     0.0008605           3        4360           0
   18.981     0.0037114     0.0008079           3        4360           0
   19.065     0.0028242     0.0008752           3        4360           0
   19.150     0.0037083     0.0009408           3        4360           0
   19.235     0.0022976     0.0014252           3    19009600           0
   19.404     0.0038391     0.0022373           3    19009600           0
   19.573     0.0028663     0.0016478           3    19009600           0
   19.743     0.0027074     0.0013828           3    19009600           0
   19.912     0.0022497     0.0014931           3    19009600           0
   20.081     0.0017037     0.0069201           3        4360           0
   20.251     0.0021411     0.0028459           3        4360           0
   20.420     0.0023682     0.0017099           3        4360           0
   20.590     0.0039023     0.0015723           3        4360           0
   20.759     0.0035689     0.0022281           3        4360           0
   20.928     0.0015835     0.0023023           3        4360           0
   21.097     0.0023523     0.0008930           4        4360           0
   21.267     0.0018924     0.0012227           4        4360           0
   21.436     0.0033144     0.0009981           4        4360           0
   21.606     0.0027471     0.0015064           4        4360           0
   21.775     0.0022569     0.0044042           4        4360           0
   21.944     0.0026269     0.0015527           4        4360           0
   22.114     0.0030371     0.0009536           4        4360           0
   22.283     0.0033930     0.0006816           4        4360           0
   22.452     0.0018607     0.0008221           4        4360           0
   22.622     0.0035772     0.0009671           4        4360           0
   22.791     0.0030498     0.0007966           4        4360           0
   22.960     0.0032916     0.0006308           4        4360           0
   23.130     0.0029955     0.0006625           4        4360           0
   23.299     0.0039093     0.0007467           4        4360           0
   23.469     0.0039816     0.0007663           4        4360           0
   23.638     0.0038849     0.0006996           4        4360           0
   23.807     0.0035987     0.0007050           4        4360           0
   23.976     0.0030404     0.0008425           4        4360           0
   24.146     0.0035830     0.0008087           4        4360           0
   24.315     0.0043901     0.0008283           4        4360           0
   24.485     0.0045180     0.0017179           4        4360           0
   24.654     0.0041022     0.0008123           4        4360           0
   24.823     0.0037618     0.0008509           4        4360           0
   24.993     0.0031215     0.0010158           4        4360           0
   25.162     0.0046693     0.0008468           4        4360           0
   25.331     0.0037732     0.0008556           4        4360           0
   25.501     0.0042240     0.0008049           4        4360           0
   25.670     0.0050288     0.0074705           4        4360           0
   25.839     0.0040526     0.0041227           4        4360           0
   26.009     0.0046455     0.0011962           4        4360           0
   26.178     0.0046125     0.0007799           4        4360           0
   26.347     0.0046161     0.0007004           4        4360           0
   26.517     0.0047157     0.0006868           4        4360           0
   26.686     0.0046851     0.0007896           4        4360           0
   26.856     0.0049837     0.0007822           4        4360           0
   27.025     0.0049093     0.0007482           4        4360           0
   27.194     0.0050767     0.0007364           4        4360           0
   27.364     0.0064673     0.0006991           4        4360           0
   27.533     0.0064591     0.0007357           4        4360           0
   27.702     0.0061997     0.0008509           4        4360           0
   27.872     0.0053115     0.0008871           4        4360           0
   28.041     0.0054343     0.0009398           4        4360           0
   28.210     0.0065059     0.0008565           4        4360           0
   28.380     0.0068559     0.0010255           4        4360           0
   28.549     0.0060029     0.0009738           4        4360           0
   28.719     0.0071521     0.0008641           4        4360           0
   28.888     0.0063562     0.0011560           4        4360           0
   29.057     0.0058574     0.0009599           4        4360           0
   29.226     0.0059404     0.0009118           4        4360           0
   29.396     0.0056536     0.0011881           4        4360           0
   29.565     0.0062106     0.0009732           4        4360           0
   29.735     0.0069298     0.0009616           4        4360           0
   29.904     0.0061614     0.0014288           4        4360           0
   30.073     0.0070075     0.0011642           4        4360           0
   30.243     0.0077487     0.0010924           4        4360           0
   30.412     0.0079182     0.0012368           4        4360           0
   30.581     0.0077264     0.0014939           4        4360           0
   30.751     0.0088947     0.0013130           4        4360           0
   30.920     0.0078147     0.0013828           4        4360           0
   31.089     0.0082566     0.0012232           4        4360           0
   31.259     0.0086687     0.0011179           4        4360           0
   31.428     0.0078840     0.0010198           4        4360           0
   31.597     0.0071818     0.0010344           4        4360           0
   31.767     0.0074526     0.0012331           4        4360           0
   31.936     0.0084120     0.0010798           4        4360           0
   32.105     0.0100728     0.0012287           4        4360           0
   32.275     0.0094844     0.0016456           4        4360           0
   32.444     0.0082820     0.0016285           4        4360           0
   32.614     0.0084761     0.0017285           4        4360           0
   32.783     0.0084897     0.0016912           4        4360           0
   32.952     0.0076831     0.0017676           4        4360           0
   33.122     0.0072314     0.0024858           4        4360           0
   33.291     0.0084046     0.0035028           4        4360           0
   33.460     0.0092163     0.0022497           4        4360           0
   33.630     0.0095709     0.0018978           4        4360           0
   33.799     0.0118492     0.0021390           4        4360           0
   33.968     0.0118896     0.0022554           4        4360           0
   34.138     0.0116244     0.0031100           4        4360           0
   34.307     0.0113496     0.0038477           4        4360           0
   34.477     0.0089574     0.0030298           4        4360           0
   34.646     0.0109580     0.0025767           4        4360           0
   34.815     0.0120461     0.0027121           4        4360           0
   34.985     0.0120977     0.0041740           4        4360           0
   35.154     0.0093548     0.0069850           4        4360           0
   35.323     0.0137343     0.0032906           4        4360           0
   35.493     0.0129811     0.0073013           4        4360           0
   35.662     0.0110751     0.0057209           4        4360           0
   35.831     0.0115701     0.0050169           4        4360           0
   36.001     0.0125952     0.0036185           4        4360           0
   36.170     0.0127857     0.0033454           4        4360           0
   36.339     0.0104412     0.0046376           4        4360           0
   36.509     0.0154248     0.0054753           4        4360           0
   36.678     0.0160036     0.0048207           4        4360           0
   36.847     0.0167440     0.0058686           4        4360           0
   37.017     0.0068499     0.0084298           4        4360           0
   37.186     0.0143614     0.0078113           4        4360           0
   37.355     0.0138710     0.0080591           4        4360           0
   37.525     0.0171307     0.0064359           4        4360           0
   37.694     0.0149613     0.0079746           4        4360           0
   37.864     0.0227659     0.0107685           4        4360           0
   38.033     0.0019800     0.0299567           4        4360           0
   38.202     0.0390563     0.0485562           4        4360           0
   38.372     0.0431418     0.0214128           4        4360           0
   38.541     0.0103970     0.0425642           4        4360           0
   38.710     0.0201232     0.0203940           4        4360           0
   38.880    -0.0102398     0.0166581           4        4360           0
   39.049     0.0036323     0.0715382           4        4360           0
   39.218     0.0003709     0.0510213           4        4360           0
   39.388    -0.0024313     0.0349218           4        4360           0
   39.557    -0.0227612     0.0674556           4        4360           0
   39.727    -0.0133724     0.1148605           4        4360           0
   39.896     0.0007332     0.0283919           4        4488           0
   40.065    -0.0002506     0.0105246           4        4488           0
   40.235     0.0016558     0.0055702           4        4488           0
   40.404    -0.0003108     0.0028817           4        4488           0
   40.573    -0.0004226     0.0012118           4        4488           0
   40.743    -0.0000640     0.0004933           4        4508           0
   40.912     0.0002918     0.0003216           4        4488           0
   41.081     0.0001782     0.0003016           4        4488           0
   41.251     0.0000357     0.0002480           4        4488           0
   41.420     0.0000975     0.0003659           4        4488           0
   41.589     0.0048500     0.0002110           4        4488           0
   41.759     0.0083830     0.0002640           4        4488           0
   41.928    -0.0000277     0.0011506           4        4508           0
   42.097    -0.0001367     0.0006969           4        4508           0
   42.267     0.0006297     0.0009486           4        4488           0
