wave flux error channelflag bitflag stitchflag
    5.127     0.0001973     0.0033942           1         392           0
    5.157    -0.0000046     0.0022041           1         136           0
    5.187    -0.0001491     0.0009573           1         136           0
    5.217     0.0003660     0.0005663           1         136           0
    5.247    -0.0000035     0.0006243           1         136           0
    5.278     0.0001213     0.0006924           1         136           0
    5.308    -0.0002719     0.0006264           1         136           0
    5.338    -0.0003511     0.0006436           1         392           0
    5.368    -0.0000032     0.0006199           1         392           0
    5.399    -0.0004074     0.0006067           1       16776           0
    5.429     0.0001840     0.0006247           1       16796           0
    5.459    -0.0000030     0.0005960           1       16796           0
    5.489     0.0001536     0.0005458           1         392           0
    5.520     0.0000571     0.0005190           1         392           0
    5.550    -0.0000709     0.0005306           1         392           0
    5.580    -0.0001590     0.0004777           1         392           0
    5.610     0.0002962     0.0004449           1         392           0
    5.641     0.0002303     0.0004617           1        8468           0
    5.671     0.0003042     0.0004254           1        8468           0
    5.701     0.0000322     0.0004341           1         392           0
    5.731     0.0001130     0.0003773           1         392           0
    5.762     0.0000306     0.0004642           1         412           0
    5.792    -0.0003468     0.0004488           1         412           0
    5.822     0.0000052     0.0004366           1         392           0
    5.852     0.0001909     0.0004642           1         392           0
    5.883     0.0004099     0.0004609           1         392           0
    5.913     0.0000925     0.0004683           1         136           0
    5.943    -0.0002295     0.0004679           1         136           0
    5.973    -0.0001719     0.0004892           1         136           0
    6.004    -0.0000041     0.0004591           1         136           0
    6.034    -0.0000146     0.0004316           1         136           0
    6.064     0.0000333     0.0004457           1         392           0
    6.094     0.0001369     0.0004430           1         392           0
    6.125     0.0000516     0.0004386           1         392           0
    6.155    -0.0001246     0.0004608           1         392           0
    6.185    -0.0000507     0.0004475           1         392           0
    6.215     0.0002211     0.0004530           1         392           0
    6.245    -0.0000884     0.0004545           1         392           0
    6.276     0.0000865     0.0004336           1         392           0
    6.306     0.0001227     0.0004889           1         392           0
    6.336     0.0002033     0.0004321           1         392           0
    6.366     0.0000179     0.0005145           1         392           0
    6.397     0.0000995     0.0005463           1         392           0
    6.427     0.0000639     0.0005662           1         392           0
    6.457     0.0002890     0.0004217           1         392           0
    6.487     0.0000915     0.0006148           1         392           0
    6.518    -0.0003960     0.0005887           1         392           0
    6.548     0.0004115     0.0007473           1         392           0
    6.578     0.0004985     0.0007791           1         392           0
    6.608     0.0002531     0.0007458           1         392           0
    6.639     0.0005060     0.0007741           1         136           0
    6.669     0.0005488     0.0006931           1         136           0
    6.699     0.0006962     0.0006745           1         136           0
    6.729     0.0007589     0.0006873           1         136           0
    6.760     0.0022677     0.0005037           1         136           0
    6.790     0.0017301     0.0006771           1         392           0
    6.820     0.0008114     0.0008049           1         392           0
    6.850     0.0006293     0.0007695           1         392           0
    6.881     0.0005087     0.0008285           1         392           0
    6.911     0.0002484     0.0007909           1         392           0
    6.941    -0.0008483     0.0007638           1         392           0
    6.971     0.0002880     0.0008126           1         392           0
    7.002     0.0008937     0.0007679           1         392           0
    7.032     0.0004714     0.0007764           1         392           0
    7.062     0.0006271     0.0008080           1         392           0
    7.092     0.0001864     0.0007882           1         392           0
    7.122    -0.0000320     0.0008140           1         392           0
    7.153     0.0000422     0.0007676           1         392           0
    7.183     0.0003643     0.0007002           1         392           0
    7.213     0.0002473     0.0007322           1         392           0
    7.243     0.0003180     0.0007523           1         392           0
    7.274     0.0005946     0.0007773           1         392           0
    7.304     0.0006609     0.0007948           1         392           0
    7.334    -0.0002256     0.0010371           1       53312           0
    7.395     0.0004112     0.0011280           1       18496           0
    7.455     0.0001098     0.0009998           1       18496           0
    7.516     0.0002434     0.0010105           1       53312           0
    7.576     0.0004475     0.0013210           1      153664           0
    7.637     0.0003676     0.0005505           1         392           0
    7.697     0.0005706     0.0005691           1         392           0
    7.758     0.0007886     0.0007730           1         392           0
    7.818     0.0007691     0.0007727           1         392           0
    7.879     0.0007197     0.0007399           1         392           0
    7.939     0.0010396     0.0006718           1         392           0
    8.000     0.0015247     0.0006335           1         392           0
    8.060     0.0015636     0.0006162           1         392           0
    8.120     0.0020173     0.0005504           1         392           0
    8.181     0.0020650     0.0005134           1         392           0
    8.241     0.0026998     0.0005183           1         392           0
    8.302     0.0028945     0.0004350           1         392           0
    8.362     0.0035533     0.0002937           2       16796           0
    8.423     0.0028480     0.0002110           2       16796           0
    8.483     0.0033880     0.0002760           2       16792           0
    8.544     0.0025785     0.0002998           2       16776           0
    8.604     0.0023188     0.0003152           2         392           0
    8.665     0.0024903     0.0002737           2         392           0
    8.725     0.0023151     0.0002701           2         392           0
    8.786     0.0023767     0.0002790           2         392           0
    8.846     0.0017369     0.0004118           2         392           0
    8.907     0.0018900     0.0002702           2         392           0
    8.967     0.0012686     0.0004357           2         392           0
    9.028     0.0015156     0.0005420           2         136           0
    9.088     0.0022391     0.0003444           2         136           0
    9.149     0.0026353     0.0003443           2         136           0
    9.209     0.0027712     0.0003152           2         136           0
    9.270     0.0026732     0.0003440           2         136           0
    9.330     0.0023154     0.0003147           2         136           0
    9.391     0.0024336     0.0003275           2         392           0
    9.451     0.0014087     0.0005038           2         392           0
    9.512     0.0017937     0.0004076           2         392           0
    9.572     0.0013548     0.0002715           2         392           0
    9.633     0.0011731     0.0003475           2         392           0
    9.693     0.0013178     0.0003783           2         392           0
    9.754    -0.0013662     0.0004092           2       16796           0
    9.814    -0.0003664     0.0003671           2       16796           0
    9.875     0.0011918     0.0002491           2         392           0
    9.935     0.0008815     0.0003776           2         392           0
    9.995     0.0008960     0.0003759           2         392           0
   10.056     0.0009344     0.0003695           2         392           0
   10.116     0.0008496     0.0003016           2         392           0
   10.177     0.0008956     0.0003108           2         392           0
   10.237     0.0011779     0.0002136           2         392           0
   10.298     0.0011665     0.0002242           2         392           0
   10.358     0.0009289     0.0002997           2         392           0
   10.419     0.0008193     0.0003823           2         392           0
   10.479     0.0011395     0.0003230           2         392           0
   10.540     0.0014307     0.0002371           2         392           0
   10.600     0.0008846     0.0003373           2         392           0
   10.661     0.0005419     0.0003858           2         392           0
   10.721     0.0005233     0.0004233           2         392           0
   10.782     0.0007053     0.0004190           2         392           0
   10.842     0.0008926     0.0003275           2         392           0
   10.903     0.0005080     0.0004487           2         392           0
   10.963     0.0004082     0.0004506           2         392           0
   11.024     0.0002986     0.0004866           2         392           0
   11.084     0.0006650     0.0005259           2         392           0
   11.145     0.0007507     0.0005102           2         392           0
   11.205     0.0007502     0.0005352           2         392           0
   11.266     0.0009505     0.0005768           2         392           0
   11.326     0.0007898     0.0005349           2         392           0
   11.387     0.0005524     0.0005762           2         412           0
   11.447     0.0006696     0.0005736           2         412           0
   11.508     0.0011111     0.0004900           2         392           0
   11.568     0.0011144     0.0005695           2         392           0
   11.628     0.0006229     0.0006035           2         392           0
   11.689     0.0013026     0.0004818           2         392           0
   11.750     0.0013513     0.0004854           2         392           0
   11.810     0.0006524     0.0006038           2         392           0
   11.870     0.0004373     0.0005692           2         392           0
   11.931     0.0017424     0.0004454           2         392           0
   11.991     0.0021497     0.0004799           2         392           0
   12.052     0.0027539     0.0003366           2         392           0
   12.112     0.0035690     0.0002270           2         392           0
   12.173     0.0062279     0.0003338           2         392           0
   12.233     0.0058390     0.0003557           2         392           0
   12.294     0.0048041     0.0003176           2         392           0
   12.354     0.0037652     0.0003324           2         392           0
   12.415     0.0030975     0.0003333           2         392           0
   12.475     0.0025715     0.0003221           2         392           0
   12.536     0.0022316     0.0003213           2         392           0
   12.596     0.0020924     0.0003119           2         392           0
   12.657     0.0022190     0.0003153           2         392           0
   12.717     0.0022149     0.0003157           2         392           0
   12.778     0.0020833     0.0003107           2         392           0
   12.838     0.0020116     0.0003239           2         392           0
   12.899     0.0008631     0.0004390           2         392           0
   12.959     0.0008516     0.0003288           2         392           0
   13.020     0.0013991     0.0005023           2         392           0
   13.080     0.0014073     0.0006173           2         392           0
   13.141     0.0023867     0.0003741           2         392           0
   13.201     0.0018668     0.0003854           2         392           0
   13.262     0.0014571     0.0005456           2         392           0
   13.322     0.0020446     0.0004110           2         392           0
   13.383     0.0016125     0.0005672           2         392           0
   13.443     0.0021198     0.0004370           2         392           0
   13.503     0.0016722     0.0006590           2         392           0
   13.564     0.0016833     0.0006500           2         392           0
   13.625     0.0016448     0.0006642           2         392           0
   13.685     0.0021837     0.0004646           2         392           0
   13.745     0.0003446     0.0005231           2         392           0
   13.806     0.0011353     0.0008892           2         392           0
   13.866     0.0034060     0.0005365           2         392           0
   13.927     0.0037287     0.0005509           2         392           0
   13.985     0.0032854     0.0005778           3        4488           0
   14.069     0.0026725     0.0004837           3        4360           0
   14.154     0.0021959     0.0004417           3        4360           0
   14.239     0.0020587     0.0003963           3        4360           0
   14.323     0.0020897     0.0005304           3        4360           0
   14.408     0.0017958     0.0002812           3        4360           0
   14.493     0.0017580     0.0002860           3        4360           0
   14.577     0.0018745     0.0004029           3        4360           0
   14.662     0.0017307     0.0003657           3        4360           0
   14.747     0.0015921     0.0004838           3        4360           0
   14.832     0.0021424     0.0004019           3        4360           0
   14.916     0.0014478     0.0005783           3        4360           0
   15.001     0.0013743     0.0004789           3        4360           0
   15.085     0.0008116     0.0004576           3        4360           0
   15.170     0.0011887     0.0015686           3        4360           0
   15.255     0.0013739     0.0006737           3        4360           0
   15.340     0.0015152     0.0004302           3        4360           0
   15.424     0.0015113     0.0003576           3        4360           0
   15.509     0.0020124     0.0002693           3        4360           0
   15.594     0.0015061     0.0003536           3        4360           0
   15.678     0.0012360     0.0003811           3        4360           0
   15.763     0.0010192     0.0006322           3        4360           0
   15.848     0.0007941     0.0013349           3        4360           0
   15.932     0.0007712     0.0005797           3        4360           0
   16.017     0.0010064     0.0005980           3        4360           0
   16.102     0.0011505     0.0005275           3        4360           0
   16.186     0.0018976     0.0005377           3        4360           0
   16.271     0.0015618     0.0004486           3        4360           0
   16.356     0.0012109     0.0005207           3        4360           0
   16.440     0.0013943     0.0005286           3        4360           0
   16.525     0.0012685     0.0004459           3        4360           0
   16.610     0.0010039     0.0003956           3        4360           0
   16.694     0.0011116     0.0004075           3        4360           0
   16.779     0.0011976     0.0004965           3        4360           0
   16.864     0.0010990     0.0006305           3        4360           0
   16.948     0.0024774     0.0005974           3        4360           0
   17.033     0.0009964     0.0004081           3        4360           0
   17.118     0.0008172     0.0008106           3        4360           0
   17.202     0.0020403     0.0007290           3        4360           0
   17.287     0.0008931     0.0006073           3        4360           0
   17.372     0.0012463     0.0006167           3        4360           0
   17.456     0.0013312     0.0004948           3        4360           0
   17.541     0.0013179     0.0004277           3        4360           0
   17.626     0.0018890     0.0005030           3        4360           0
   17.711     0.0020768     0.0004953           3        4360           0
   17.795     0.0027932     0.0005268           3        4360           0
   17.880     0.0029811     0.0005322           3        4360           0
   17.965     0.0024830     0.0005712           3        4360           0
   18.049     0.0029154     0.0005922           3        4360           0
   18.134     0.0026934     0.0005963           3        4360           0
   18.219     0.0027236     0.0006757           3        4360           0
   18.303     0.0032088     0.0006343           3        4360           0
   18.388     0.0045490     0.0003640           3        4360           0
   18.472     0.0053167     0.0027084           3        4360           0
   18.557     0.0043703     0.0011442           3        4360           0
   18.642     0.0031777     0.0006145           3        4360           0
   18.727     0.0032112     0.0005787           3        4360           0
   18.811     0.0030578     0.0006053           3        4360           0
   18.896     0.0031978     0.0005932           3        4360           0
   18.981     0.0033801     0.0004727           3        4360           0
   19.065     0.0019288     0.0005762           3        4360           0
   19.150     0.0026305     0.0006219           3        4360           0
   19.235     0.0013009     0.0010163           3    19009600           0
   19.404     0.0023213     0.0021395           3    19009600           0
   19.573     0.0012869     0.0011645           3    19009600           0
   19.743     0.0024208     0.0009736           3    19009600           0
   19.912     0.0016504     0.0010260           3    19009600           0
   20.081     0.0018515     0.0035524           3        4360           0
   20.251     0.0031208     0.0018014           3        4360           0
   20.420     0.0026700     0.0013348           3        4360           0
   20.590     0.0021879     0.0010821           3        4360           0
   20.759     0.0025433     0.0013482           3        4360           0
   20.928     0.0018456     0.0018905           3        4360           0
   21.097     0.0024548     0.0006240           4        4360           0
   21.267     0.0027122     0.0007802           4        4360           0
   21.436     0.0023859     0.0007340           4        4360           0
   21.606     0.0023773     0.0007853           4        4360           0
   21.775     0.0017444     0.0007465           4        4360           0
   21.944     0.0024866     0.0009305           4        4360           0
   22.114     0.0030980     0.0007930           4        4360           0
   22.283     0.0018155     0.0005502           4        4360           0
   22.452     0.0016443     0.0005050           4        4360           0
   22.622     0.0028990     0.0005532           4        4360           0
   22.791     0.0017683     0.0005471           4        4360           0
   22.960     0.0016453     0.0004255           4        4360           0
   23.130     0.0014471     0.0004932           4        4360           0
   23.299     0.0020327     0.0005687           4        4360           0
   23.469     0.0023198     0.0005476           4        4360           0
   23.638     0.0021944     0.0005241           4        4360           0
   23.807     0.0024193     0.0005156           4        4360           0
   23.976     0.0023566     0.0005106           4        4360           0
   24.146     0.0021220     0.0005472           4        4360           0
   24.315     0.0018852     0.0005339           4        4360           0
   24.485     0.0017940     0.0005783           4        4360           0
   24.654     0.0020435     0.0005607           4        4360           0
   24.823     0.0024138     0.0005918           4        4360           0
   24.993     0.0020275     0.0006664           4        4360           0
   25.162     0.0024124     0.0005925           4        4360           0
   25.331     0.0020733     0.0005791           4        4360           0
   25.501     0.0022707     0.0006435           4        4360           0
   25.670     0.0020561     0.0006472           4        4360           0
   25.839     0.0030299     0.0029026           4        4360           0
   26.009     0.0034121     0.0008416           4        4360           0
   26.178     0.0025250     0.0005404           4        4360           0
   26.347     0.0025939     0.0004814           4        4360           0
   26.517     0.0025877     0.0004925           4        4360           0
   26.686     0.0036322     0.0021360           4        4360           0
   26.856     0.0032578     0.0023082           4        4360           0
   27.025     0.0029237     0.0013547           4        4360           0
   27.194     0.0030249     0.0013830           4        4360           0
   27.364     0.0025739     0.0020646           4        4360           0
   27.533     0.0032586     0.0005523           4        4360           0
   27.702     0.0033064     0.0005718           4        4360           0
   27.872     0.0032034     0.0006822           4        4360           0
   28.041     0.0028424     0.0006895           4        4360           0
   28.210     0.0029541     0.0006986           4        4360           0
   28.380     0.0039129     0.0009138           4        4360           0
   28.549     0.0030728     0.0006308           4        4360           0
   28.719     0.0030672     0.0004985           4        4360           0
   28.888     0.0027422     0.0020446           4        4360           0
   29.057     0.0017736     0.0008934           4        4360           0
   29.226     0.0018846     0.0007046           4        4360           0
   29.396     0.0027250     0.0013178           4        4360           0
   29.565     0.0025637     0.0017458           4        4360           0
   29.735     0.0032070     0.0012542           4        4360           0
   29.904     0.0027532     0.0007838           4        4360           0
   30.073     0.0030355     0.0007522           4        4360           0
   30.243     0.0027365     0.0006812           4        4360           0
   30.412     0.0034192     0.0009754           4        4360           0
   30.581     0.0046966     0.0069304           4        4360           0
   30.751     0.0046893     0.0017779           4        4360           0
   30.920     0.0029772     0.0009469           4        4360           0
   31.089     0.0038717     0.0009284           4        4360           0
   31.259     0.0033804     0.0009078           4        4360           0
   31.428     0.0044252     0.0009700           4        4360           0
   31.597     0.0043710     0.0016557           4        4360           0
   31.767     0.0036878     0.0007063           4        4360           0
   31.936     0.0038922     0.0008530           4        4360           0
   32.105     0.0035812     0.0010792           4        4360           0
   32.275     0.0039836     0.0016483           4        4360           0
   32.444     0.0034335     0.0011347           4        4360           0
   32.614     0.0036414     0.0013109           4        4360           0
   32.783     0.0045311     0.0013277           4        4360           0
   32.952     0.0065028     0.0040880           4        4360           0
   33.122     0.0020322     0.0015770           4        4360           0
   33.291     0.0051076     0.0018196           4        4360           0
   33.460     0.0026715     0.0014743           4        4360           0
   33.630     0.0036504     0.0011931           4        4360           0
   33.799     0.0033620     0.0017347           4        4360           0
   33.968     0.0043788     0.0022472           4        4360           0
   34.138     0.0043232     0.0023013           4        4360           0
   34.307     0.0031776     0.0014617           4        4360           0
   34.477     0.0015311     0.0019476           4        4360           0
   34.646     0.0040313     0.0018659           4        4360           0
   34.815     0.0055690     0.0030227           4        4360           0
   34.985     0.0081290     0.0134546           4        4360           0
   35.154     0.0034060     0.0052263           4        4360           0
   35.323     0.0028966     0.0047176           4        4360           0
   35.493     0.0054071     0.0044072           4        4360           0
   35.662     0.0052842     0.0412296           4        4360           0
   35.831     0.0035767     0.0317171           4        4360           0
   36.001     0.0038835     0.0025675           4        4360           0
   36.170     0.0055118     0.0028792           4        4360           0
   36.339     0.0066903     0.0037685           4        4360           0
   36.509     0.0095313     0.0041322           4        4360           0
   36.678     0.0073816     0.0040350           4        4360           0
   36.847     0.0084916     0.0044998           4        4360           0
   37.017     0.0016256     0.0057336           4        4360           0
   37.186     0.0045514     0.0055387           4        4360           0
   37.355     0.0032629     0.0058054           4        4360           0
   37.525     0.0088896     0.0054029           4        4360           0
   37.694     0.0120656     0.0065643           4        4360           0
   37.864     0.0161202     0.0082888           4        4360           0
   38.033     0.0132958     0.0234626           4        4360           0
   38.202     0.0168777     0.0083667           4        4360           0
   38.372     0.0128923     0.0147902           4        4360           0
   38.541     0.0049446     0.0231136           4        4360           0
   38.710     0.0344853     0.0188231           4        4360           0
   38.880     0.0047004     0.0483351           4        4360           0
   39.049    -0.0419802     0.3333997           4        4360           0
   39.218    -0.0031628     0.1419721           4        4360           0
   39.388    -0.0030605     0.0172874           4        4360           0
   39.557     0.0017521     0.0182025           4        4360           0
   39.727    -0.0033734     0.0257141           4        4360           0
   39.896    -0.0037242     0.0319710           4        4488           0
   40.065    -0.0015141     0.0085772           4        4488           0
   40.235    -0.0017775     0.0037380           4        4488           0
   40.404     0.0000706     0.0019962           4        4488           0
   40.573    -0.0002163     0.0007038           4        4488           0
   40.743     0.0002924     0.0004675           4        4508           0
   40.912     0.0017555     0.0002525           4        4488           0
   41.081     0.0009200     0.0001140           4        4488           0
   41.251     0.0000551     0.0003385           4        4488           0
   41.420     0.0000149     0.0003704           4        4488           0
   41.589    -0.0001032     0.0003155           4        4488           0
   41.759    -0.0002522     0.0005230           4        4488           0
   41.928     0.0000139     0.0027140           4        4508           0
   42.097    -0.0000918     0.0005225           4        4508           0
   42.267     0.0008851     0.0007028           4        4488           0
