wave flux error channelflag bitflag stitchflag
    5.127     0.0002683     0.0033317           1         392           0
    5.157     0.0006311     0.0020782           1         136           0
    5.187     0.0003113     0.0009739           1         136           0
    5.217     0.0004781     0.0006535           1         136           0
    5.247     0.0003676     0.0005964           1         136           0
    5.278     0.0001725     0.0005826           1         136           0
    5.308     0.0003923     0.0005518           1         136           0
    5.338     0.0007400     0.0005258           1         392           0
    5.368     0.0005147     0.0005457           1         392           0
    5.399     0.0006441     0.0005220           1       16776           0
    5.429     0.0008386     0.0005765           1       16796           0
    5.459     0.0006409     0.0005221           1       16796           0
    5.489     0.0009145     0.0004923           1         392           0
    5.520     0.0005565     0.0004857           1         392           0
    5.550     0.0004864     0.0004906           1         392           0
    5.580     0.0003819     0.0005222           1         392           0
    5.610     0.0007654     0.0005052           1         392           0
    5.641     0.0005840     0.0005964           1        8468           0
    5.671     0.0005103     0.0004528           1        8468           0
    5.701     0.0004111     0.0004862           1         392           0
    5.731     0.0004723     0.0004518           1         392           0
    5.762     0.0003974     0.0004487           1         412           0
    5.792     0.0003615     0.0004837           1         412           0
    5.822     0.0007637     0.0004638           1         392           0
    5.852     0.0007463     0.0005140           1         392           0
    5.883     0.0005545     0.0005297           1         392           0
    5.913     0.0006934     0.0005349           1         136           0
    5.943     0.0009191     0.0005772           1         136           0
    5.973     0.0009268     0.0004735           1         136           0
    6.004     0.0007799     0.0005262           1         136           0
    6.034     0.0007267     0.0005436           1         136           0
    6.064     0.0007784     0.0005345           1         392           0
    6.094     0.0005023     0.0004945           1         392           0
    6.125     0.0007577     0.0005073           1         392           0
    6.155     0.0006224     0.0005403           1         392           0
    6.185     0.0006946     0.0005044           1         392           0
    6.215     0.0005156     0.0005354           1         392           0
    6.245     0.0008471     0.0005124           1         392           0
    6.276     0.0010846     0.0004834           1         392           0
    6.306     0.0013933     0.0005404           1         392           0
    6.336     0.0016731     0.0005412           1         392           0
    6.366     0.0018425     0.0004689           1         392           0
    6.397     0.0020544     0.0006095           1         392           0
    6.427     0.0031812     0.0005321           1         392           0
    6.457     0.0047966     0.0004899           1         392           0
    6.487     0.0050229     0.0005394           1         392           0
    6.518     0.0044118     0.0005757           1         392           0
    6.548     0.0038197     0.0006555           1         392           0
    6.578     0.0028651     0.0006874           1         392           0
    6.608     0.0026122     0.0006767           1         392           0
    6.639     0.0021649     0.0006495           1         136           0
    6.669     0.0019112     0.0006457           1         136           0
    6.699     0.0018888     0.0006355           1         136           0
    6.729     0.0016428     0.0006470           1         136           0
    6.760     0.0012654     0.0006891           1         136           0
    6.790     0.0008898     0.0007202           1         392           0
    6.820     0.0012041     0.0007334           1         392           0
    6.850     0.0014008     0.0007391           1         392           0
    6.881     0.0013163     0.0008009           1         392           0
    6.911     0.0012291     0.0007908           1         392           0
    6.941     0.0013124     0.0008015           1         392           0
    6.971     0.0012512     0.0007684           1         392           0
    7.002     0.0014105     0.0008857           1         392           0
    7.032     0.0013612     0.0009212           1         392           0
    7.062     0.0012140     0.0008906           1         392           0
    7.092     0.0012297     0.0008277           1         392           0
    7.122     0.0015955     0.0008758           1         392           0
    7.153     0.0016541     0.0007924           1         392           0
    7.183     0.0014315     0.0008124           1         392           0
    7.213     0.0014199     0.0008279           1         392           0
    7.243     0.0017394     0.0009170           1         392           0
    7.274     0.0020191     0.0008788           1         392           0
    7.304     0.0020251     0.0009628           1         392           0
    7.334     0.0018198     0.0011703           1       53312           0
    7.395     0.0017168     0.0013342           1       18496           0
    7.455     0.0018652     0.0011368           1       18496           0
    7.516     0.0018626     0.0011710           1       53312           0
    7.576     0.0025412     0.0015396           1      153664           0
    7.637     0.0029208     0.0005805           1         392           0
    7.697     0.0034149     0.0005584           1         392           0
    7.758     0.0041586     0.0007274           1         392           0
    7.818     0.0053643     0.0007072           1         392           0
    7.879     0.0062727     0.0006857           1         392           0
    7.939     0.0068783     0.0006448           1         392           0
    8.000     0.0065154     0.0006545           1         392           0
    8.060     0.0061959     0.0006411           1         392           0
    8.120     0.0060201     0.0006039           1         392           0
    8.181     0.0060323     0.0006095           1         392           0
    8.241     0.0054417     0.0005496           1         392           0
    8.302     0.0046964     0.0006206           1         392           0
    8.362     0.0042091     0.0003836           2       16796           0
    8.423     0.0037997     0.0004497           2       16796           0
    8.483     0.0032445     0.0004320           2       16792           0
    8.544     0.0028942     0.0004050           2       16776           0
    8.604     0.0031281     0.0004112           2         392           0
    8.665     0.0034375     0.0003791           2         392           0
    8.725     0.0035310     0.0003728           2         392           0
    8.786     0.0036681     0.0003593           2         392           0
    8.846     0.0037460     0.0003541           2         392           0
    8.907     0.0038673     0.0003455           2         392           0
    8.967     0.0043810     0.0004013           2         392           0
    9.028     0.0045133     0.0003813           2         136           0
    9.088     0.0033992     0.0003775           2         136           0
    9.149     0.0028207     0.0003618           2         136           0
    9.209     0.0022952     0.0003857           2         136           0
    9.270     0.0018995     0.0003837           2         136           0
    9.330     0.0014314     0.0004085           2         136           0
    9.391     0.0015853     0.0003758           2         392           0
    9.451     0.0014304     0.0004002           2         392           0
    9.512     0.0014284     0.0003924           2         392           0
    9.572     0.0013255     0.0003781           2         392           0
    9.633     0.0014138     0.0003418           2         392           0
    9.693     0.0010590     0.0003549           2         392           0
    9.754     0.0013193     0.0003513           2       16796           0
    9.814     0.0013480     0.0003405           2       16796           0
    9.875     0.0011336     0.0003439           2         392           0
    9.935     0.0012279     0.0003321           2         392           0
    9.995     0.0012692     0.0003178           2         392           0
   10.056     0.0013153     0.0003167           2         392           0
   10.116     0.0012760     0.0002971           2         392           0
   10.177     0.0011033     0.0003012           2         392           0
   10.237     0.0012095     0.0003063           2         392           0
   10.298     0.0009979     0.0003195           2         392           0
   10.358     0.0010384     0.0003134           2         392           0
   10.419     0.0011195     0.0003264           2         392           0
   10.479     0.0009760     0.0003466           2         392           0
   10.540     0.0011801     0.0003500           2         392           0
   10.600     0.0011318     0.0003431           2         392           0
   10.661     0.0011373     0.0003324           2         392           0
   10.721     0.0011379     0.0003590           2         392           0
   10.782     0.0012184     0.0003708           2         392           0
   10.842     0.0012261     0.0003747           2         392           0
   10.903     0.0015269     0.0003732           2         392           0
   10.963     0.0017258     0.0003840           2         392           0
   11.024     0.0018825     0.0003801           2         392           0
   11.084     0.0017445     0.0003893           2         392           0
   11.145     0.0016858     0.0003909           2         392           0
   11.205     0.0016236     0.0003925           2         392           0
   11.266     0.0017153     0.0004070           2         392           0
   11.326     0.0015854     0.0004020           2         392           0
   11.387     0.0019295     0.0004302           2         412           0
   11.447     0.0022836     0.0004228           2         412           0
   11.508     0.0032501     0.0004505           2         392           0
   11.568     0.0036657     0.0004533           2         392           0
   11.628     0.0049142     0.0004851           2         392           0
   11.689     0.0078504     0.0002938           2         392           0
   11.750     0.0078799     0.0003741           2         392           0
   11.810     0.0072576     0.0003741           2         392           0
   11.870     0.0056915     0.0004321           2         392           0
   11.931     0.0046540     0.0004485           2         392           0
   11.991     0.0035554     0.0004419           2         392           0
   12.052     0.0032827     0.0004547           2         392           0
   12.112     0.0030319     0.0004768           2         392           0
   12.173     0.0025753     0.0004371           2         392           0
   12.233     0.0022096     0.0004499           2         392           0
   12.294     0.0022867     0.0004486           2         392           0
   12.354     0.0024361     0.0004812           2         392           0
   12.415     0.0025593     0.0004547           2         392           0
   12.475     0.0030197     0.0004419           2         392           0
   12.536     0.0032066     0.0004844           2         392           0
   12.596     0.0032984     0.0004282           2         392           0
   12.657     0.0030715     0.0004713           2         392           0
   12.717     0.0026733     0.0004447           2         392           0
   12.778     0.0025552     0.0004677           2         392           0
   12.838     0.0027326     0.0004446           2         392           0
   12.899     0.0031284     0.0004863           2         392           0
   12.959     0.0034187     0.0004967           2         392           0
   13.020     0.0034276     0.0004954           2         392           0
   13.080     0.0036672     0.0005552           2         392           0
   13.141     0.0039320     0.0005739           2         392           0
   13.201     0.0047411     0.0005647           2         392           0
   13.262     0.0048989     0.0005748           2         392           0
   13.322     0.0064431     0.0005922           2         392           0
   13.383     0.0071326     0.0005766           2         392           0
   13.443     0.0048246     0.0005741           2         392           0
   13.503     0.0030285     0.0006316           2         392           0
   13.564     0.0026023     0.0006185           2         392           0
   13.625     0.0027601     0.0006533           2         392           0
   13.685     0.0025839     0.0006423           2         392           0
   13.745     0.0022944     0.0006248           2         392           0
   13.806     0.0022759     0.0006205           2         392           0
   13.866     0.0021171     0.0006566           2         392           0
   13.927     0.0025251     0.0006667           2         392           0
   13.987     0.0024558     0.0007182           2         392           0
   14.048     0.0025617     0.0007319           2         392           0
   14.108     0.0027176     0.0006951           2         392           0
   14.169     0.0026067     0.0007595           2         392           0
   14.229     0.0024323     0.0007957           2         392           0
   14.323     0.0030323     0.0003575           3        4360           0
   14.408     0.0028780     0.0003233           3        4360           0
   14.493     0.0030353     0.0014994           3        4360           0
   14.577     0.0025849     0.0004170           3        4360           0
   14.662     0.0028228     0.0004576           3        4360           0
   14.747     0.0033779     0.0003948           3        4360           0
   14.832     0.0030159     0.0004077           3        4360           0
   14.916     0.0029072     0.0004259           3        4360           0
   15.001     0.0020136     0.0012897           3        4360           0
   15.085     0.0027635     0.0005360           3        4360           0
   15.170     0.0022354     0.0004224           3        4360           0
   15.255     0.0023663     0.0004792           3        4360           0
   15.340     0.0023315     0.0004478           3        4360           0
   15.424     0.0023350     0.0004269           3        4360           0
   15.509     0.0023701     0.0003263           3        4360           0
   15.594     0.0021412     0.0003972           3        4360           0
   15.678     0.0025191     0.0003743           3        4360           0
   15.763     0.0022288     0.0004015           3        4360           0
   15.848     0.0023816     0.0004264           3        4360           0
   15.932     0.0024231     0.0005377           3        4360           0
   16.017     0.0031717     0.0005766           3        4360           0
   16.102     0.0030361     0.0005510           3        4360           0
   16.186     0.0063337     0.0005497           3        4360           0
   16.271     0.0072829     0.0005844           3        4360           0
   16.356     0.0040833     0.0005368           3        4360           0
   16.440     0.0034792     0.0004669           3        4360           0
   16.525     0.0026780     0.0005036           3        4360           0
   16.610     0.0035739     0.0003840           3        4360           0
   16.694     0.0039079     0.0003658           3        4360           0
   16.779     0.0036596     0.0004347           3        4360           0
   16.864     0.0035786     0.0004956           3        4360           0
   16.948     0.0033633     0.0006251           3        4360           0
   17.033     0.0046901     0.0005423           3        4360           0
   17.118     0.0058761     0.0010832           3        4360           0
   17.202     0.0060886     0.0008470           3        4360           0
   17.287     0.0055082     0.0005985           3        4360           0
   17.372     0.0050292     0.0005843           3        4360           0
   17.456     0.0050177     0.0006451           3        4360           0
   17.541     0.0053644     0.0005293           3        4360           0
   17.626     0.0049651     0.0005537           3        4360           0
   17.711     0.0056150     0.0004783           3        4360           0
   17.795     0.0060819     0.0005590           3        4360           0
   17.880     0.0064789     0.0005551           3        4360           0
   17.965     0.0060305     0.0005722           3        4360           0
   18.049     0.0055893     0.0005769           3        4360           0
   18.134     0.0062849     0.0005625           3        4360           0
   18.219     0.0058139     0.0020410           3        4360           0
   18.303     0.0048773     0.0007494           3        4360           0
   18.388     0.0071740     0.0004010           3        4360           0
   18.472     0.0056565     0.0006386           3        4360           0
   18.557     0.0040056     0.0006978           3        4360           0
   18.642     0.0046009     0.0006987           3        4360           0
   18.727     0.0049111     0.0006142           3        4360           0
   18.811     0.0046624     0.0006702           3        4360           0
   18.896     0.0042574     0.0006814           3        4360           0
   18.981     0.0043128     0.0012748           3        4360           0
   19.065     0.0043673     0.0018801           3        4360           0
   19.150     0.0041718     0.0005936           3        4360           0
   19.235     0.0036290     0.0009724           3    19009600           0
   19.404     0.0062972     0.0015496           3    19009600           0
   19.573     0.0046803     0.0009973           3    19009600           0
   19.743     0.0049806     0.0010101           3    19009600           0
   19.912     0.0045203     0.0011950           3    19009600           0
   20.081     0.0046170     0.0039391           3        4360           0
   20.251     0.0043915     0.0019729           3        4360           0
   20.420     0.0056549     0.0039661           3        4360           0
   20.590     0.0044804     0.0012012           3        4360           0
   20.759     0.0048055     0.0014746           3        4360           0
   20.928     0.0041590     0.0017488           3        4360           0
   21.097     0.0046005     0.0006221           4        4360           0
   21.267     0.0038586     0.0007444           4        4360           0
   21.436     0.0050048     0.0007122           4        4360           0
   21.606     0.0048436     0.0007812           4        4360           0
   21.775     0.0055056     0.0007687           4        4360           0
   21.944     0.0063130     0.0009134           4        4360           0
   22.114     0.0054693     0.0008100           4        4360           0
   22.283     0.0055978     0.0005994           4        4360           0
   22.452     0.0055210     0.0006216           4        4360           0
   22.622     0.0059284     0.0008134           4        4360           0
   22.791     0.0060889     0.0007908           4        4360           0
   22.960     0.0057320     0.0028633           4        4360           0
   23.130     0.0063902     0.0003635           4        4360           0
   23.299     0.0061010     0.0005578           4        4360           0
   23.469     0.0066351     0.0005868           4        4360           0
   23.638     0.0065586     0.0005986           4        4360           0
   23.807     0.0057738     0.0017360           4        4360           0
   23.976     0.0060667     0.0019679           4        4360           0
   24.146     0.0068323     0.0004956           4        4360           0
   24.315     0.0068852     0.0006275           4        4360           0
   24.485     0.0068873     0.0005894           4        4360           0
   24.654     0.0073521     0.0006406           4        4360           0
   24.823     0.0075478     0.0006669           4        4360           0
   24.993     0.0075725     0.0008098           4        4360           0
   25.162     0.0077816     0.0008924           4        4360           0
   25.331     0.0071665     0.0006996           4        4360           0
   25.501     0.0072646     0.0007010           4        4360           0
   25.670     0.0075305     0.0011039           4        4360           0
   25.839     0.0071063     0.0025550           4        4360           0
   26.009     0.0075750     0.0008306           4        4360           0
   26.178     0.0075042     0.0005668           4        4360           0
   26.347     0.0080531     0.0005831           4        4360           0
   26.517     0.0079853     0.0005552           4        4360           0
   26.686     0.0091583     0.0005642           4        4360           0
   26.856     0.0099593     0.0005319           4        4360           0
   27.025     0.0101032     0.0014457           4        4360           0
   27.194     0.0104964     0.0031710           4        4360           0
   27.364     0.0101303     0.0006238           4        4360           0
   27.533     0.0086856     0.0004662           4        4360           0
   27.702     0.0093759     0.0006381           4        4360           0
   27.872     0.0092113     0.0006949           4        4360           0
   28.041     0.0096370     0.0007666           4        4360           0
   28.210     0.0102677     0.0008763           4        4360           0
   28.380     0.0093640     0.0007751           4        4360           0
   28.549     0.0092546     0.0007149           4        4360           0
   28.719     0.0097260     0.0006372           4        4360           0
   28.888     0.0099076     0.0006466           4        4360           0
   29.057     0.0098430     0.0007090           4        4360           0
   29.226     0.0108072     0.0007077           4        4360           0
   29.396     0.0125242     0.0008209           4        4360           0
   29.565     0.0132408     0.0009464           4        4360           0
   29.735     0.0119431     0.0007480           4        4360           0
   29.904     0.0107379     0.0008737           4        4360           0
   30.073     0.0112048     0.0008759           4        4360           0
   30.243     0.0122027     0.0025567           4        4360           0
   30.412     0.0121154     0.0066381           4        4360           0
   30.581     0.0130986     0.0141350           4        4360           0
   30.751     0.0118402     0.0011227           4        4360           0
   30.920     0.0119100     0.0009747           4        4360           0
   31.089     0.0124538     0.0008884           4        4360           0
   31.259     0.0122228     0.0008761           4        4360           0
   31.428     0.0120414     0.0008119           4        4360           0
   31.597     0.0121685     0.0008645           4        4360           0
   31.767     0.0127214     0.0008448           4        4360           0
   31.936     0.0139193     0.0007438           4        4360           0
   32.105     0.0151286     0.0006918           4        4360           0
   32.275     0.0151163     0.0010399           4        4360           0
   32.444     0.0130312     0.0012602           4        4360           0
   32.614     0.0130596     0.0025971           4        4360           0
   32.783     0.0137949     0.0013291           4        4360           0
   32.952     0.0145993     0.0012027           4        4360           0
   33.122     0.0152970     0.0012918           4        4360           0
   33.291     0.0146953     0.0014561           4        4360           0
   33.460     0.0156934     0.0012239           4        4360           0
   33.630     0.0213732     0.0010786           4        4360           0
   33.799     0.0149884     0.0016881           4        4360           0
   33.968     0.0131175     0.0018530           4        4360           0
   34.138     0.0154504     0.0022288           4        4360           0
   34.307     0.0177311     0.0022017           4        4360           0
   34.477     0.0191279     0.0017195           4        4360           0
   34.646     0.0176365     0.0018719           4        4360           0
   34.815     0.0211598     0.0030109           4        4360           0
   34.985     0.0303904     0.0128049           4        4360           0
   35.154     0.0249580     0.0039434           4        4360           0
   35.323     0.0201001     0.0051009           4        4360           0
   35.493     0.0165272     0.0232288           4        4360           0
   35.662     0.0155000     0.0071417           4        4360           0
   35.831     0.0169570     0.0027448           4        4360           0
   36.001     0.0177884     0.0028005           4        4360           0
   36.170     0.0209972     0.0052090           4        4360           0
   36.339     0.0250358     0.0097318           4        4360           0
   36.509     0.0379818     0.0055558           4        4360           0
   36.678     0.0237071     0.0058998           4        4360           0
   36.847     0.0224335     0.0033430           4        4360           0
   37.017     0.0168261     0.0050545           4        4360           0
   37.186     0.0214550     0.0102018           4        4360           0
   37.355     0.0201087     0.0096943           4        4360           0
   37.525     0.0180854     0.0059880           4        4360           0
   37.694     0.0230569     0.0061008           4        4360           0
   37.864     0.0353551     0.0071002           4        4360           0
   38.033     0.0342566     0.0258946           4        4360           0
   38.202     0.0123825     0.0098571           4        4360           0
   38.372     0.0130815     0.0100991           4        4360           0
   38.541     0.0113277     0.0334789           4        4360           0
   38.710     0.0142459     0.0137657           4        4360           0
   38.880     0.0225446     0.0168549           4        4360           0
   39.049     0.0074684     0.0455077           4        4360           0
   39.218     0.0158427     0.0100388           4        4360           0
   39.388     0.0083071     0.0122408           4        4360           0
   39.557     0.0108229     0.0449073           4        4360           0
   39.727     0.0209262     0.0807637           4        4360           0
   39.896     0.0115749     0.0351997           4        4488           0
   40.065     0.0099284     0.0085980           4        4488           0
   40.235     0.0028266     0.0067273           4        4488           0
   40.404     0.0018683     0.0025260           4        4488           0
   40.573     0.0004966     0.0012894           4        4488           0
   40.743     0.0004313     0.0006223           4        4508           0
   40.912     0.0003698     0.0002651           4        4488           0
   41.081     0.0000111     0.0001961           4        4488           0
   41.251    -0.0000098     0.0001483           4        4488           0
   41.420     0.0000432     0.0002339           4        4488           0
   41.589    -0.0001623     0.0002328           4        4488           0
   41.759     0.0007691     0.0003318           4        4488           0
   41.928     0.0008041     0.0008984           4        4508           0
   42.097     0.0005737     0.0005728           4        4508           0
   42.267     0.0008330     0.0007093           4        4488           0
