wave flux error channelflag bitflag stitchflag
    5.127    -0.0000163     0.0034206           1         392           0
    5.157    -0.0001645     0.0019321           1         136           0
    5.187    -0.0003744     0.0008992           1         136           0
    5.217     0.0001487     0.0005711           1         136           0
    5.247     0.0002263     0.0005728           1         136           0
    5.278     0.0002360     0.0005614           1         136           0
    5.308     0.0000778     0.0005734           1         136           0
    5.338     0.0003293     0.0005669           1         392           0
    5.368     0.0003285     0.0005085           1         392           0
    5.399     0.0001461     0.0005615           1       16776           0
    5.429     0.0001195     0.0005693           1       16796           0
    5.459     0.0003672     0.0005432           1       16796           0
    5.489     0.0003609     0.0005042           1         392           0
    5.520     0.0005016     0.0004965           1         392           0
    5.550     0.0001940     0.0004379           1         392           0
    5.580     0.0002806     0.0004936           1         392           0
    5.610     0.0004958     0.0004901           1         392           0
    5.641     0.0002312     0.0004477           1        8468           0
    5.671     0.0004032     0.0004725           1        8468           0
    5.701     0.0003008     0.0004686           1         392           0
    5.731     0.0003359     0.0004532           1         392           0
    5.762     0.0000965     0.0004869           1         412           0
    5.792     0.0001885     0.0005178           1         412           0
    5.822     0.0001483     0.0004727           1         392           0
    5.852     0.0001742     0.0005283           1         392           0
    5.883     0.0002279     0.0005596           1         392           0
    5.913     0.0003786     0.0005188           1         136           0
    5.943     0.0000946     0.0005069           1         136           0
    5.973     0.0002092     0.0005181           1         136           0
    6.004     0.0003782     0.0005288           1         136           0
    6.034     0.0003287     0.0005070           1         136           0
    6.064     0.0002189     0.0004604           1         392           0
    6.094     0.0004650     0.0004832           1         392           0
    6.125     0.0003097     0.0005059           1         392           0
    6.155     0.0002498     0.0004962           1         392           0
    6.185     0.0005170     0.0005052           1         392           0
    6.215     0.0007272     0.0005227           1         392           0
    6.245     0.0003915     0.0005029           1         392           0
    6.276     0.0002938     0.0005107           1         392           0
    6.306     0.0002894     0.0005495           1         392           0
    6.336     0.0001756     0.0005872           1         392           0
    6.366     0.0001132     0.0005785           1         392           0
    6.397    -0.0000869     0.0005851           1         392           0
    6.427     0.0001274     0.0005429           1         392           0
    6.457     0.0007021     0.0005200           1         392           0
    6.487     0.0006055     0.0005209           1         392           0
    6.518     0.0006226     0.0005695           1         392           0
    6.548     0.0006080     0.0006556           1         392           0
    6.578     0.0009517     0.0007252           1         392           0
    6.608     0.0013322     0.0007300           1         392           0
    6.639     0.0017942     0.0006403           1         136           0
    6.669     0.0022211     0.0006744           1         136           0
    6.699     0.0022994     0.0006275           1         136           0
    6.729     0.0020253     0.0006316           1         136           0
    6.760     0.0016206     0.0006540           1         136           0
    6.790     0.0011799     0.0007090           1         392           0
    6.820     0.0016120     0.0007411           1         392           0
    6.850     0.0008791     0.0007681           1         392           0
    6.881     0.0007706     0.0008160           1         392           0
    6.911     0.0007746     0.0007617           1         392           0
    6.941     0.0006795     0.0007769           1         392           0
    6.971     0.0008899     0.0008337           1         392           0
    7.002     0.0004817     0.0009015           1         392           0
    7.032     0.0002105     0.0009349           1         392           0
    7.062     0.0006843     0.0008472           1         392           0
    7.092     0.0003057     0.0008053           1         392           0
    7.122     0.0005337     0.0007990           1         392           0
    7.153     0.0002088     0.0007928           1         392           0
    7.183     0.0004684     0.0008036           1         392           0
    7.213     0.0003431     0.0007757           1         392           0
    7.243     0.0006067     0.0008787           1         392           0
    7.274     0.0009163     0.0008761           1         392           0
    7.304     0.0006202     0.0009177           1         392           0
    7.334     0.0010118     0.0012001           1       53312           0
    7.395     0.0006520     0.0013281           1       18496           0
    7.455     0.0009045     0.0011207           1       18496           0
    7.516     0.0009646     0.0012005           1       53312           0
    7.576     0.0011079     0.0015099           1      153664           0
    7.637     0.0008701     0.0005746           1         392           0
    7.697     0.0008491     0.0005700           1         392           0
    7.758     0.0010136     0.0007055           1         392           0
    7.818     0.0014539     0.0006411           1         392           0
    7.879     0.0018512     0.0006399           1         392           0
    7.939     0.0017434     0.0006739           1         392           0
    8.000     0.0025922     0.0005583           1         392           0
    8.060     0.0033511     0.0004725           1         392           0
    8.120     0.0037837     0.0004485           1         392           0
    8.181     0.0039623     0.0004676           1         392           0
    8.241     0.0039553     0.0004483           1         392           0
    8.302     0.0038968     0.0004574           1         392           0
    8.362     0.0038740     0.0002638           2       16796           0
    8.423     0.0033453     0.0002617           2       16796           0
    8.483     0.0030199     0.0002677           2       16792           0
    8.544     0.0029980     0.0002436           2       16776           0
    8.604     0.0023944     0.0002796           2         392           0
    8.665     0.0018996     0.0003177           2         392           0
    8.725     0.0018035     0.0003238           2         392           0
    8.786     0.0020238     0.0002329           2         392           0
    8.846     0.0016893     0.0002737           2         392           0
    8.907     0.0017132     0.0003297           2         392           0
    8.967     0.0018420     0.0003351           2         392           0
    9.028     0.0016275     0.0003970           2         136           0
    9.088     0.0020835     0.0003874           2         136           0
    9.149     0.0021580     0.0003433           2         136           0
    9.209     0.0020541     0.0003508           2         136           0
    9.270     0.0021055     0.0003416           2         136           0
    9.330     0.0020452     0.0003707           2         136           0
    9.391     0.0016617     0.0003643           2         392           0
    9.451     0.0011381     0.0003917           2         392           0
    9.512     0.0010887     0.0003275           2         392           0
    9.572     0.0010219     0.0003186           2         392           0
    9.633     0.0010942     0.0003063           2         392           0
    9.693     0.0006135     0.0003740           2         392           0
    9.754     0.0005183     0.0004184           2       16796           0
    9.814     0.0003778     0.0003343           2       16796           0
    9.875     0.0003888     0.0003469           2         392           0
    9.935     0.0006007     0.0003172           2         392           0
    9.995     0.0009243     0.0002653           2         392           0
   10.056     0.0009160     0.0002605           2         392           0
   10.116     0.0008731     0.0002808           2         392           0
   10.177     0.0004824     0.0002941           2         392           0
   10.237     0.0005052     0.0002829           2         392           0
   10.298     0.0005404     0.0003060           2         392           0
   10.358     0.0006764     0.0003006           2         392           0
   10.419     0.0005767     0.0003073           2         392           0
   10.479     0.0005333     0.0003164           2         392           0
   10.540     0.0007974     0.0002801           2         392           0
   10.600     0.0005495     0.0003422           2         392           0
   10.661     0.0008517     0.0002945           2         392           0
   10.721     0.0007740     0.0002923           2         392           0
   10.782     0.0003496     0.0003299           2         392           0
   10.842     0.0003557     0.0003399           2         392           0
   10.903     0.0005856     0.0003611           2         392           0
   10.963     0.0005200     0.0003835           2         392           0
   11.024     0.0004510     0.0003790           2         392           0
   11.084     0.0006325     0.0004057           2         392           0
   11.145     0.0006802     0.0003901           2         392           0
   11.205     0.0007678     0.0004143           2         392           0
   11.266     0.0007035     0.0004080           2         392           0
   11.326     0.0008402     0.0004311           2         392           0
   11.387     0.0009280     0.0003546           2         412           0
   11.447     0.0008297     0.0004260           2         412           0
   11.508     0.0010729     0.0004062           2         392           0
   11.568     0.0009926     0.0003659           2         392           0
   11.628     0.0012940     0.0003990           2         392           0
   11.689     0.0012192     0.0004827           2         392           0
   11.750     0.0009094     0.0004676           2         392           0
   11.810     0.0014235     0.0003989           2         392           0
   11.870     0.0018854     0.0003945           2         392           0
   11.931     0.0024346     0.0003767           2         392           0
   11.991     0.0034931     0.0003762           2         392           0
   12.052     0.0046552     0.0004046           2         392           0
   12.112     0.0047652     0.0004260           2         392           0
   12.173     0.0038298     0.0004046           2         392           0
   12.233     0.0030192     0.0004263           2         392           0
   12.294     0.0024467     0.0004264           2         392           0
   12.354     0.0022193     0.0004261           2         392           0
   12.415     0.0015980     0.0003989           2         392           0
   12.475     0.0013837     0.0004010           2         392           0
   12.536     0.0010447     0.0004522           2         392           0
   12.596     0.0017533     0.0003605           2         392           0
   12.657     0.0016737     0.0003817           2         392           0
   12.717     0.0018505     0.0003937           2         392           0
   12.778     0.0020144     0.0003844           2         392           0
   12.838     0.0021386     0.0003891           2         392           0
   12.899     0.0014244     0.0004888           2         392           0
   12.959     0.0013927     0.0004652           2         392           0
   13.020     0.0017704     0.0004070           2         392           0
   13.080     0.0018064     0.0004376           2         392           0
   13.141     0.0017646     0.0004464           2         392           0
   13.201     0.0022507     0.0004705           2         392           0
   13.262     0.0020852     0.0004719           2         392           0
   13.322     0.0018349     0.0004975           2         392           0
   13.383     0.0018358     0.0005055           2         392           0
   13.443     0.0024402     0.0004937           2         392           0
   13.503     0.0024859     0.0005087           2         392           0
   13.564     0.0028211     0.0005219           2         392           0
   13.625     0.0031989     0.0005636           2         392           0
   13.685     0.0031301     0.0005506           2         392           0
   13.745     0.0034487     0.0005645           2         392           0
   13.806     0.0037216     0.0006127           2         392           0
   13.866     0.0015527     0.0006763           2         392           0
   13.927     0.0015817     0.0007051           2         392           0
   13.985     0.0029615     0.0005853           3        4488           0
   14.069     0.0020901     0.0004880           3        4360           0
   14.154     0.0018658     0.0004657           3        4360           0
   14.239     0.0021880     0.0003914           3        4360           0
   14.323     0.0018600     0.0004316           3        4360           0
   14.408     0.0016940     0.0004260           3        4360           0
   14.493     0.0021318     0.0003417           3        4360           0
   14.577     0.0020226     0.0003590           3        4360           0
   14.662     0.0025493     0.0004348           3        4360           0
   14.747     0.0018147     0.0004759           3        4360           0
   14.832     0.0017148     0.0004564           3        4360           0
   14.916     0.0020615     0.0005194           3        4360           0
   15.001     0.0018344     0.0004871           3        4360           0
   15.085     0.0016736     0.0004478           3        4360           0
   15.170     0.0017775     0.0004410           3        4360           0
   15.255     0.0019821     0.0004672           3        4360           0
   15.340     0.0016337     0.0004389           3        4360           0
   15.424     0.0016105     0.0003947           3        4360           0
   15.509     0.0018775     0.0003676           3        4360           0
   15.594     0.0017066     0.0003967           3        4360           0
   15.678     0.0012394     0.0004001           3        4360           0
   15.763     0.0014583     0.0003243           3        4360           0
   15.848     0.0012884     0.0004110           3        4360           0
   15.932     0.0017100     0.0005103           3        4360           0
   16.017     0.0010072     0.0005400           3        4360           0
   16.102     0.0020252     0.0005423           3        4360           0
   16.186     0.0025754     0.0004863           3        4360           0
   16.271     0.0015479     0.0005160           3        4360           0
   16.356     0.0015681     0.0005274           3        4360           0
   16.440     0.0013550     0.0005202           3        4360           0
   16.525     0.0015931     0.0004580           3        4360           0
   16.610     0.0012911     0.0004266           3        4360           0
   16.694     0.0021192     0.0003609           3        4360           0
   16.779     0.0021285     0.0004311           3        4360           0
   16.864     0.0012776     0.0005130           3        4360           0
   16.948     0.0011304     0.0006471           3        4360           0
   17.033     0.0016048     0.0005328           3        4360           0
   17.118     0.0017374     0.0012793           3        4360           0
   17.202     0.0033195     0.0007717           3        4360           0
   17.287     0.0017738     0.0005873           3        4360           0
   17.372     0.0020987     0.0005689           3        4360           0
   17.456     0.0024461     0.0005783           3        4360           0
   17.541     0.0029742     0.0005482           3        4360           0
   17.626     0.0042660     0.0004570           3        4360           0
   17.711     0.0036028     0.0005382           3        4360           0
   17.795     0.0029786     0.0005552           3        4360           0
   17.880     0.0030827     0.0005153           3        4360           0
   17.965     0.0032564     0.0005813           3        4360           0
   18.049     0.0036075     0.0005822           3        4360           0
   18.134     0.0041876     0.0005729           3        4360           0
   18.219     0.0036545     0.0006285           3        4360           0
   18.303     0.0042372     0.0007392           3        4360           0
   18.388     0.0043515     0.0006782           3        4360           0
   18.472     0.0033708     0.0006950           3        4360           0
   18.557     0.0036752     0.0007263           3        4360           0
   18.642     0.0043458     0.0004274           3        4360           0
   18.727     0.0040499     0.0005151           3        4360           0
   18.811     0.0037194     0.0006221           3        4360           0
   18.896     0.0034690     0.0006184           3        4360           0
   18.981     0.0032627     0.0005878           3        4360           0
   19.065     0.0030180     0.0006246           3        4360           0
   19.150     0.0028273     0.0007087           3        4360           0
   19.235     0.0018284     0.0009782           3    19009600           0
   19.404     0.0021298     0.0015581           3    19009600           0
   19.573     0.0033801     0.0011777           3    19009600           0
   19.743     0.0030575     0.0009692           3    19009600           0
   19.912     0.0030094     0.0040848           3        4360           0
   20.081     0.0039096     0.0039934           3        4360           0
   20.251     0.0034927     0.0017253           3        4360           0
   20.420     0.0031244     0.0013682           3        4360           0
   20.590     0.0035865     0.0011974           3        4360           0
   20.759     0.0040684     0.0014584           3        4360           0
   20.928     0.0036899     0.0017652           3        4360           0
   21.097     0.0034132     0.0018291           4        4360           0
   21.267     0.0029670     0.0035485           4        4360           0
   21.436     0.0029492     0.0009909           4        4360           0
   21.606     0.0032329     0.0008089           4        4360           0
   21.775     0.0037503     0.0007581           4        4360           0
   21.944     0.0060882     0.0007724           4        4360           0
   22.114     0.0034130     0.0007377           4        4360           0
   22.283     0.0034398     0.0005279           4        4360           0
   22.452     0.0032583     0.0006864           4        4360           0
   22.622     0.0029829     0.0006535           4        4360           0
   22.791     0.0035201     0.0005915           4        4360           0
   22.960     0.0034273     0.0004633           4        4360           0
   23.130     0.0034326     0.0005704           4        4360           0
   23.299     0.0037870     0.0005744           4        4360           0
   23.469     0.0038614     0.0005720           4        4360           0
   23.638     0.0035385     0.0005902           4        4360           0
   23.807     0.0034711     0.0005406           4        4360           0
   23.976     0.0038425     0.0005019           4        4360           0
   24.146     0.0041837     0.0005998           4        4360           0
   24.315     0.0046791     0.0005735           4        4360           0
   24.485     0.0046364     0.0005962           4        4360           0
   24.654     0.0047955     0.0006149           4        4360           0
   24.823     0.0049774     0.0006313           4        4360           0
   24.993     0.0046706     0.0007363           4        4360           0
   25.162     0.0046467     0.0006078           4        4360           0
   25.331     0.0042878     0.0006141           4        4360           0
   25.501     0.0037381     0.0006429           4        4360           0
   25.670     0.0045702     0.0006979           4        4360           0
   25.839     0.0037138     0.0035229           4        4360           0
   26.009     0.0043619     0.0008086           4        4360           0
   26.178     0.0044192     0.0004988           4        4360           0
   26.347     0.0045763     0.0004608           4        4360           0
   26.517     0.0047615     0.0005246           4        4360           0
   26.686     0.0047899     0.0005776           4        4360           0
   26.856     0.0046013     0.0005686           4        4360           0
   27.025     0.0047709     0.0005706           4        4360           0
   27.194     0.0047629     0.0005916           4        4360           0
   27.364     0.0053397     0.0005599           4        4360           0
   27.533     0.0051360     0.0005561           4        4360           0
   27.702     0.0054095     0.0006196           4        4360           0
   27.872     0.0050698     0.0005487           4        4360           0
   28.041     0.0052795     0.0007642           4        4360           0
   28.210     0.0062506     0.0033278           4        4360           0
   28.380     0.0059625     0.0022999           4        4360           0
   28.549     0.0057869     0.0006088           4        4360           0
   28.719     0.0047900     0.0014793           4        4360           0
   28.888     0.0050716     0.0010707           4        4360           0
   29.057     0.0051521     0.0007524           4        4360           0
   29.226     0.0044569     0.0007626           4        4360           0
   29.396     0.0055903     0.0009909           4        4360           0
   29.565     0.0065110     0.0021133           4        4360           0
   29.735     0.0056618     0.0018740           4        4360           0
   29.904     0.0054924     0.0008727           4        4360           0
   30.073     0.0060532     0.0006844           4        4360           0
   30.243     0.0064767     0.0007041           4        4360           0
   30.412     0.0064793     0.0008904           4        4360           0
   30.581     0.0063173     0.0011384           4        4360           0
   30.751     0.0055863     0.0009573           4        4360           0
   30.920     0.0055453     0.0030384           4        4360           0
   31.089     0.0068685     0.0023912           4        4360           0
   31.259     0.0065639     0.0011132           4        4360           0
   31.428     0.0064607     0.0023939           4        4360           0
   31.597     0.0062367     0.0010098           4        4360           0
   31.767     0.0064953     0.0008000           4        4360           0
   31.936     0.0066835     0.0008197           4        4360           0
   32.105     0.0070164     0.0009253           4        4360           0
   32.275     0.0069833     0.0011433           4        4360           0
   32.444     0.0074227     0.0010078           4        4360           0
   32.614     0.0066921     0.0013144           4        4360           0
   32.783     0.0074109     0.0012781           4        4360           0
   32.952     0.0079321     0.0014333           4        4360           0
   33.122     0.0075026     0.0013009           4        4360           0
   33.291     0.0077398     0.0015318           4        4360           0
   33.460     0.0084720     0.0014344           4        4360           0
   33.630     0.0076053     0.0015477           4        4360           0
   33.799     0.0083641     0.0017085           4        4360           0
   33.968     0.0080645     0.0018865           4        4360           0
   34.138     0.0083239     0.0023317           4        4360           0
   34.307     0.0077215     0.0023686           4        4360           0
   34.477     0.0091380     0.0019320           4        4360           0
   34.646     0.0078269     0.0019416           4        4360           0
   34.815     0.0084628     0.0029113           4        4360           0
   34.985     0.0084508     0.0118258           4        4360           0
   35.154     0.0069407     0.0045048           4        4360           0
   35.323     0.0101563     0.0068911           4        4360           0
   35.493     0.0124110     0.0040592           4        4360           0
   35.662     0.0119366     0.0023949           4        4360           0
   35.831     0.0135026     0.0023359           4        4360           0
   36.001     0.0129848     0.0027601           4        4360           0
   36.170     0.0110945     0.0037394           4        4360           0
   36.339     0.0080147     0.0027302           4        4360           0
   36.509     0.0108792     0.0029793           4        4360           0
   36.678     0.0059740     0.0045948           4        4360           0
   36.847     0.0097815     0.0039876           4        4360           0
   37.017     0.0076387     0.0047340           4        4360           0
   37.186     0.0136686     0.0070248           4        4360           0
   37.355     0.0193693     0.0048794           4        4360           0
   37.525     0.0204316     0.0043051           4        4360           0
   37.694     0.0127424     0.0064190           4        4360           0
   37.864     0.0163542     0.0081574           4        4360           0
   38.033     0.0264130     0.0158041           4        4360           0
   38.202     0.0131027     0.0236992           4        4360           0
   38.372     0.0062546     0.0169785           4        4360           0
   38.541     0.0105361     0.0113869           4        4360           0
   38.710     0.0017851     0.0167280           4        4360           0
   38.880     0.0011165     0.0164203           4        4360           0
   39.049     0.0115881     0.0578517           4        4360           0
   39.218     0.0102102     0.0268990           4        4360           0
   39.388    -0.0002048     0.0100951           4        4360           0
   39.557     0.0088946     0.0455724           4        4360           0
   39.727     0.0078381     0.0814922           4        4360           0
   39.896     0.0026914     0.0321815           4        4488           0
   40.065     0.0001316     0.0091198           4        4488           0
   40.235     0.0009964     0.0063130           4        4488           0
   40.404     0.0027862     0.0022433           4        4488           0
   40.573     0.0003401     0.0008415           4        4488           0
   40.743     0.0004506     0.0002592           4        4508           0
   40.912     0.0001624     0.0001083           4        4488           0
   41.081    -0.0000103     0.0000980           4        4488           0
   41.251     0.0000213     0.0001038           4        4488           0
   41.420     0.0000314     0.0002412           4        4488           0
   41.589     0.0002274     0.0003307           4        4488           0
   41.759     0.0004873     0.0002639           4        4488           0
   41.928     0.0000708     0.0008791           4        4508           0
   42.097     0.0001140     0.0006170           4        4508           0
   42.267     0.0008662     0.0007033           4        4488           0
