wave flux error channelflag bitflag stitchflag
    5.127     0.0007469     0.0030533           1         392           0
    5.157     0.0010138     0.0039296           1         136           0
    5.187     0.0000898     0.0009353           1         136           0
    5.217     0.0004766     0.0006156           1         136           0
    5.247     0.0002633     0.0005734           1         136           0
    5.278     0.0005839     0.0005870           1         136           0
    5.308     0.0005780     0.0005946           1         136           0
    5.338     0.0004064     0.0005165           1         392           0
    5.368     0.0001619     0.0005598           1         392           0
    5.399     0.0003210     0.0005645           1       16776           0
    5.429     0.0004338     0.0005377           1       16796           0
    5.459     0.0003949     0.0004575           1       16796           0
    5.489     0.0004930     0.0004640           1         392           0
    5.520     0.0003150     0.0004383           1         392           0
    5.550     0.0003809     0.0004972           1         392           0
    5.580     0.0005755     0.0004549           1         392           0
    5.610     0.0003839     0.0004345           1         392           0
    5.641     0.0003822     0.0003749           1        8468           0
    5.671     0.0004246     0.0004699           1        8468           0
    5.701     0.0004200     0.0004946           1         392           0
    5.731     0.0006103     0.0004548           1         392           0
    5.762     0.0005565     0.0004289           1         412           0
    5.792     0.0007547     0.0004996           1         412           0
    5.822     0.0005564     0.0004769           1         392           0
    5.852     0.0003137     0.0005028           1         392           0
    5.883     0.0002771     0.0005287           1         392           0
    5.913     0.0003761     0.0004839           1         136           0
    5.943     0.0004120     0.0005049           1         136           0
    5.973     0.0005180     0.0004745           1         136           0
    6.004     0.0005809     0.0004747           1         136           0
    6.034     0.0003365     0.0004881           1         136           0
    6.064     0.0002263     0.0005148           1         392           0
    6.094     0.0004365     0.0005190           1         392           0
    6.125     0.0007163     0.0005186           1         392           0
    6.155     0.0006748     0.0005120           1         392           0
    6.185     0.0009277     0.0005055           1         392           0
    6.215     0.0008524     0.0005164           1         392           0
    6.245     0.0006411     0.0005203           1         392           0
    6.276     0.0005756     0.0005124           1         392           0
    6.306     0.0005214     0.0005221           1         392           0
    6.336     0.0005814     0.0005419           1         392           0
    6.366     0.0006825     0.0005858           1         392           0
    6.397     0.0003528     0.0005738           1         392           0
    6.427     0.0000754     0.0005788           1         392           0
    6.457     0.0003366     0.0005409           1         392           0
    6.487     0.0003734     0.0005539           1         392           0
    6.518     0.0004286     0.0006170           1         392           0
    6.548     0.0005373     0.0006744           1         392           0
    6.578     0.0005517     0.0006721           1         392           0
    6.608     0.0006439     0.0006855           1         392           0
    6.639     0.0005005     0.0006483           1         136           0
    6.669     0.0003609     0.0006400           1         136           0
    6.699     0.0008734     0.0006133           1         136           0
    6.729     0.0008160     0.0006808           1         136           0
    6.760     0.0008510     0.0006875           1         136           0
    6.790     0.0007114     0.0006372           1         392           0
    6.820     0.0008598     0.0007021           1         392           0
    6.850     0.0008011     0.0007514           1         392           0
    6.881     0.0009275     0.0007534           1         392           0
    6.911     0.0005179     0.0007280           1         392           0
    6.941     0.0005606     0.0007680           1         392           0
    6.971     0.0002649     0.0008302           1         392           0
    7.002     0.0006626     0.0008989           1         392           0
    7.032     0.0011270     0.0008998           1         392           0
    7.062     0.0004947     0.0008524           1         392           0
    7.092     0.0006909     0.0008099           1         392           0
    7.122     0.0011598     0.0008229           1         392           0
    7.153     0.0008617     0.0007805           1         392           0
    7.183     0.0008920     0.0007505           1         392           0
    7.213     0.0009897     0.0007639           1         392           0
    7.243     0.0014420     0.0008977           1         392           0
    7.274     0.0015154     0.0009539           1         392           0
    7.304     0.0019128     0.0009316           1         392           0
    7.334     0.0013034     0.0011861           1       53312           0
    7.395     0.0022751     0.0012730           1       18496           0
    7.455     0.0022035     0.0011669           1       18496           0
    7.516     0.0017943     0.0011624           1       53312           0
    7.576     0.0011590     0.0015074           1      153664           0
    7.637     0.0009690     0.0005975           1         392           0
    7.697     0.0010222     0.0005951           1         392           0
    7.758     0.0009521     0.0007220           1         392           0
    7.818     0.0009774     0.0007392           1         392           0
    7.879     0.0011865     0.0007176           1         392           0
    7.939     0.0012269     0.0006894           1         392           0
    8.000     0.0012607     0.0006785           1         392           0
    8.060     0.0014621     0.0006168           1         392           0
    8.120     0.0014082     0.0005865           1         392           0
    8.181     0.0017299     0.0005888           1         392           0
    8.241     0.0019543     0.0006009           1         392           0
    8.302     0.0019691     0.0006056           1         392           0
    8.362     0.0019314     0.0003754           2       16796           0
    8.423     0.0017240     0.0004094           2       16796           0
    8.483     0.0018124     0.0004047           2       16792           0
    8.544     0.0019363     0.0003829           2       16776           0
    8.604     0.0016944     0.0003670           2         392           0
    8.665     0.0023032     0.0003181           2         392           0
    8.725     0.0024281     0.0003739           2         392           0
    8.786     0.0027277     0.0003593           2         392           0
    8.846     0.0035454     0.0003706           2         392           0
    8.907     0.0036099     0.0002982           2         392           0
    8.967     0.0039530     0.0003734           2         392           0
    9.028     0.0044358     0.0003757           2         136           0
    9.088     0.0045141     0.0003900           2         136           0
    9.149     0.0043926     0.0004175           2         136           0
    9.209     0.0043533     0.0003710           2         136           0
    9.270     0.0043360     0.0004132           2         136           0
    9.330     0.0040687     0.0003838           2         136           0
    9.391     0.0039677     0.0003392           2         392           0
    9.451     0.0037412     0.0004281           2         392           0
    9.512     0.0032682     0.0003897           2         392           0
    9.572     0.0027973     0.0003941           2         392           0
    9.633     0.0025990     0.0003390           2         392           0
    9.693     0.0025865     0.0003340           2         392           0
    9.754     0.0037648     0.0002188           2       16796           0
    9.814     0.0025754     0.0002997           2       16796           0
    9.875     0.0026898     0.0003296           2         392           0
    9.935     0.0027430     0.0003414           2         392           0
    9.995     0.0026006     0.0003154           2         392           0
   10.056     0.0027211     0.0003256           2         392           0
   10.116     0.0030524     0.0003100           2         392           0
   10.177     0.0030288     0.0002977           2         392           0
   10.237     0.0028376     0.0003047           2         392           0
   10.298     0.0026752     0.0003053           2         392           0
   10.358     0.0023242     0.0003329           2         392           0
   10.419     0.0018740     0.0003211           2         392           0
   10.479     0.0017673     0.0003320           2         392           0
   10.540     0.0017700     0.0003379           2         392           0
   10.600     0.0017872     0.0003430           2         392           0
   10.661     0.0016061     0.0003480           2         392           0
   10.721     0.0016706     0.0003635           2         392           0
   10.782     0.0015786     0.0003541           2         392           0
   10.842     0.0013771     0.0003553           2         392           0
   10.903     0.0011203     0.0003745           2         392           0
   10.963     0.0014339     0.0003819           2         392           0
   11.024     0.0014694     0.0004091           2         392           0
   11.084     0.0016245     0.0004194           2         392           0
   11.145     0.0016282     0.0003931           2         392           0
   11.205     0.0013998     0.0004216           2         392           0
   11.266     0.0011601     0.0004171           2         392           0
   11.326     0.0014374     0.0004379           2         392           0
   11.387     0.0013322     0.0004152           2         412           0
   11.447     0.0014905     0.0004265           2         412           0
   11.508     0.0016458     0.0004511           2         392           0
   11.568     0.0016878     0.0004653           2         392           0
   11.628     0.0013723     0.0004458           2         392           0
   11.689     0.0015520     0.0004493           2         392           0
   11.750     0.0012982     0.0004307           2         392           0
   11.810     0.0013729     0.0004481           2         392           0
   11.870     0.0016249     0.0004489           2         392           0
   11.931     0.0014180     0.0004834           2         392           0
   11.991     0.0014733     0.0004389           2         392           0
   12.052     0.0014600     0.0004733           2         392           0
   12.112     0.0015213     0.0004689           2         392           0
   12.173     0.0015351     0.0004619           2         392           0
   12.233     0.0015743     0.0004527           2         392           0
   12.294     0.0018727     0.0004675           2         392           0
   12.354     0.0017326     0.0004704           2         392           0
   12.415     0.0020348     0.0004663           2         392           0
   12.475     0.0018994     0.0004656           2         392           0
   12.536     0.0019577     0.0004654           2         392           0
   12.596     0.0022911     0.0004752           2         392           0
   12.657     0.0021179     0.0004499           2         392           0
   12.717     0.0020102     0.0004509           2         392           0
   12.778     0.0020385     0.0004539           2         392           0
   12.838     0.0019824     0.0004454           2         392           0
   12.899     0.0020452     0.0005011           2         392           0
   12.959     0.0020378     0.0004874           2         392           0
   13.020     0.0028402     0.0004887           2         392           0
   13.080     0.0030474     0.0004925           2         392           0
   13.141     0.0032591     0.0005723           2         392           0
   13.201     0.0047309     0.0005346           2         392           0
   13.262     0.0062651     0.0005624           2         392           0
   13.322     0.0069313     0.0005951           2         392           0
   13.383     0.0074126     0.0006038           2         392           0
   13.443     0.0063651     0.0006094           2         392           0
   13.503     0.0056462     0.0005908           2         392           0
   13.564     0.0044716     0.0006045           2         392           0
   13.625     0.0041801     0.0006347           2         392           0
   13.685     0.0042065     0.0006330           2         392           0
   13.745     0.0040281     0.0006752           2         392           0
   13.806     0.0039374     0.0006553           2         392           0
   13.866     0.0033755     0.0006561           2         392           0
   13.927     0.0035844     0.0007045           2         392           0
   13.987     0.0029033     0.0007079           2         392           0
   14.048     0.0034683     0.0007047           2         392           0
   14.108     0.0038130     0.0007407           2         392           0
   14.169     0.0040118     0.0007730           2         392           0
   14.229     0.0041947     0.0008066           2         392           0
   14.323     0.0050926     0.0005834           3        4360           0
   14.408     0.0042996     0.0005612           3        4360           0
   14.493     0.0038397     0.0027874           3        4360           0
   14.577     0.0042453     0.0038827           3        4360           0
   14.662     0.0043784     0.0005596           3        4360           0
   14.747     0.0049244     0.0006170           3        4360           0
   14.832     0.0049904     0.0008193           3        4360           0
   14.916     0.0054303     0.0007574           3        4360           0
   15.001     0.0055845     0.0006460           3        4360           0
   15.085     0.0060945     0.0006284           3        4360           0
   15.170     0.0084337     0.0005226           3        4360           0
   15.255     0.0051238     0.0005965           3        4360           0
   15.340     0.0039769     0.0006598           3        4360           0
   15.424     0.0040452     0.0005352           3        4360           0
   15.509     0.0035728     0.0004904           3        4360           0
   15.594     0.0032903     0.0005112           3        4360           0
   15.678     0.0037945     0.0005320           3        4360           0
   15.763     0.0038466     0.0005179           3        4360           0
   15.848     0.0035430     0.0005725           3        4360           0
   15.932     0.0036112     0.0007015           3        4360           0
   16.017     0.0038826     0.0006742           3        4360           0
   16.102     0.0034079     0.0007493           3        4360           0
   16.186     0.0050127     0.0007079           3        4360           0
   16.271     0.0035342     0.0005417           3        4360           0
   16.356     0.0037554     0.0009014           3        4360           0
   16.440     0.0035195     0.0008087           3        4360           0
   16.525     0.0034808     0.0007039           3        4360           0
   16.610     0.0040702     0.0030045           3        4360           0
   16.694     0.0036538     0.0027939           3        4360           0
   16.779     0.0035055     0.0009244           3        4360           0
   16.864     0.0044512     0.0009481           3        4360           0
   16.948     0.0043953     0.0009031           3        4360           0
   17.033     0.0039737     0.0006969           3        4360           0
   17.118     0.0037682     0.0017395           3        4360           0
   17.202     0.0037089     0.0011240           3        4360           0
   17.287     0.0030045     0.0013412           3        4360           0
   17.372     0.0046822     0.0007744           3        4360           0
   17.456     0.0039179     0.0007714           3        4360           0
   17.541     0.0046508     0.0007714           3        4360           0
   17.626     0.0038130     0.0007177           3        4360           0
   17.711     0.0034055     0.0007675           3        4360           0
   17.795     0.0038089     0.0007759           3        4360           0
   17.880     0.0036805     0.0007047           3        4360           0
   17.965     0.0035308     0.0008007           3        4360           0
   18.049     0.0060443     0.0005124           3        4360           0
   18.134     0.0040382     0.0007849           3        4360           0
   18.219     0.0037525     0.0009461           3        4360           0
   18.303     0.0047189     0.0010524           3        4360           0
   18.388     0.0042968     0.0011887           3        4360           0
   18.472     0.0053940     0.0010135           3        4360           0
   18.557     0.0045720     0.0010677           3        4360           0
   18.642     0.0049836     0.0008795           3        4360           0
   18.727     0.0045825     0.0008198           3        4360           0
   18.811     0.0050271     0.0007927           3        4360           0
   18.896     0.0050461     0.0008309           3        4360           0
   18.981     0.0043515     0.0032044           3        4360           0
   19.065     0.0046397     0.0007853           3        4360           0
   19.150     0.0048742     0.0009280           3        4360           0
   19.235     0.0031086     0.0012744           3    19009600           0
   19.404     0.0056081     0.0020407           3    19009600           0
   19.573     0.0065601     0.0016574           3    19009600           0
   19.743     0.0063599     0.0013305           3    19009600           0
   19.912     0.0064002     0.0015951           3    19009600           0
   20.081     0.0069445     0.0105331           3        4360           0
   20.251     0.0077662     0.0031139           3        4360           0
   20.420     0.0071658     0.0030508           3        4360           0
   20.590     0.0064060     0.0020595           3        4360           0
   20.759     0.0063194     0.0018321           3        4360           0
   20.928     0.0054340     0.0023486           3        4360           0
   21.097     0.0053370     0.0009159           4        4360           0
   21.267     0.0059585     0.0010384           4        4360           0
   21.436     0.0065857     0.0010444           4        4360           0
   21.606     0.0053366     0.0011607           4        4360           0
   21.775     0.0054367     0.0013899           4        4360           0
   21.944     0.0058150     0.0059448           4        4360           0
   22.114     0.0085306     0.0012755           4        4360           0
   22.283     0.0072878     0.0009418           4        4360           0
   22.452     0.0066486     0.0009131           4        4360           0
   22.622     0.0073989     0.0009394           4        4360           0
   22.791     0.0072348     0.0006920           4        4360           0
   22.960     0.0072491     0.0005206           4        4360           0
   23.130     0.0060075     0.0006851           4        4360           0
   23.299     0.0055094     0.0007517           4        4360           0
   23.469     0.0066772     0.0007749           4        4360           0
   23.638     0.0074432     0.0007593           4        4360           0
   23.807     0.0074678     0.0006804           4        4360           0
   23.976     0.0079077     0.0007055           4        4360           0
   24.146     0.0079876     0.0008868           4        4360           0
   24.315     0.0076817     0.0008390           4        4360           0
   24.485     0.0078540     0.0009484           4        4360           0
   24.654     0.0075001     0.0008178           4        4360           0
   24.823     0.0078265     0.0008045           4        4360           0
   24.993     0.0090140     0.0010595           4        4360           0
   25.162     0.0086051     0.0007600           4        4360           0
   25.331     0.0086380     0.0007481           4        4360           0
   25.501     0.0078403     0.0009088           4        4360           0
   25.670     0.0077400     0.0010167           4        4360           0
   25.839     0.0095846     0.0035716           4        4360           0
   26.009     0.0088065     0.0010940           4        4360           0
   26.178     0.0086333     0.0006302           4        4360           0
   26.347     0.0093511     0.0006474           4        4360           0
   26.517     0.0100280     0.0007313           4        4360           0
   26.686     0.0096252     0.0008136           4        4360           0
   26.856     0.0101514     0.0006727           4        4360           0
   27.025     0.0103082     0.0007644           4        4360           0
   27.194     0.0104825     0.0008050           4        4360           0
   27.364     0.0112470     0.0007445           4        4360           0
   27.533     0.0106907     0.0007437           4        4360           0
   27.702     0.0109610     0.0009016           4        4360           0
   27.872     0.0105918     0.0009189           4        4360           0
   28.041     0.0105599     0.0009729           4        4360           0
   28.210     0.0103752     0.0011232           4        4360           0
   28.380     0.0114988     0.0010541           4        4360           0
   28.549     0.0114968     0.0009992           4        4360           0
   28.719     0.0121954     0.0009848           4        4360           0
   28.888     0.0123714     0.0009173           4        4360           0
   29.057     0.0130220     0.0008199           4        4360           0
   29.226     0.0113021     0.0009506           4        4360           0
   29.396     0.0122560     0.0010920           4        4360           0
   29.565     0.0114253     0.0010827           4        4360           0
   29.735     0.0129582     0.0006480           4        4360           0
   29.904     0.0118146     0.0009248           4        4360           0
   30.073     0.0116203     0.0008952           4        4360           0
   30.243     0.0124635     0.0010551           4        4360           0
   30.412     0.0147209     0.0011809           4        4360           0
   30.581     0.0156832     0.0013960           4        4360           0
   30.751     0.0166895     0.0012161           4        4360           0
   30.920     0.0135657     0.0015408           4        4360           0
   31.089     0.0146424     0.0011511           4        4360           0
   31.259     0.0137073     0.0011503           4        4360           0
   31.428     0.0154453     0.0009731           4        4360           0
   31.597     0.0142754     0.0011809           4        4360           0
   31.767     0.0147085     0.0011620           4        4360           0
   31.936     0.0145102     0.0011928           4        4360           0
   32.105     0.0131428     0.0012938           4        4360           0
   32.275     0.0138756     0.0014906           4        4360           0
   32.444     0.0154600     0.0017032           4        4360           0
   32.614     0.0144957     0.0018694           4        4360           0
   32.783     0.0146711     0.0017426           4        4360           0
   32.952     0.0153196     0.0018080           4        4360           0
   33.122     0.0183965     0.0023015           4        4360           0
   33.291     0.0166391     0.0023707           4        4360           0
   33.460     0.0152249     0.0018688           4        4360           0
   33.630     0.0122046     0.0020308           4        4360           0
   33.799     0.0117886     0.0022508           4        4360           0
   33.968     0.0147759     0.0024568           4        4360           0
   34.138     0.0161978     0.0032524           4        4360           0
   34.307     0.0173053     0.0027745           4        4360           0
   34.477     0.0158570     0.0028259           4        4360           0
   34.646     0.0190596     0.0025110           4        4360           0
   34.815     0.0198419     0.0038184           4        4360           0
   34.985     0.0168302     0.0160590           4        4360           0
   35.154     0.0146736     0.0065443           4        4360           0
   35.323     0.0227420     0.0068281           4        4360           0
   35.493     0.0184250     0.0246189           4        4360           0
   35.662     0.0181935     0.0084477           4        4360           0
   35.831     0.0177650     0.0039299           4        4360           0
   36.001     0.0167588     0.0036510           4        4360           0
   36.170     0.0156290     0.0036417           4        4360           0
   36.339     0.0138349     0.0058147           4        4360           0
   36.509     0.0209520     0.0086896           4        4360           0
   36.678     0.0214646     0.0069119           4        4360           0
   36.847     0.0212741     0.0066905           4        4360           0
   37.017     0.0147706     0.0069055           4        4360           0
   37.186     0.0172444     0.0096965           4        4360           0
   37.355     0.0165641     0.0086260           4        4360           0
   37.525     0.0110347     0.0066366           4        4360           0
   37.694     0.0086424     0.0108739           4        4360           0
   37.864     0.0220290     0.0118263           4        4360           0
   38.033     0.0472596     0.0553286           4        4360           0
   38.202     0.0531637     0.0902477           4        4360           0
   38.372     0.0373894     0.0196096           4        4360           0
   38.541     0.0220724     0.0446559           4        4360           0
   38.710     0.0210576     0.0220876           4        4360           0
   38.880     0.0206290     0.0236406           4        4360           0
   39.049     0.0130285     0.1395768           4        4360           0
   39.218     0.0700026     0.0500921           4        4360           0
   39.388     0.0146907     0.0180726           4        4360           0
   39.557     0.0120426     0.0701620           4        4360           0
   39.727     0.0147116     0.1206078           4        4360           0
   39.896     0.0067552     0.0343872           4        4488           0
   40.065     0.0030990     0.0127561           4        4488           0
   40.235     0.0004766     0.0093047           4        4488           0
   40.404    -0.0016676     0.0034008           4        4488           0
   40.573     0.0018628     0.0011836           4        4488           0
   40.743     0.0012980     0.0005640           4        4508           0
   40.912     0.0000633     0.0002580           4        4488           0
   41.081    -0.0000102     0.0002112           4        4488           0
   41.251    -0.0000724     0.0001849           4        4488           0
   41.420    -0.0000107     0.0003078           4        4488           0
   41.589     0.0000933     0.0004138           4        4488           0
   41.759     0.0005514     0.0004732           4        4488           0
   41.928     0.0000892     0.0010621           4        4508           0
   42.097     0.0004429     0.0008331           4        4508           0
   42.267     0.0028729     0.0008907           4        4488           0
