wave flux error channelflag bitflag stitchflag
    5.127    -0.0015032     0.0141894           1         392           0
    5.157    -0.0057129     0.0074828           1         136           0
    5.187    -0.0045797     0.0034769           1         136           0
    5.217    -0.0015669     0.0022553           1         136           0
    5.247     0.0010182     0.0023717           1         136           0
    5.278     0.0007203     0.0020390           1         136           0
    5.308    -0.0005829     0.0023938           1         136           0
    5.338    -0.0038235     0.0021001           1         392           0
    5.368    -0.0030275     0.0021304           1         392           0
    5.399    -0.0011690     0.0020297           1       16776           0
    5.429    -0.0022856     0.0021102           1       16796           0
    5.459    -0.0015503     0.0023472           1       16796           0
    5.489     0.0006022     0.0023242           1         392           0
    5.520    -0.0023483     0.0018639           1         392           0
    5.550     0.0004504     0.0016047           1         392           0
    5.580    -0.0011621     0.0016461           1         392           0
    5.610    -0.0025697     0.0019601           1         392           0
    5.641    -0.0016364     0.0020296           1        8468           0
    5.671    -0.0012575     0.0021593           1        8468           0
    5.701    -0.0004205     0.0023660           1         392           0
    5.731    -0.0020422     0.0017827           1         392           0
    5.762    -0.0015029     0.0016775           1         412           0
    5.792    -0.0035373     0.0016996           1         412           0
    5.822    -0.0051488     0.0014591           1         392           0
    5.852    -0.0039237     0.0017280           1         392           0
    5.883    -0.0018820     0.0015906           1         392           0
    5.913     0.0051510     0.0016400           1         136           0
    5.943     0.0024644     0.0017710           1         136           0
    5.973     0.0003693     0.0020901           1         136           0
    6.004    -0.0010445     0.0019229           1         136           0
    6.034    -0.0021973     0.0020737           1         136           0
    6.064    -0.0030209     0.0021084           1         392           0
    6.094    -0.0026919     0.0018206           1         392           0
    6.125    -0.0020093     0.0017072           1         392           0
    6.155    -0.0008522     0.0017379           1         392           0
    6.185    -0.0013638     0.0013608           1         392           0
    6.215     0.0008368     0.0016704           1         392           0
    6.245     0.0011989     0.0018217           1         392           0
    6.276     0.0010987     0.0019347           1         392           0
    6.306     0.0006951     0.0019323           1         392           0
    6.336     0.0012672     0.0021122           1         392           0
    6.366     0.0028691     0.0022571           1         392           0
    6.397     0.0028315     0.0020154           1         392           0
    6.427     0.0022558     0.0020264           1         392           0
    6.457     0.0075035     0.0017418           1         392           0
    6.487     0.0139418     0.0018923           1         392           0
    6.518     0.0094573     0.0017206           1         392           0
    6.548     0.0073234     0.0017349           1         392           0
    6.578     0.0064062     0.0031328           1         392           0
    6.608     0.0068364     0.0030241           1         392           0
    6.639     0.0062441     0.0025083           1         136           0
    6.669     0.0042741     0.0027626           1         136           0
    6.699     0.0020230     0.0022666           1         136           0
    6.729     0.0046812     0.0030674           1         136           0
    6.760     0.0058590     0.0031347           1         136           0
    6.790     0.0036858     0.0031704           1         392           0
    6.820     0.0052212     0.0034061           1         392           0
    6.850     0.0044019     0.0028812           1         392           0
    6.881     0.0038505     0.0028526           1         392           0
    6.911     0.0055578     0.0027982           1         392           0
    6.941     0.0069020     0.0030783           1         392           0
    6.971     0.0090263     0.0030889           1         392           0
    7.002     0.0103597     0.0027188           1         392           0
    7.032     0.0060578     0.0032429           1         392           0
    7.062     0.0052988     0.0032377           1         392           0
    7.092     0.0080853     0.0032259           1         392           0
    7.122     0.0066880     0.0032578           1         392           0
    7.153     0.0085450     0.0025331           1         392           0
    7.183     0.0112137     0.0024393           1         392           0
    7.213     0.0024836     0.0021912           1         392           0
    7.243     0.0070929     0.0028888           1         392           0
    7.274     0.0068887     0.0029859           1         392           0
    7.304     0.0057397     0.0035464           1         392           0
    7.334     0.0139568     0.0044632           1       53312           0
    7.395     0.0009001     0.0047663           1       18496           0
    7.455     0.0007595     0.0044179           1       18496           0
    7.516     0.0001625     0.0042732           1       53312           0
    7.576     0.0036659     0.0047943           1      153664           0
    7.637     0.0029503     0.0019805           1         392           0
    7.697     0.0059416     0.0020105           1         392           0
    7.758     0.0083268     0.0015993           1         392           0
    7.818     0.0136482     0.0021488           1         392           0
    7.879     0.0154958     0.0020499           1         392           0
    7.939     0.0169060     0.0015597           1         392           0
    8.000     0.0181768     0.0019962           1         392           0
    8.060     0.0155669     0.0019818           1         392           0
    8.120     0.0153395     0.0016688           1         392           0
    8.181     0.0150891     0.0020371           1         392           0
    8.241     0.0125388     0.0017050           1         392           0
    8.302     0.0103338     0.0018062           1         392           0
    8.362     0.0110980     0.0005220           2       16796           0
    8.423     0.0116040     0.0005500           2       16796           0
    8.483     0.0118512     0.0007996           2       16792           0
    8.544     0.0100111     0.0007777           2       16776           0
    8.604     0.0071263     0.0008252           2         392           0
    8.665     0.0085733     0.0007580           2         392           0
    8.725     0.0080823     0.0006849           2         392           0
    8.786     0.0093938     0.0008941           2         392           0
    8.846     0.0066087     0.0009236           2         392           0
    8.907     0.0066609     0.0007095           2         392           0
    8.967     0.0092888     0.0010906           2         392           0
    9.028     0.0075033     0.0008605           2         136           0
    9.088     0.0083358     0.0010958           2         136           0
    9.149     0.0060714     0.0009403           2         136           0
    9.209     0.0046428     0.0011823           2         136           0
    9.270     0.0041431     0.0009740           2         136           0
    9.330     0.0036995     0.0014641           2         136           0
    9.391     0.0025411     0.0011570           2         392           0
    9.451     0.0020688     0.0012240           2         392           0
    9.512     0.0018346     0.0010992           2         392           0
    9.572     0.0017865     0.0008195           2         392           0
    9.633     0.0019134     0.0011246           2         392           0
    9.693     0.0050610     0.0008021           2         392           0
    9.754     0.0027836     0.0009021           2       16796           0
    9.814     0.0016172     0.0009766           2       16796           0
    9.875     0.0016699     0.0007752           2         392           0
    9.935     0.0015363     0.0007580           2         392           0
    9.995     0.0018780     0.0007413           2         392           0
   10.056     0.0028331     0.0007134           2         392           0
   10.116     0.0036878     0.0007757           2         392           0
   10.177     0.0037641     0.0006417           2         392           0
   10.237     0.0033635     0.0008307           2         392           0
   10.298     0.0019953     0.0008763           2         392           0
   10.358     0.0018162     0.0008832           2         392           0
   10.419     0.0026602     0.0008331           2         392           0
   10.479     0.0018307     0.0009281           2         392           0
   10.540     0.0031300     0.0008870           2         392           0
   10.600     0.0025263     0.0011149           2         392           0
   10.661     0.0019613     0.0010412           2         392           0
   10.721     0.0026225     0.0010809           2         392           0
   10.782     0.0035285     0.0011707           2         392           0
   10.842     0.0030137     0.0012116           2         392           0
   10.903     0.0030115     0.0013842           2         392           0
   10.963     0.0043036     0.0011016           2         392           0
   11.024     0.0030630     0.0013017           2         392           0
   11.084     0.0040463     0.0013545           2         392           0
   11.145     0.0078380     0.0010817           2         392           0
   11.205     0.0085083     0.0010482           2         392           0
   11.266     0.0065205     0.0012820           2         392           0
   11.326     0.0055669     0.0011146           2         392           0
   11.387     0.0061102     0.0011789           2         412           0
   11.447     0.0056561     0.0016582           2         412           0
   11.508     0.0077135     0.0014566           2         392           0
   11.568     0.0063457     0.0010773           2         392           0
   11.628     0.0099692     0.0011005           2         392           0
   11.689     0.0166420     0.0006850           2         392           0
   11.750     0.0238577     0.0008699           2         392           0
   11.810     0.0224459     0.0008802           2         392           0
   11.870     0.0187951     0.0009595           2         392           0
   11.931     0.0142054     0.0009853           2         392           0
   11.991     0.0113372     0.0009301           2         392           0
   12.052     0.0141975     0.0009577           2         392           0
   12.112     0.0130060     0.0012507           2         392           0
   12.173     0.0140840     0.0009644           2         392           0
   12.233     0.0098545     0.0011544           2         392           0
   12.294     0.0086683     0.0014195           2         392           0
   12.354     0.0105362     0.0014173           2         392           0
   12.415     0.0119408     0.0010003           2         392           0
   12.475     0.0092425     0.0010971           2         392           0
   12.536     0.0101081     0.0011076           2         392           0
   12.596     0.0098060     0.0012647           2         392           0
   12.657     0.0087815     0.0014920           2         392           0
   12.717     0.0085337     0.0011763           2         392           0
   12.778     0.0085525     0.0011800           2         392           0
   12.838     0.0101047     0.0011720           2         392           0
   12.899     0.0098165     0.0012806           2         392           0
   12.959     0.0098520     0.0013576           2         392           0
   13.020     0.0116373     0.0013388           2         392           0
   13.080     0.0137884     0.0013700           2         392           0
   13.141     0.0138267     0.0014080           2         392           0
   13.201     0.0156077     0.0016313           2         392           0
   13.262     0.0131319     0.0015789           2         392           0
   13.322     0.0146555     0.0012164           2         392           0
   13.383     0.0252149     0.0012453           2         392           0
   13.443     0.0213972     0.0017159           2         392           0
   13.503     0.0116091     0.0021105           2         392           0
   13.564     0.0123282     0.0017741           2         392           0
   13.625     0.0112570     0.0018892           2         392           0
   13.685     0.0110602     0.0019943           2         392           0
   13.745     0.0120676     0.0021347           2         392           0
   13.806     0.0114436     0.0019125           2         392           0
   13.866     0.0122089     0.0021111           2         392           0
   13.927     0.0103601     0.0021007           2         392           0
   13.987     0.0103630     0.0020068           2         392           0
   14.048     0.0148106     0.0020243           2         392           0
   14.108     0.0149308     0.0022669           2         392           0
   14.169     0.0154856     0.0019990           2         392           0
   14.229     0.0129973     0.0024378           2         392           0
   14.290     0.0188545     0.0020839           2         392           0
   14.408     0.0109078     0.0016327           3        4360           0
   14.493     0.0099794     0.0017643           3        4360           0
   14.577     0.0086423     0.0013702           3        4360           0
   14.662     0.0097921     0.0012210           3        4360           0
   14.747     0.0101589     0.0026885           3        4360           0
   14.832     0.0111269     0.0004206           3        4360           0
   14.916     0.0105642     0.0035474           3        4360           0
   15.001     0.0085354     0.0005913           3        4360           0
   15.085     0.0082136     0.0012908           3        4360           0
   15.170     0.0085350     0.0004262           3        4360           0
   15.255     0.0074514     0.0005295           3        4360           0
   15.340     0.0077091     0.0031471           3        4360           0
   15.424     0.0071313     0.0016745           3        4360           0
   15.509     0.0077112     0.0020107           3        4360           0
   15.594     0.0085172     0.0021970           3        4360           0
   15.678     0.0097039     0.0013023           3        4360           0
   15.763     0.0084897     0.0029582           3        4360           0
   15.848     0.0079541     0.0034606           3        4360           0
   15.932     0.0082421     0.0014743           3        4360           0
   16.017     0.0084530     0.0006338           3        4360           0
   16.102     0.0082217     0.0006429           3        4360           0
   16.186     0.0096265     0.0006619           3        4360           0
   16.271     0.0123063     0.0006967           3        4360           0
   16.356     0.0123617     0.0006406           3        4360           0
   16.440     0.0111383     0.0021828           3        4360           0
   16.525     0.0088501     0.0013466           3        4360           0
   16.610     0.0086940     0.0004707           3        4360           0
   16.694     0.0109227     0.0004341           3        4360           0
   16.779     0.0106315     0.0007403           3        4360           0
   16.864     0.0102752     0.0012587           3        4360           0
   16.948     0.0110184     0.0017299           3        4360           0
   17.033     0.0125604     0.0025290           3        4360           0
   17.118     0.0160340     0.0013669           3        4360           0
   17.202     0.0198342     0.0045488           3        4360           0
   17.287     0.0161171     0.0011047           3        4360           0
   17.372     0.0158266     0.0007176           3        4360           0
   17.456     0.0171788     0.0006872           3        4360           0
   17.541     0.0170341     0.0036261           3        4360           0
   17.626     0.0159055     0.0026757           3        4360           0
   17.711     0.0180267     0.0005153           3        4360           0
   17.795     0.0208916     0.0053346           3        4360           0
   17.880     0.0204077     0.0022399           3        4360           0
   17.965     0.0185578     0.0047789           3        4360           0
   18.049     0.0179113     0.0052058           3        4360           0
   18.134     0.0179445     0.0008273           3        4360           0
   18.219     0.0182018     0.0009999           3        4360           0
   18.303     0.0148886     0.0032956           3        4360           0
   18.388     0.0146904     0.0009040           3        4360           0
   18.472     0.0153767     0.0007145           3        4360           0
   18.557     0.0127297     0.0008508           3        4360           0
   18.642     0.0124959     0.0006595           3        4360           0
   18.727     0.0140106     0.0004864           3        4360           0
   18.811     0.0149149     0.0014327           3        4360           0
   18.896     0.0126297     0.0008034           3        4360           0
   18.981     0.0111978     0.0005538           3        4360           0
   19.065     0.0138583     0.0021876           3        4360           0
   19.150     0.0128943     0.0051399           3        4360           0
   19.235     0.0093177     0.0065286           3    19009600           0
   19.404     0.0154049     0.0019831           3    19009600           0
   19.573     0.0141856     0.0067561           3    19009600           0
   19.743     0.0145278     0.0030378           3    19009600           0
   19.912     0.0132174     0.0013859           3    19009600           0
   20.081     0.0123048     0.0075354           3        4360           0
   20.251     0.0137839     0.0054367           3        4360           0
   20.420     0.0153047     0.0063649           3        4360           0
   20.590     0.0151454     0.0031910           3        4360           0
   20.759     0.0146470     0.0058202           3        4360           0
   20.928     0.0139784     0.0027417           3        4360           0
   21.097     0.0144208     0.0032129           4        4360           0
   21.267     0.0143064     0.0027909           4        4360           0
   21.436     0.0138233     0.0036189           4        4360           0
   21.606     0.0157869     0.0036209           4        4360           0
   21.775     0.0139632     0.0011297           4        4360           0
   21.944     0.0111099     0.0007713           4        4360           0
   22.114     0.0158476     0.0008622           4        4360           0
   22.283     0.0144873     0.0006626           4        4360           0
   22.452     0.0156082     0.0010265           4        4360           0
   22.622     0.0138373     0.0053383           4        4360           0
   22.791     0.0171122     0.0018696           4        4360           0
   22.960     0.0162638     0.0007206           4        4360           0
   23.130     0.0170404     0.0006866           4        4360           0
   23.299     0.0174006     0.0025822           4        4360           0
   23.469     0.0187849     0.0026228           4        4360           0
   23.638     0.0189669     0.0016655           4        4360           0
   23.807     0.0190130     0.0028013           4        4360           0
   23.976     0.0185311     0.0046235           4        4360           0
   24.146     0.0187785     0.0048576           4        4360           0
   24.315     0.0191107     0.0006701           4        4360           0
   24.485     0.0191644     0.0006156           4        4360           0
   24.654     0.0196230     0.0010628           4        4360           0
   24.823     0.0210465     0.0021267           4        4360           0
   24.993     0.0228456     0.0011310           4        4360           0
   25.162     0.0206955     0.0037152           4        4360           0
   25.331     0.0231316     0.0040940           4        4360           0
   25.501     0.0227918     0.0055557           4        4360           0
   25.670     0.0220797     0.0017779           4        4360           0
   25.839     0.0219909     0.0033484           4        4360           0
   26.009     0.0236450     0.0025011           4        4360           0
   26.178     0.0228707     0.0012217           4        4360           0
   26.347     0.0224069     0.0041518           4        4360           0
   26.517     0.0208682     0.0023555           4        4360           0
   26.686     0.0226113     0.0004792           4        4360           0
   26.856     0.0263870     0.0004949           4        4360           0
   27.025     0.0274871     0.0004500           4        4360           0
   27.194     0.0271841     0.0012538           4        4360           0
   27.364     0.0286442     0.0017636           4        4360           0
   27.533     0.0272490     0.0017078           4        4360           0
   27.702     0.0297702     0.0006489           4        4360           0
   27.872     0.0279293     0.0020334           4        4360           0
   28.041     0.0247573     0.0025907           4        4360           0
   28.210     0.0289750     0.0047266           4        4360           0
   28.380     0.0277363     0.0064159           4        4360           0
   28.549     0.0275850     0.0075744           4        4360           0
   28.719     0.0291100     0.0022363           4        4360           0
   28.888     0.0285252     0.0044026           4        4360           0
   29.057     0.0292247     0.0028481           4        4360           0
   29.226     0.0324009     0.0036860           4        4360           0
   29.396     0.0311634     0.0051367           4        4360           0
   29.565     0.0301710     0.0045858           4        4360           0
   29.735     0.0326639     0.0043229           4        4360           0
   29.904     0.0331577     0.0046375           4        4360           0
   30.073     0.0343994     0.0024519           4        4360           0
   30.243     0.0334708     0.0034745           4        4360           0
   30.412     0.0339785     0.0052985           4        4360           0
   30.581     0.0324868     0.0089180           4        4360           0
   30.751     0.0348924     0.0017189           4        4360           0
   30.920     0.0329103     0.0028747           4        4360           0
   31.089     0.0324814     0.0026090           4        4360           0
   31.259     0.0360326     0.0018527           4        4360           0
   31.428     0.0353046     0.0019877           4        4360           0
   31.597     0.0377155     0.0025456           4        4360           0
   31.767     0.0366966     0.0033011           4        4360           0
   31.936     0.0356058     0.0037680           4        4360           0
   32.105     0.0380119     0.0036677           4        4360           0
   32.275     0.0400452     0.0041223           4        4360           0
   32.444     0.0382672     0.0016129           4        4360           0
   32.614     0.0404107     0.0014929           4        4360           0
   32.783     0.0408911     0.0053489           4        4360           0
   32.952     0.0373124     0.0095832           4        4360           0
   33.122     0.0513921     0.0014696           4        4360           0
   33.291     0.0448835     0.0028967           4        4360           0
   33.460     0.0420095     0.0019699           4        4360           0
   33.630     0.0461308     0.0023340           4        4360           0
   33.799     0.0474215     0.0060360           4        4360           0
   33.968     0.0464689     0.0067462           4        4360           0
   34.138     0.0492376     0.0040151           4        4360           0
   34.307     0.0509926     0.0101703           4        4360           0
   34.477     0.0559966     0.0175682           4        4360           0
   34.646     0.0560251     0.0114834           4        4360           0
   34.815     0.0581230     0.0057836           4        4360           0
   34.985     0.0881330     0.0055409           4        4360           0
   35.154     0.0846676     0.0063429           4        4360           0
   35.323     0.0684424     0.0064043           4        4360           0
   35.493     0.0715346     0.0171090           4        4360           0
   35.662     0.0580204     0.0059419           4        4360           0
   35.831     0.0579693     0.0062848           4        4360           0
   36.001     0.0547066     0.0079839           4        4360           0
   36.170     0.0556768     0.0063926           4        4360           0
   36.339     0.0865548     0.0051999           4        4360           0
   36.509     0.1356624     0.0036632           4        4360           0
   36.678     0.0750312     0.0065639           4        4360           0
   36.847     0.0692841     0.0110635           4        4360           0
   37.017     0.0683153     0.0115798           4        4360           0
   37.186     0.0732400     0.0094697           4        4360           0
   37.355     0.0541534     0.0692713           4        4360           0
   37.525     0.0602029     0.0265677           4        4360           0
   37.694     0.0519086     0.0224351           4        4360           0
   37.864     0.0931235     0.0529256           4        4360           0
   38.033     0.1635980     0.3110049           4        4360           0
   38.202     0.1412442     0.0444322           4        4360           0
   38.372     0.0598861     0.0735263           4        4360           0
   38.541     0.0624898     0.0164595           4        4360           0
   38.710     0.0429310     0.0154924           4        4360           0
   38.880     0.0317879     0.0952883           4        4360           0
   39.049     0.0365029     0.2805903           4        4360           0
   39.218     0.0750162     0.1077144           4        4360           0
   39.388    -0.0072601     0.0127179           4        4360           0
   39.557     0.0452130     0.0109443           4        4360           0
   39.727     0.0968777     0.0538400           4        4360           0
   39.896     0.0556125     0.0139316           4        4488           0
   40.065     0.0109967     0.0109131           4        4488           0
   40.235     0.0350359     0.0052484           4        4488           0
   40.404     0.0217356     0.0023797           4        4488           0
   40.573     0.0027302     0.0049009           4        4488           0
   40.743     0.0036271     0.0009010           4        4508           0
   40.912     0.0025237     0.0003153           4        4488           0
   41.081     0.0022470     0.0002380           4        4488           0
   41.251     0.0006588     0.0002881           4        4488           0
   41.420     0.0002400     0.0003979           4        4488           0
   41.589     0.0010542     0.0003828           4        4488           0
   41.759     0.0019379     0.0005744           4        4488           0
   41.928     0.0037503     0.0022139           4        4508           0
   42.097     0.0026592     0.0004382           4        4508           0
   42.267     0.0063448     0.0016153           4        4488           0
