wave flux error channelflag bitflag stitchflag
    5.127    -0.0001168     0.0026549           1         392           0
    5.157    -0.0005480     0.0017024           1         136           0
    5.187     0.0002515     0.0009388           1         136           0
    5.217     0.0000845     0.0005361           1         136           0
    5.247     0.0000984     0.0006162           1         136           0
    5.278     0.0000527     0.0006070           1         136           0
    5.308     0.0001284     0.0006127           1         136           0
    5.338    -0.0000300     0.0005186           1         392           0
    5.368     0.0004434     0.0005630           1         392           0
    5.399     0.0002385     0.0005638           1       16776           0
    5.429     0.0002024     0.0005199           1       16796           0
    5.459     0.0003252     0.0005079           1       16796           0
    5.489     0.0004063     0.0004630           1         392           0
    5.520     0.0003097     0.0005110           1         392           0
    5.550     0.0001137     0.0005161           1         392           0
    5.580     0.0000524     0.0004656           1         392           0
    5.610     0.0001790     0.0004659           1         392           0
    5.641     0.0005268     0.0004733           1        8468           0
    5.671     0.0006392     0.0004672           1        8468           0
    5.701     0.0003959     0.0004274           1         392           0
    5.731     0.0004330     0.0004470           1         392           0
    5.762     0.0003446     0.0004469           1         412           0
    5.792     0.0004453     0.0004741           1         412           0
    5.822     0.0005879     0.0004914           1         392           0
    5.852     0.0007992     0.0005228           1         392           0
    5.883     0.0005904     0.0005560           1         392           0
    5.913     0.0006239     0.0005308           1         136           0
    5.943     0.0009266     0.0004897           1         136           0
    5.973     0.0009042     0.0005030           1         136           0
    6.004     0.0006039     0.0005029           1         136           0
    6.034     0.0006195     0.0005067           1         136           0
    6.064     0.0004650     0.0005268           1         392           0
    6.094     0.0004091     0.0005022           1         392           0
    6.125     0.0004167     0.0004932           1         392           0
    6.155     0.0004537     0.0005531           1         392           0
    6.185     0.0005884     0.0005343           1         392           0
    6.215     0.0007462     0.0005143           1         392           0
    6.245     0.0007423     0.0005147           1         392           0
    6.276     0.0009890     0.0005457           1         392           0
    6.306     0.0011542     0.0005918           1         392           0
    6.336     0.0010942     0.0006144           1         392           0
    6.366     0.0010574     0.0005670           1         392           0
    6.397     0.0012806     0.0006056           1         392           0
    6.427     0.0014881     0.0006084           1         392           0
    6.457     0.0012563     0.0005671           1         392           0
    6.487     0.0008945     0.0005482           1         392           0
    6.518     0.0010694     0.0006072           1         392           0
    6.548     0.0010841     0.0006331           1         392           0
    6.578     0.0011914     0.0006568           1         392           0
    6.608     0.0015130     0.0006554           1         392           0
    6.639     0.0012980     0.0006512           1         136           0
    6.669     0.0019964     0.0006474           1         136           0
    6.699     0.0019743     0.0006070           1         136           0
    6.729     0.0020321     0.0006582           1         136           0
    6.760     0.0018139     0.0007256           1         136           0
    6.790     0.0019987     0.0006970           1         392           0
    6.820     0.0027083     0.0006748           1         392           0
    6.850     0.0039144     0.0007899           1         392           0
    6.881     0.0053448     0.0008151           1         392           0
    6.911     0.0073512     0.0006378           1         392           0
    6.941     0.0070279     0.0007871           1         392           0
    6.971     0.0060991     0.0007800           1         392           0
    7.002     0.0044427     0.0006683           1         392           0
    7.032     0.0042140     0.0008879           1         392           0
    7.062     0.0038922     0.0008528           1         392           0
    7.092     0.0035394     0.0007524           1         392           0
    7.122     0.0030299     0.0007885           1         392           0
    7.153     0.0030480     0.0007768           1         392           0
    7.183     0.0029402     0.0007704           1         392           0
    7.213     0.0028035     0.0008210           1         392           0
    7.243     0.0023416     0.0008969           1         392           0
    7.274     0.0026440     0.0008980           1         392           0
    7.304     0.0022665     0.0009442           1         392           0
    7.334     0.0026460     0.0011825           1       53312           0
    7.395     0.0019650     0.0013589           1       18496           0
    7.455     0.0021644     0.0011569           1       18496           0
    7.516     0.0022089     0.0011491           1       53312           0
    7.576     0.0022523     0.0014873           1      153664           0
    7.637     0.0023506     0.0006250           1         392           0
    7.697     0.0025748     0.0006057           1         392           0
    7.758     0.0030738     0.0007487           1         392           0
    7.818     0.0031242     0.0007247           1         392           0
    7.879     0.0028503     0.0007041           1         392           0
    7.939     0.0027455     0.0006969           1         392           0
    8.000     0.0029672     0.0006849           1         392           0
    8.060     0.0034955     0.0006060           1         392           0
    8.120     0.0043678     0.0005972           1         392           0
    8.181     0.0052220     0.0006343           1         392           0
    8.241     0.0055586     0.0005652           1         392           0
    8.302     0.0070073     0.0005804           1         392           0
    8.362     0.0081849     0.0003981           2       16796           0
    8.423     0.0096539     0.0003384           2       16796           0
    8.483     0.0104099     0.0003533           2       16792           0
    8.544     0.0107603     0.0003420           2       16776           0
    8.604     0.0105625     0.0004024           2         392           0
    8.665     0.0099253     0.0004000           2         392           0
    8.725     0.0096755     0.0003788           2         392           0
    8.786     0.0087587     0.0003738           2         392           0
    8.846     0.0083104     0.0003478           2         392           0
    8.907     0.0071311     0.0003718           2         392           0
    8.967     0.0065676     0.0003987           2         392           0
    9.028     0.0056184     0.0003587           2         136           0
    9.088     0.0053910     0.0003849           2         136           0
    9.149     0.0050199     0.0004038           2         136           0
    9.209     0.0050393     0.0003984           2         136           0
    9.270     0.0050277     0.0003701           2         136           0
    9.330     0.0050675     0.0003985           2         136           0
    9.391     0.0052725     0.0003945           2         392           0
    9.451     0.0058697     0.0003769           2         392           0
    9.512     0.0064539     0.0003765           2         392           0
    9.572     0.0063491     0.0003690           2         392           0
    9.633     0.0062366     0.0003567           2         392           0
    9.693     0.0054092     0.0002956           2         392           0
    9.754     0.0047306     0.0003200           2       16796           0
    9.814     0.0042368     0.0003298           2       16796           0
    9.875     0.0033012     0.0003326           2         392           0
    9.935     0.0028235     0.0003183           2         392           0
    9.995     0.0025604     0.0003314           2         392           0
   10.056     0.0023981     0.0003214           2         392           0
   10.116     0.0022390     0.0003119           2         392           0
   10.177     0.0021643     0.0003178           2         392           0
   10.237     0.0019765     0.0003082           2         392           0
   10.298     0.0018799     0.0003010           2         392           0
   10.358     0.0018438     0.0003185           2         392           0
   10.419     0.0018171     0.0003350           2         392           0
   10.479     0.0018669     0.0003495           2         392           0
   10.540     0.0017605     0.0003477           2         392           0
   10.600     0.0020042     0.0003509           2         392           0
   10.661     0.0021007     0.0003644           2         392           0
   10.721     0.0018863     0.0003652           2         392           0
   10.782     0.0021601     0.0003745           2         392           0
   10.842     0.0020516     0.0003607           2         392           0
   10.903     0.0018303     0.0003632           2         392           0
   10.963     0.0015169     0.0003888           2         392           0
   11.024     0.0015897     0.0003706           2         392           0
   11.084     0.0016670     0.0003846           2         392           0
   11.145     0.0016948     0.0003951           2         392           0
   11.205     0.0016616     0.0004248           2         392           0
   11.266     0.0014076     0.0004016           2         392           0
   11.326     0.0011043     0.0004086           2         392           0
   11.387     0.0013278     0.0004344           2         412           0
   11.447     0.0013725     0.0004195           2         412           0
   11.508     0.0012955     0.0004090           2         392           0
   11.568     0.0019058     0.0004218           2         392           0
   11.628     0.0017824     0.0004807           2         392           0
   11.689     0.0018594     0.0004878           2         392           0
   11.750     0.0021136     0.0004404           2         392           0
   11.810     0.0023872     0.0004415           2         392           0
   11.870     0.0024516     0.0004588           2         392           0
   11.931     0.0024246     0.0004448           2         392           0
   11.991     0.0024487     0.0004457           2         392           0
   12.052     0.0024359     0.0004393           2         392           0
   12.112     0.0026469     0.0004742           2         392           0
   12.173     0.0029047     0.0004859           2         392           0
   12.233     0.0038012     0.0004483           2         392           0
   12.294     0.0044325     0.0004614           2         392           0
   12.354     0.0050238     0.0003851           2         392           0
   12.415     0.0084550     0.0002860           2         392           0
   12.475     0.0107130     0.0004624           2         392           0
   12.536     0.0127439     0.0004799           2         392           0
   12.596     0.0118097     0.0004637           2         392           0
   12.657     0.0092253     0.0004601           2         392           0
   12.717     0.0078049     0.0003734           2         392           0
   12.778     0.0067368     0.0004447           2         392           0
   12.838     0.0058252     0.0004606           2         392           0
   12.899     0.0054321     0.0004467           2         392           0
   12.959     0.0047571     0.0004801           2         392           0
   13.020     0.0042072     0.0004978           2         392           0
   13.080     0.0044850     0.0005137           2         392           0
   13.141     0.0043903     0.0005874           2         392           0
   13.201     0.0046038     0.0005336           2         392           0
   13.262     0.0048994     0.0005489           2         392           0
   13.322     0.0054381     0.0005628           2         392           0
   13.383     0.0055398     0.0005816           2         392           0
   13.443     0.0053388     0.0006131           2         392           0
   13.503     0.0052949     0.0005395           2         392           0
   13.564     0.0051956     0.0005114           2         392           0
   13.625     0.0054362     0.0005830           2         392           0
   13.685     0.0057389     0.0006418           2         392           0
   13.745     0.0056726     0.0006657           2         392           0
   13.806     0.0059278     0.0006639           2         392           0
   13.866     0.0060050     0.0006478           2         392           0
   13.927     0.0067051     0.0006858           2         392           0
   13.987     0.0075505     0.0007080           2         392           0
   14.069     0.0107037     0.0004601           3        4360           0
   14.154     0.0120576     0.0003885           3        4360           0
   14.239     0.0173624     0.0003613           3        4360           0
   14.323     0.0141417     0.0003999           3        4360           0
   14.408     0.0091009     0.0002914           3        4360           0
   14.493     0.0062447     0.0003946           3        4360           0
   14.577     0.0064323     0.0003837           3        4360           0
   14.662     0.0062687     0.0006318           3        4360           0
   14.747     0.0058655     0.0012510           3        4360           0
   14.832     0.0057256     0.0014061           3        4360           0
   14.916     0.0057868     0.0004762           3        4360           0
   15.001     0.0055128     0.0004568           3        4360           0
   15.085     0.0058742     0.0004604           3        4360           0
   15.170     0.0055851     0.0004206           3        4360           0
   15.255     0.0049557     0.0004546           3        4360           0
   15.340     0.0047638     0.0004497           3        4360           0
   15.424     0.0048824     0.0004069           3        4360           0
   15.509     0.0045584     0.0003741           3        4360           0
   15.594     0.0045086     0.0004026           3        4360           0
   15.678     0.0048555     0.0003828           3        4360           0
   15.763     0.0051862     0.0003486           3        4360           0
   15.848     0.0053096     0.0004157           3        4360           0
   15.932     0.0057326     0.0004795           3        4360           0
   16.017     0.0044683     0.0010339           3        4360           0
   16.102     0.0043842     0.0027028           3        4360           0
   16.186     0.0040413     0.0004688           3        4360           0
   16.271     0.0048190     0.0004409           3        4360           0
   16.356     0.0042448     0.0004955           3        4360           0
   16.440     0.0035171     0.0004804           3        4360           0
   16.525     0.0039208     0.0004236           3        4360           0
   16.610     0.0051073     0.0003488           3        4360           0
   16.694     0.0052933     0.0003689           3        4360           0
   16.779     0.0043921     0.0004969           3        4360           0
   16.864     0.0048787     0.0011803           3        4360           0
   16.948     0.0042364     0.0020518           3        4360           0
   17.033     0.0041230     0.0021263           3        4360           0
   17.118     0.0032391     0.0023302           3        4360           0
   17.202     0.0050211     0.0006066           3        4360           0
   17.287     0.0048126     0.0006030           3        4360           0
   17.372     0.0060622     0.0005700           3        4360           0
   17.456     0.0048244     0.0005107           3        4360           0
   17.541     0.0050661     0.0004886           3        4360           0
   17.626     0.0053656     0.0005203           3        4360           0
   17.711     0.0045795     0.0004254           3        4360           0
   17.795     0.0049967     0.0005634           3        4360           0
   17.880     0.0053054     0.0012695           3        4360           0
   17.965     0.0049167     0.0017117           3        4360           0
   18.049     0.0055037     0.0005733           3        4360           0
   18.134     0.0063281     0.0004889           3        4360           0
   18.219     0.0066083     0.0005429           3        4360           0
   18.303     0.0094015     0.0006989           3        4360           0
   18.388     0.0103217     0.0007243           3        4360           0
   18.472     0.0081931     0.0006601           3        4360           0
   18.557     0.0082499     0.0007503           3        4360           0
   18.642     0.0080698     0.0006305           3        4360           0
   18.727     0.0080725     0.0005602           3        4360           0
   18.811     0.0082983     0.0005925           3        4360           0
   18.896     0.0095671     0.0006034           3        4360           0
   18.981     0.0111083     0.0005845           3        4360           0
   19.065     0.0111556     0.0004844           3        4360           0
   19.150     0.0085731     0.0007076           3        4360           0
   19.235     0.0063822     0.0009841           3    19009600           0
   19.404     0.0074196     0.0015292           3    19009600           0
   19.573     0.0059275     0.0011082           3    19009600           0
   19.743     0.0061547     0.0011408           3    19009600           0
   19.912     0.0061319     0.0011266           3    19009600           0
   20.081     0.0060971     0.0035379           3        4360           0
   20.251     0.0054882     0.0019465           3        4360           0
   20.420     0.0059442     0.0014076           3        4360           0
   20.590     0.0062631     0.0012652           3        4360           0
   20.759     0.0079088     0.0014421           3        4360           0
   20.928     0.0095227     0.0017053           3        4360           0
   21.097     0.0076376     0.0006239           4        4360           0
   21.267     0.0094823     0.0005301           4        4360           0
   21.436     0.0066962     0.0008132           4        4360           0
   21.606     0.0062880     0.0007962           4        4360           0
   21.775     0.0062129     0.0007886           4        4360           0
   21.944     0.0063684     0.0007633           4        4360           0
   22.114     0.0080307     0.0006105           4        4360           0
   22.283     0.0068435     0.0006187           4        4360           0
   22.452     0.0072823     0.0006567           4        4360           0
   22.622     0.0072604     0.0006640           4        4360           0
   22.791     0.0067972     0.0005776           4        4360           0
   22.960     0.0072135     0.0004631           4        4360           0
   23.130     0.0070948     0.0005644           4        4360           0
   23.299     0.0066954     0.0005744           4        4360           0
   23.469     0.0064726     0.0006144           4        4360           0
   23.638     0.0070943     0.0004996           4        4360           0
   23.807     0.0075026     0.0004296           4        4360           0
   23.976     0.0073811     0.0004620           4        4360           0
   24.146     0.0075136     0.0005656           4        4360           0
   24.315     0.0080562     0.0005859           4        4360           0
   24.485     0.0084090     0.0006144           4        4360           0
   24.654     0.0081571     0.0006486           4        4360           0
   24.823     0.0078536     0.0006374           4        4360           0
   24.993     0.0088668     0.0007001           4        4360           0
   25.162     0.0090455     0.0006206           4        4360           0
   25.331     0.0089672     0.0006365           4        4360           0
   25.501     0.0069831     0.0005862           4        4360           0
   25.670     0.0090177     0.0007056           4        4360           0
   25.839     0.0090352     0.0024333           4        4360           0
   26.009     0.0089831     0.0008008           4        4360           0
   26.178     0.0087017     0.0004814           4        4360           0
   26.347     0.0095652     0.0004243           4        4360           0
   26.517     0.0101203     0.0005018           4        4360           0
   26.686     0.0106707     0.0011974           4        4360           0
   26.856     0.0111442     0.0010969           4        4360           0
   27.025     0.0109798     0.0005654           4        4360           0
   27.194     0.0107841     0.0005481           4        4360           0
   27.364     0.0102058     0.0005379           4        4360           0
   27.533     0.0102065     0.0005340           4        4360           0
   27.702     0.0107918     0.0006109           4        4360           0
   27.872     0.0106771     0.0006433           4        4360           0
   28.041     0.0113689     0.0007028           4        4360           0
   28.210     0.0115427     0.0007914           4        4360           0
   28.380     0.0115596     0.0006485           4        4360           0
   28.549     0.0115442     0.0007508           4        4360           0
   28.719     0.0114284     0.0006343           4        4360           0
   28.888     0.0128276     0.0014260           4        4360           0
   29.057     0.0133189     0.0009090           4        4360           0
   29.226     0.0129770     0.0007492           4        4360           0
   29.396     0.0127962     0.0008564           4        4360           0
   29.565     0.0127491     0.0031152           4        4360           0
   29.735     0.0129664     0.0028415           4        4360           0
   29.904     0.0127703     0.0007469           4        4360           0
   30.073     0.0123428     0.0007899           4        4360           0
   30.243     0.0130698     0.0007975           4        4360           0
   30.412     0.0142431     0.0007844           4        4360           0
   30.581     0.0133320     0.0134836           4        4360           0
   30.751     0.0124677     0.0013454           4        4360           0
   30.920     0.0141078     0.0009931           4        4360           0
   31.089     0.0129073     0.0009147           4        4360           0
   31.259     0.0138275     0.0008469           4        4360           0
   31.428     0.0151827     0.0007324           4        4360           0
   31.597     0.0153629     0.0007665           4        4360           0
   31.767     0.0144538     0.0007965           4        4360           0
   31.936     0.0145592     0.0018956           4        4360           0
   32.105     0.0145882     0.0041406           4        4360           0
   32.275     0.0132253     0.0055489           4        4360           0
   32.444     0.0126127     0.0022085           4        4360           0
   32.614     0.0129485     0.0012918           4        4360           0
   32.783     0.0149284     0.0013131           4        4360           0
   32.952     0.0146660     0.0013210           4        4360           0
   33.122     0.0157540     0.0015487           4        4360           0
   33.291     0.0153736     0.0016021           4        4360           0
   33.460     0.0162140     0.0014701           4        4360           0
   33.630     0.0178643     0.0013840           4        4360           0
   33.799     0.0189108     0.0016736           4        4360           0
   33.968     0.0188822     0.0021686           4        4360           0
   34.138     0.0191942     0.0024782           4        4360           0
   34.307     0.0178331     0.0023286           4        4360           0
   34.477     0.0165497     0.0023209           4        4360           0
   34.646     0.0166148     0.0021567           4        4360           0
   34.815     0.0180835     0.0030730           4        4360           0
   34.985     0.0136811     0.0094278           4        4360           0
   35.154     0.0150180     0.0038774           4        4360           0
   35.323     0.0208547     0.0052675           4        4360           0
   35.493     0.0195120     0.0030483           4        4360           0
   35.662     0.0195020     0.0030137           4        4360           0
   35.831     0.0191658     0.0027801           4        4360           0
   36.001     0.0170758     0.0026772           4        4360           0
   36.170     0.0171869     0.0028293           4        4360           0
   36.339     0.0201985     0.0035098           4        4360           0
   36.509     0.0245699     0.0043902           4        4360           0
   36.678     0.0235141     0.0052931           4        4360           0
   36.847     0.0316630     0.0025870           4        4360           0
   37.017     0.0218444     0.0086981           4        4360           0
   37.186     0.0306169     0.0062464           4        4360           0
   37.355     0.0297541     0.0070437           4        4360           0
   37.525     0.0227372     0.0052334           4        4360           0
   37.694     0.0162320     0.0078840           4        4360           0
   37.864     0.0298730     0.0078564           4        4360           0
   38.033     0.0504819     0.0124083           4        4360           0
   38.202     0.0538543     0.0212030           4        4360           0
   38.372     0.0079290     0.0211389           4        4360           0
   38.541     0.0122730     0.0153749           4        4360           0
   38.710     0.0166132     0.0197616           4        4360           0
   38.880     0.0864519     0.0366246           4        4360           0
   39.049     0.0430161     0.1951433           4        4360           0
   39.218     0.0123306     0.0804615           4        4360           0
   39.388    -0.0003568     0.0113922           4        4360           0
   39.557     0.0143881     0.0300847           4        4360           0
   39.727     0.0127589     0.0493576           4        4360           0
   39.896     0.0068416     0.0138641           4        4488           0
   40.065     0.0021987     0.0063080           4        4488           0
   40.235    -0.0000471     0.0039081           4        4488           0
   40.404    -0.0006324     0.0022857           4        4488           0
   40.573     0.0003135     0.0009779           4        4488           0
   40.743     0.0006240     0.0004402           4        4508           0
   40.912     0.0002101     0.0003199           4        4488           0
   41.081    -0.0000305     0.0001581           4        4488           0
   41.251     0.0000739     0.0001433           4        4488           0
   41.420     0.0001528     0.0002476           4        4488           0
   41.589     0.0057350     0.0002080           4        4488           0
   41.759     0.0156250     0.0002210           4        4488           0
   41.928     0.0009207     0.0008740           4        4508           0
   42.097     0.0000619     0.0005528           4        4508           0
   42.267     0.0023061     0.0007432           4        4488           0
