wave flux error channelflag bitflag stitchflag
    5.127     0.0001924     0.0033213           1         392           0
    5.157     0.0004052     0.0019476           1         136           0
    5.187     0.0006976     0.0009268           1         136           0
    5.217     0.0004438     0.0005897           1         136           0
    5.247     0.0005487     0.0005981           1         136           0
    5.278     0.0004127     0.0005849           1         136           0
    5.308     0.0004640     0.0005553           1         136           0
    5.338     0.0006062     0.0005339           1         392           0
    5.368     0.0005723     0.0005068           1         392           0
    5.399     0.0005698     0.0005315           1       16776           0
    5.429     0.0004357     0.0005771           1       16796           0
    5.459     0.0004095     0.0005314           1       16796           0
    5.489     0.0004854     0.0004525           1         392           0
    5.520     0.0004051     0.0004611           1         392           0
    5.550     0.0004416     0.0005011           1         392           0
    5.580     0.0004412     0.0004647           1         392           0
    5.610     0.0001750     0.0004567           1         392           0
    5.641     0.0002755     0.0003778           1        8468           0
    5.671     0.0002351     0.0004365           1        8468           0
    5.701     0.0002845     0.0004217           1         392           0
    5.731     0.0004000     0.0004707           1         392           0
    5.762     0.0002206     0.0004351           1         412           0
    5.792     0.0004688     0.0004601           1         412           0
    5.822     0.0003043     0.0004628           1         392           0
    5.852     0.0005405     0.0005049           1         392           0
    5.883     0.0004842     0.0005661           1         392           0
    5.913     0.0004984     0.0005347           1         136           0
    5.943     0.0004182     0.0005142           1         136           0
    5.973     0.0004658     0.0004960           1         136           0
    6.004     0.0006042     0.0004929           1         136           0
    6.034     0.0004674     0.0004814           1         136           0
    6.064     0.0005702     0.0004927           1         392           0
    6.094     0.0002122     0.0004832           1         392           0
    6.125     0.0004814     0.0005167           1         392           0
    6.155     0.0004486     0.0005243           1         392           0
    6.185     0.0004982     0.0005060           1         392           0
    6.215     0.0005062     0.0005028           1         392           0
    6.245     0.0003004     0.0004984           1         392           0
    6.276     0.0003699     0.0005608           1         392           0
    6.306     0.0004234     0.0005886           1         392           0
    6.336     0.0006113     0.0006134           1         392           0
    6.366     0.0005139     0.0005740           1         392           0
    6.397     0.0006767     0.0005416           1         392           0
    6.427     0.0009374     0.0005656           1         392           0
    6.457     0.0005012     0.0005544           1         392           0
    6.487     0.0005836     0.0005959           1         392           0
    6.518     0.0008875     0.0005813           1         392           0
    6.548     0.0006534     0.0006483           1         392           0
    6.578     0.0008922     0.0006395           1         392           0
    6.608     0.0007572     0.0006878           1         392           0
    6.639     0.0005799     0.0006633           1         136           0
    6.669     0.0006262     0.0005701           1         136           0
    6.699     0.0006230     0.0005416           1         136           0
    6.729     0.0006686     0.0006351           1         136           0
    6.760     0.0006923     0.0006652           1         136           0
    6.790     0.0006553     0.0007219           1         392           0
    6.820     0.0009439     0.0007183           1         392           0
    6.850     0.0007010     0.0007719           1         392           0
    6.881     0.0007872     0.0007206           1         392           0
    6.911     0.0011201     0.0007639           1         392           0
    6.941     0.0013203     0.0007807           1         392           0
    6.971     0.0013477     0.0007395           1         392           0
    7.002     0.0014463     0.0008091           1         392           0
    7.032     0.0015353     0.0008960           1         392           0
    7.062     0.0024049     0.0008740           1         392           0
    7.092     0.0033769     0.0008258           1         392           0
    7.122     0.0044436     0.0007776           1         392           0
    7.153     0.0053386     0.0007877           1         392           0
    7.183     0.0055709     0.0007587           1         392           0
    7.213     0.0046467     0.0008133           1         392           0
    7.243     0.0033848     0.0008432           1         392           0
    7.274     0.0029016     0.0008405           1         392           0
    7.304     0.0024276     0.0009358           1         392           0
    7.334     0.0019076     0.0011648           1       53312           0
    7.395     0.0019160     0.0012792           1       18496           0
    7.455     0.0014805     0.0012341           1       18496           0
    7.516     0.0017624     0.0011586           1       53312           0
    7.576     0.0017531     0.0014785           1      153664           0
    7.637     0.0016777     0.0005509           1         392           0
    7.697     0.0015891     0.0005815           1         392           0
    7.758     0.0018583     0.0007293           1         392           0
    7.818     0.0017935     0.0007607           1         392           0
    7.879     0.0019798     0.0007294           1         392           0
    7.939     0.0021669     0.0007317           1         392           0
    8.000     0.0023111     0.0006585           1         392           0
    8.060     0.0024774     0.0005977           1         392           0
    8.120     0.0023468     0.0005960           1         392           0
    8.181     0.0023820     0.0005853           1         392           0
    8.241     0.0024311     0.0005858           1         392           0
    8.302     0.0025229     0.0006031           1         392           0
    8.362     0.0029010     0.0003577           2       16796           0
    8.423     0.0031753     0.0003516           2       16796           0
    8.483     0.0038275     0.0003743           2       16792           0
    8.544     0.0048591     0.0003424           2       16776           0
    8.604     0.0062337     0.0002574           2         392           0
    8.665     0.0066910     0.0003289           2         392           0
    8.725     0.0079310     0.0003809           2         392           0
    8.786     0.0088556     0.0003137           2         392           0
    8.846     0.0079207     0.0003801           2         392           0
    8.907     0.0081215     0.0003497           2         392           0
    8.967     0.0080665     0.0003420           2         392           0
    9.028     0.0079015     0.0004168           2         136           0
    9.088     0.0072667     0.0003777           2         136           0
    9.149     0.0062285     0.0004022           2         136           0
    9.209     0.0057707     0.0003809           2         136           0
    9.270     0.0053635     0.0003886           2         136           0
    9.330     0.0047045     0.0004066           2         136           0
    9.391     0.0043380     0.0003965           2         392           0
    9.451     0.0040774     0.0004018           2         392           0
    9.512     0.0040976     0.0003537           2         392           0
    9.572     0.0043071     0.0003663           2         392           0
    9.633     0.0043195     0.0003679           2         392           0
    9.693     0.0043641     0.0003580           2         392           0
    9.754     0.0046817     0.0015137           2       16796           0
    9.814     0.0051571     0.0007908           2       16796           0
    9.875     0.0055981     0.0003136           2         392           0
    9.935     0.0053133     0.0003289           2         392           0
    9.995     0.0049135     0.0003047           2         392           0
   10.056     0.0043730     0.0003200           2         392           0
   10.116     0.0036274     0.0003100           2         392           0
   10.177     0.0029524     0.0003294           2         392           0
   10.237     0.0025994     0.0003040           2         392           0
   10.298     0.0019844     0.0002714           2         392           0
   10.358     0.0019931     0.0003307           2         392           0
   10.419     0.0019562     0.0003417           2         392           0
   10.479     0.0018329     0.0003722           2         392           0
   10.540     0.0017122     0.0003505           2         392           0
   10.600     0.0016407     0.0003255           2         392           0
   10.661     0.0017257     0.0003301           2         392           0
   10.721     0.0014794     0.0003408           2         392           0
   10.782     0.0017223     0.0003417           2         392           0
   10.842     0.0016470     0.0003745           2         392           0
   10.903     0.0013657     0.0003835           2         392           0
   10.963     0.0013435     0.0003629           2         392           0
   11.024     0.0013172     0.0003921           2         392           0
   11.084     0.0014982     0.0004097           2         392           0
   11.145     0.0019080     0.0004214           2         392           0
   11.205     0.0012821     0.0004142           2         392           0
   11.266     0.0014146     0.0004082           2         392           0
   11.326     0.0013916     0.0004145           2         392           0
   11.387     0.0015822     0.0004224           2         412           0
   11.447     0.0015611     0.0004383           2         412           0
   11.508     0.0013482     0.0004464           2         392           0
   11.568     0.0011966     0.0004255           2         392           0
   11.628     0.0011350     0.0004482           2         392           0
   11.689     0.0012216     0.0004296           2         392           0
   11.750     0.0012071     0.0004240           2         392           0
   11.810     0.0010724     0.0004757           2         392           0
   11.870     0.0014504     0.0004334           2         392           0
   11.931     0.0015789     0.0004505           2         392           0
   11.991     0.0017157     0.0004379           2         392           0
   12.052     0.0015834     0.0004619           2         392           0
   12.112     0.0016342     0.0004760           2         392           0
   12.173     0.0023305     0.0004624           2         392           0
   12.233     0.0024945     0.0004565           2         392           0
   12.294     0.0021244     0.0004663           2         392           0
   12.354     0.0019213     0.0004921           2         392           0
   12.415     0.0021276     0.0004862           2         392           0
   12.475     0.0024448     0.0004597           2         392           0
   12.536     0.0023616     0.0004805           2         392           0
   12.596     0.0029317     0.0004372           2         392           0
   12.657     0.0034026     0.0004468           2         392           0
   12.717     0.0042022     0.0004283           2         392           0
   12.778     0.0048406     0.0004655           2         392           0
   12.838     0.0081319     0.0003214           2         392           0
   12.899     0.0095599     0.0003572           2         392           0
   12.959     0.0125262     0.0003656           2         392           0
   13.020     0.0098013     0.0003663           2         392           0
   13.080     0.0085885     0.0004273           2         392           0
   13.141     0.0073743     0.0005536           2         392           0
   13.201     0.0060492     0.0005713           2         392           0
   13.262     0.0058408     0.0005594           2         392           0
   13.322     0.0051155     0.0006065           2         392           0
   13.383     0.0045081     0.0006044           2         392           0
   13.443     0.0041023     0.0006103           2         392           0
   13.503     0.0039993     0.0006269           2         392           0
   13.564     0.0038696     0.0005846           2         392           0
   13.625     0.0040240     0.0006314           2         392           0
   13.685     0.0039808     0.0006389           2         392           0
   13.745     0.0042945     0.0006642           2         392           0
   13.806     0.0044614     0.0006562           2         392           0
   13.866     0.0049649     0.0006529           2         392           0
   13.927     0.0044665     0.0006793           2         392           0
   13.987     0.0043587     0.0007106           2         392           0
   14.048     0.0044673     0.0007261           2         392           0
   14.108     0.0045860     0.0007705           2         392           0
   14.169     0.0044913     0.0007814           2         392           0
   14.229     0.0044649     0.0008143           2         392           0
   14.290     0.0057683     0.0005585           2         392           0
   14.408     0.0058367     0.0005693           3        4360           0
   14.493     0.0065467     0.0006157           3        4360           0
   14.577     0.0072443     0.0006235           3        4360           0
   14.662     0.0079584     0.0006255           3        4360           0
   14.747     0.0085864     0.0005553           3        4360           0
   14.832     0.0092640     0.0008129           3        4360           0
   14.916     0.0047511     0.0007089           3        4360           0
   15.001     0.0032783     0.0007291           3        4360           0
   15.085     0.0043752     0.0006516           3        4360           0
   15.170     0.0039450     0.0006783           3        4360           0
   15.255     0.0043332     0.0006281           3        4360           0
   15.340     0.0042240     0.0006598           3        4360           0
   15.424     0.0037304     0.0005497           3        4360           0
   15.509     0.0033539     0.0004812           3        4360           0
   15.594     0.0032438     0.0005141           3        4360           0
   15.678     0.0031075     0.0005413           3        4360           0
   15.763     0.0026950     0.0004819           3        4360           0
   15.848     0.0025073     0.0005570           3        4360           0
   15.932     0.0028663     0.0006225           3        4360           0
   16.017     0.0027300     0.0007748           3        4360           0
   16.102     0.0031748     0.0008904           3        4360           0
   16.186     0.0026801     0.0008759           3        4360           0
   16.271     0.0023263     0.0007258           3        4360           0
   16.356     0.0031575     0.0007123           3        4360           0
   16.440     0.0028989     0.0006915           3        4360           0
   16.525     0.0033556     0.0005090           3        4360           0
   16.610     0.0021918     0.0004912           3        4360           0
   16.694     0.0018760     0.0005153           3        4360           0
   16.779     0.0020621     0.0006969           3        4360           0
   16.864     0.0017929     0.0008540           3        4360           0
   16.948     0.0025320     0.0008507           3        4360           0
   17.033     0.0026847     0.0007308           3        4360           0
   17.118     0.0022595     0.0015417           3        4360           0
   17.202     0.0021263     0.0010024           3        4360           0
   17.287     0.0019054     0.0007726           3        4360           0
   17.372     0.0018118     0.0007045           3        4360           0
   17.456     0.0023882     0.0007661           3        4360           0
   17.541     0.0024449     0.0006909           3        4360           0
   17.626     0.0024312     0.0006874           3        4360           0
   17.711     0.0030351     0.0007087           3        4360           0
   17.795     0.0033755     0.0007368           3        4360           0
   17.880     0.0035579     0.0007708           3        4360           0
   17.965     0.0036173     0.0008003           3        4360           0
   18.049     0.0033266     0.0008310           3        4360           0
   18.134     0.0031041     0.0008169           3        4360           0
   18.219     0.0030785     0.0009155           3        4360           0
   18.303     0.0032301     0.0010172           3        4360           0
   18.388     0.0037894     0.0010471           3        4360           0
   18.472     0.0028378     0.0007870           3        4360           0
   18.557     0.0062149     0.0010781           3        4360           0
   18.642     0.0041072     0.0009125           3        4360           0
   18.727     0.0035813     0.0008209           3        4360           0
   18.811     0.0038821     0.0010078           3        4360           0
   18.896     0.0047388     0.0009802           3        4360           0
   18.981     0.0056784     0.0007761           3        4360           0
   19.065     0.0063492     0.0008754           3        4360           0
   19.150     0.0064507     0.0009168           3        4360           0
   19.235     0.0038442     0.0012558           3    19009600           0
   19.404     0.0060494     0.0020856           3    19009600           0
   19.573     0.0033928     0.0016796           3    19009600           0
   19.743     0.0061231     0.0016293           3    19009600           0
   19.912     0.0059066     0.0016526           3    19009600           0
   20.081     0.0056466     0.0046749           3        4360           0
   20.251     0.0051721     0.0026983           3        4360           0
   20.420     0.0047046     0.0016012           3        4360           0
   20.590     0.0037486     0.0016146           3        4360           0
   20.759     0.0034685     0.0018772           3        4360           0
   20.928     0.0039928     0.0031131           3        4360           0
   21.097     0.0036575     0.0008393           4        4360           0
   21.267     0.0043250     0.0010660           4        4360           0
   21.436     0.0034308     0.0010536           4        4360           0
   21.606     0.0058368     0.0011061           4        4360           0
   21.775     0.0054413     0.0010557           4        4360           0
   21.944     0.0042296     0.0010597           4        4360           0
   22.114     0.0039215     0.0010526           4        4360           0
   22.283     0.0036222     0.0006758           4        4360           0
   22.452     0.0044536     0.0008551           4        4360           0
   22.622     0.0039651     0.0011591           4        4360           0
   22.791     0.0035000     0.0007892           4        4360           0
   22.960     0.0042575     0.0006625           4        4360           0
   23.130     0.0047988     0.0006791           4        4360           0
   23.299     0.0048711     0.0007210           4        4360           0
   23.469     0.0048304     0.0007882           4        4360           0
   23.638     0.0046775     0.0007328           4        4360           0
   23.807     0.0048200     0.0005481           4        4360           0
   23.976     0.0041558     0.0006616           4        4360           0
   24.146     0.0042698     0.0008152           4        4360           0
   24.315     0.0049936     0.0007704           4        4360           0
   24.485     0.0050704     0.0008291           4        4360           0
   24.654     0.0047823     0.0007890           4        4360           0
   24.823     0.0056919     0.0008259           4        4360           0
   24.993     0.0057959     0.0010482           4        4360           0
   25.162     0.0055722     0.0008154           4        4360           0
   25.331     0.0050653     0.0007297           4        4360           0
   25.501     0.0047692     0.0008593           4        4360           0
   25.670     0.0054370     0.0010347           4        4360           0
   25.839     0.0063194     0.0035312           4        4360           0
   26.009     0.0060216     0.0011397           4        4360           0
   26.178     0.0050190     0.0006814           4        4360           0
   26.347     0.0046977     0.0010970           4        4360           0
   26.517     0.0060912     0.0006317           4        4360           0
   26.686     0.0058082     0.0008168           4        4360           0
   26.856     0.0059051     0.0007910           4        4360           0
   27.025     0.0057024     0.0007967           4        4360           0
   27.194     0.0060862     0.0008063           4        4360           0
   27.364     0.0073040     0.0006271           4        4360           0
   27.533     0.0065327     0.0007213           4        4360           0
   27.702     0.0069199     0.0008319           4        4360           0
   27.872     0.0072825     0.0009185           4        4360           0
   28.041     0.0062261     0.0010083           4        4360           0
   28.210     0.0055651     0.0009407           4        4360           0
   28.380     0.0058255     0.0010350           4        4360           0
   28.549     0.0062514     0.0009526           4        4360           0
   28.719     0.0067807     0.0008643           4        4360           0
   28.888     0.0063901     0.0007978           4        4360           0
   29.057     0.0069848     0.0009090           4        4360           0
   29.226     0.0078716     0.0009630           4        4360           0
   29.396     0.0072891     0.0012685           4        4360           0
   29.565     0.0066394     0.0048748           4        4360           0
   29.735     0.0059574     0.0044148           4        4360           0
   29.904     0.0068394     0.0016856           4        4360           0
   30.073     0.0077476     0.0036077           4        4360           0
   30.243     0.0081597     0.0010423           4        4360           0
   30.412     0.0079398     0.0012557           4        4360           0
   30.581     0.0060801     0.0117928           4        4360           0
   30.751     0.0081107     0.0014476           4        4360           0
   30.920     0.0074506     0.0010905           4        4360           0
   31.089     0.0077721     0.0022041           4        4360           0
   31.259     0.0074103     0.0014872           4        4360           0
   31.428     0.0088767     0.0009549           4        4360           0
   31.597     0.0088617     0.0011201           4        4360           0
   31.767     0.0085482     0.0011155           4        4360           0
   31.936     0.0081623     0.0011660           4        4360           0
   32.105     0.0098298     0.0013390           4        4360           0
   32.275     0.0103947     0.0015522           4        4360           0
   32.444     0.0093508     0.0016460           4        4360           0
   32.614     0.0104447     0.0016170           4        4360           0
   32.783     0.0092681     0.0018153           4        4360           0
   32.952     0.0084073     0.0019053           4        4360           0
   33.122     0.0119326     0.0021981           4        4360           0
   33.291     0.0086992     0.0022968           4        4360           0
   33.460     0.0097685     0.0016612           4        4360           0
   33.630     0.0103127     0.0019760           4        4360           0
   33.799     0.0107926     0.0020924           4        4360           0
   33.968     0.0094784     0.0022544           4        4360           0
   34.138     0.0085157     0.0029127           4        4360           0
   34.307     0.0087197     0.0016053           4        4360           0
   34.477     0.0069167     0.0028899           4        4360           0
   34.646     0.0092860     0.0025791           4        4360           0
   34.815     0.0084287     0.0059836           4        4360           0
   34.985     0.0099176     0.0307589           4        4360           0
   35.154     0.0083535     0.0081163           4        4360           0
   35.323     0.0149523     0.0101313           4        4360           0
   35.493     0.0089229     0.0311113           4        4360           0
   35.662    -0.0005478     0.0113093           4        4360           0
   35.831     0.0035806     0.0056248           4        4360           0
   36.001     0.0072141     0.0038831           4        4360           0
   36.170     0.0123502     0.0033279           4        4360           0
   36.339     0.0076838     0.0049446           4        4360           0
   36.509     0.0075899     0.0070950           4        4360           0
   36.678     0.0106686     0.0107023           4        4360           0
   36.847     0.0047231     0.0057416           4        4360           0
   37.017     0.0139084     0.0081991           4        4360           0
   37.186     0.0042013     0.0065891           4        4360           0
   37.355     0.0037709     0.0078056           4        4360           0
   37.525     0.0052403     0.0099308           4        4360           0
   37.694     0.0064971     0.0119024           4        4360           0
   37.864     0.0209902     0.0138950           4        4360           0
   38.033     0.0225664     0.0407331           4        4360           0
   38.202     0.0105064     0.0098057           4        4360           0
   38.372     0.0140833     0.0162867           4        4360           0
   38.541     0.0221138     0.0421929           4        4360           0
   38.710     0.0336558     0.0228725           4        4360           0
   38.880     0.0146208     0.0201744           4        4360           0
   39.049     0.0066629     0.0658369           4        4360           0
   39.218    -0.0132130     0.0349915           4        4360           0
   39.388     0.0057644     0.0201250           4        4360           0
   39.557     0.0202947     0.0648969           4        4360           0
   39.727     0.0141730     0.1097035           4        4360           0
   39.896    -0.0066229     0.0238941           4        4488           0
   40.065     0.0085008     0.0152702           4        4488           0
   40.235     0.0009237     0.0095523           4        4488           0
   40.404     0.0061354     0.0061680           4        4488           0
   40.573     0.0019761     0.0078684           4        4488           0
   40.743     0.0012710     0.0008352           4        4508           0
   40.912     0.0009552     0.0002731           4        4488           0
   41.081    -0.0000105     0.0001701           4        4488           0
   41.251     0.0002929     0.0001742           4        4488           0
   41.420     0.0000792     0.0003515           4        4488           0
   41.589     0.0000830     0.0004391           4        4488           0
   41.759     0.0003483     0.0004745           4        4488           0
   41.928     0.0000435     0.0013091           4        4508           0
   42.097     0.0002940     0.0008166           4        4508           0
   42.267     0.0003906     0.0010305           4        4488           0
