wave flux error channelflag bitflag stitchflag
    5.127    -0.0035838     0.0044048           1         392           0
    5.157    -0.0012794     0.0025912           1         136           0
    5.187     0.0002831     0.0011378           1         136           0
    5.217     0.0009450     0.0007811           1         136           0
    5.247     0.0006699     0.0008063           1         136           0
    5.278     0.0006367     0.0008574           1         136           0
    5.308    -0.0005047     0.0006038           1         136           0
    5.338    -0.0001038     0.0005072           1         392           0
    5.368     0.0006155     0.0006057           1         392           0
    5.399     0.0005497     0.0006297           1       16776           0
    5.429     0.0004031     0.0006076           1       16796           0
    5.459     0.0007661     0.0006201           1       16796           0
    5.489     0.0011298     0.0007006           1         392           0
    5.520     0.0004670     0.0004817           1         392           0
    5.550     0.0003990     0.0006410           1         392           0
    5.580     0.0006191     0.0006104           1         392           0
    5.610     0.0006346     0.0006173           1         392           0
    5.641     0.0006772     0.0006658           1        8468           0
    5.671     0.0009066     0.0005004           1        8468           0
    5.701     0.0013655     0.0005464           1         392           0
    5.731     0.0009603     0.0006060           1         392           0
    5.762     0.0004876     0.0006097           1         412           0
    5.792     0.0004988     0.0006358           1         412           0
    5.822     0.0010632     0.0006473           1         392           0
    5.852     0.0010732     0.0006440           1         392           0
    5.883     0.0003563     0.0006538           1         392           0
    5.913     0.0001647     0.0005617           1         136           0
    5.943     0.0006617     0.0005262           1         136           0
    5.973     0.0011088     0.0006821           1         136           0
    6.004     0.0002354     0.0006690           1         136           0
    6.034     0.0001989     0.0006227           1         136           0
    6.064     0.0008255     0.0006163           1         392           0
    6.094     0.0006575     0.0006484           1         392           0
    6.125     0.0007739     0.0007157           1         392           0
    6.155     0.0012069     0.0007131           1         392           0
    6.185     0.0005677     0.0006524           1         392           0
    6.215     0.0003809     0.0006386           1         392           0
    6.245     0.0009910     0.0007361           1         392           0
    6.276     0.0006563     0.0007872           1         392           0
    6.306     0.0006877     0.0007082           1         392           0
    6.336     0.0002541     0.0007972           1         392           0
    6.366     0.0006418     0.0008010           1         392           0
    6.397     0.0007773     0.0007268           1         392           0
    6.427     0.0007539     0.0007126           1         392           0
    6.457     0.0004803     0.0007026           1         392           0
    6.487     0.0006845     0.0006637           1         392           0
    6.518     0.0004321     0.0007663           1         392           0
    6.548     0.0004363     0.0008545           1         392           0
    6.578     0.0010793     0.0009102           1         392           0
    6.608     0.0012581     0.0009356           1         392           0
    6.639     0.0013259     0.0009069           1         136           0
    6.669     0.0023693     0.0008248           1         136           0
    6.699     0.0021026     0.0008364           1         136           0
    6.729     0.0025458     0.0007873           1         136           0
    6.760     0.0032440     0.0009050           1         136           0
    6.790     0.0027296     0.0008882           1         392           0
    6.820     0.0025798     0.0009166           1         392           0
    6.850     0.0020291     0.0009308           1         392           0
    6.881     0.0016524     0.0010752           1         392           0
    6.911     0.0018736     0.0007263           1         392           0
    6.941     0.0014139     0.0010044           1         392           0
    6.971     0.0009886     0.0010694           1         392           0
    7.002     0.0009205     0.0010486           1         392           0
    7.032     0.0006344     0.0010921           1         392           0
    7.062     0.0008135     0.0008525           1         392           0
    7.092     0.0009183     0.0007988           1         392           0
    7.122     0.0011947     0.0008249           1         392           0
    7.153     0.0008500     0.0009562           1         392           0
    7.183     0.0005287     0.0008971           1         392           0
    7.213    -0.0002031     0.0010616           1         392           0
    7.243    -0.0001091     0.0010720           1         392           0
    7.274     0.0014625     0.0011273           1         392           0
    7.304     0.0008509     0.0012486           1         392           0
    7.334     0.0005545     0.0014954           1       53312           0
    7.395     0.0016541     0.0014878           1       18496           0
    7.455     0.0021691     0.0014671           1       18496           0
    7.516     0.0024530     0.0014517           1       53312           0
    7.576     0.0023908     0.0017614           1      153664           0
    7.637     0.0022630     0.0008750           1         392           0
    7.697     0.0019064     0.0006870           1         392           0
    7.758     0.0015008     0.0009451           1         392           0
    7.818     0.0022181     0.0008799           1         392           0
    7.879     0.0021577     0.0009039           1         392           0
    7.939     0.0019853     0.0009052           1         392           0
    8.000     0.0024977     0.0008675           1         392           0
    8.060     0.0032100     0.0007874           1         392           0
    8.120     0.0041390     0.0006870           1         392           0
    8.181     0.0048300     0.0007227           1         392           0
    8.241     0.0053063     0.0006297           1         392           0
    8.302     0.0055162     0.0007026           1         392           0
    8.362     0.0060461     0.0003793           2       16796           0
    8.423     0.0049836     0.0005205           2       16796           0
    8.483     0.0049011     0.0004945           2       16792           0
    8.544     0.0052012     0.0005051           2       16776           0
    8.604     0.0049617     0.0005197           2         392           0
    8.665     0.0044018     0.0003896           2         392           0
    8.725     0.0036080     0.0004695           2         392           0
    8.786     0.0031526     0.0004866           2         392           0
    8.846     0.0028821     0.0004822           2         392           0
    8.907     0.0028679     0.0005165           2         392           0
    8.967     0.0029257     0.0005231           2         392           0
    9.028     0.0027269     0.0005004           2         136           0
    9.088     0.0025715     0.0004940           2         136           0
    9.149     0.0031029     0.0003909           2         136           0
    9.209     0.0029675     0.0004589           2         136           0
    9.270     0.0033301     0.0004735           2         136           0
    9.330     0.0034027     0.0004682           2         136           0
    9.391     0.0038478     0.0005101           2         392           0
    9.451     0.0035868     0.0004862           2         392           0
    9.512     0.0031194     0.0005005           2         392           0
    9.572     0.0026302     0.0004502           2         392           0
    9.633     0.0017292     0.0004082           2         392           0
    9.693     0.0013189     0.0004435           2         392           0
    9.754     0.0014541     0.0004430           2       16796           0
    9.814     0.0011686     0.0004374           2       16796           0
    9.875     0.0011687     0.0003902           2         392           0
    9.935     0.0009969     0.0003896           2         392           0
    9.995     0.0009628     0.0004008           2         392           0
   10.056     0.0013145     0.0003615           2         392           0
   10.116     0.0013945     0.0004078           2         392           0
   10.177     0.0014638     0.0004147           2         392           0
   10.237     0.0013342     0.0004112           2         392           0
   10.298     0.0011127     0.0003880           2         392           0
   10.358     0.0010048     0.0003749           2         392           0
   10.419     0.0009405     0.0004123           2         392           0
   10.479     0.0010931     0.0003989           2         392           0
   10.540     0.0011439     0.0004264           2         392           0
   10.600     0.0008380     0.0003920           2         392           0
   10.661     0.0014128     0.0003466           2         392           0
   10.721     0.0008904     0.0004151           2         392           0
   10.782     0.0010220     0.0004418           2         392           0
   10.842     0.0011661     0.0004232           2         392           0
   10.903     0.0008807     0.0004451           2         392           0
   10.963     0.0010042     0.0004609           2         392           0
   11.024     0.0009762     0.0004726           2         392           0
   11.084     0.0010421     0.0005007           2         392           0
   11.145     0.0011929     0.0005173           2         392           0
   11.205     0.0011032     0.0005270           2         392           0
   11.266     0.0006799     0.0005092           2         392           0
   11.326     0.0008383     0.0005744           2         392           0
   11.387     0.0011011     0.0005474           2         412           0
   11.447     0.0012927     0.0005341           2         412           0
   11.508     0.0014793     0.0006073           2         392           0
   11.568     0.0025459     0.0005504           2         392           0
   11.628     0.0008462     0.0005160           2         392           0
   11.689     0.0013040     0.0005601           2         392           0
   11.750     0.0012898     0.0005678           2         392           0
   11.810     0.0018247     0.0005427           2         392           0
   11.870     0.0013645     0.0005219           2         392           0
   11.931     0.0018331     0.0005339           2         392           0
   11.991     0.0022869     0.0005646           2         392           0
   12.052     0.0027456     0.0005966           2         392           0
   12.112     0.0035813     0.0005758           2         392           0
   12.173     0.0052805     0.0006197           2         392           0
   12.233     0.0065610     0.0005950           2         392           0
   12.294     0.0069470     0.0006475           2         392           0
   12.354     0.0063260     0.0006362           2         392           0
   12.415     0.0054796     0.0004819           2         392           0
   12.475     0.0042615     0.0005771           2         392           0
   12.536     0.0036491     0.0005814           2         392           0
   12.596     0.0031618     0.0005578           2         392           0
   12.657     0.0020368     0.0004805           2         392           0
   12.717     0.0020538     0.0005730           2         392           0
   12.778     0.0024331     0.0006334           2         392           0
   12.838     0.0022608     0.0006088           2         392           0
   12.899     0.0021213     0.0005965           2         392           0
   12.959     0.0023090     0.0006416           2         392           0
   13.020     0.0027702     0.0006843           2         392           0
   13.080     0.0024229     0.0006221           2         392           0
   13.141     0.0039740     0.0005482           2         392           0
   13.201     0.0020516     0.0007289           2         392           0
   13.262     0.0021942     0.0006760           2         392           0
   13.322     0.0022073     0.0007221           2         392           0
   13.383     0.0032095     0.0007302           2         392           0
   13.443     0.0032678     0.0007950           2         392           0
   13.503     0.0024067     0.0006069           2         392           0
   13.564     0.0034250     0.0007032           2         392           0
   13.625     0.0031177     0.0008192           2         392           0
   13.685     0.0045844     0.0007872           2         392           0
   13.745     0.0035603     0.0009215           2         392           0
   13.806     0.0037687     0.0009419           2         392           0
   13.866     0.0041352     0.0008361           2         392           0
   13.927     0.0062787     0.0008127           2         392           0
   13.987     0.0071189     0.0009349           2         392           0
   14.048     0.0043100     0.0009859           2         392           0
   14.108     0.0036235     0.0009728           2         392           0
   14.169     0.0039706     0.0008659           2         392           0
   14.229     0.0032162     0.0010282           2         392           0
   14.290     0.0015035     0.0007045           2         392           0
   14.350     0.0056457     0.0005882           2         392           0
   14.411     0.0025352     0.0002835           2         392           0
   14.471     0.0001422     0.0002807           2         392           0
   14.532    -0.0001748     0.0003033           2         392           0
   14.577     0.0016385     0.0005111           3        4360           0
   14.662     0.0024748     0.0006230           3        4360           0
   14.747     0.0022252     0.0006399           3        4360           0
   14.832     0.0014683     0.0007416           3        4360           0
   14.916     0.0011320     0.0051380           3        4360           0
   15.001     0.0018575     0.0006207           3        4360           0
   15.085     0.0014466     0.0031976           3        4360           0
   15.170     0.0015982     0.0026377           3        4360           0
   15.255     0.0012249     0.0007922           3        4360           0
   15.340     0.0014080     0.0006830           3        4360           0
   15.424     0.0010067     0.0005812           3        4360           0
   15.509     0.0020982     0.0024594           3        4360           0
   15.594     0.0027399     0.0021147           3        4360           0
   15.678     0.0020245     0.0006848           3        4360           0
   15.763     0.0014071     0.0005761           3        4360           0
   15.848     0.0015598     0.0006285           3        4360           0
   15.932     0.0021413     0.0006601           3        4360           0
   16.017     0.0021418     0.0006220           3        4360           0
   16.102     0.0013544     0.0006944           3        4360           0
   16.186     0.0026479     0.0009625           3        4360           0
   16.271     0.0023087     0.0009847           3        4360           0
   16.356     0.0019085     0.0044785           3        4360           0
   16.440     0.0020255     0.0013596           3        4360           0
   16.525     0.0019135     0.0006487           3        4360           0
   16.610     0.0010980     0.0007178           3        4360           0
   16.694     0.0011316     0.0014861           3        4360           0
   16.779     0.0013844     0.0019934           3        4360           0
   16.864     0.0019313     0.0007231           3        4360           0
   16.948     0.0030189     0.0008913           3        4360           0
   17.033     0.0025253     0.0007468           3        4360           0
   17.118     0.0025330     0.0024518           3        4360           0
   17.202     0.0018549     0.0008335           3        4360           0
   17.287     0.0010070     0.0006840           3        4360           0
   17.372     0.0018426     0.0014290           3        4360           0
   17.456     0.0016621     0.0010134           3        4360           0
   17.541     0.0025807     0.0010578           3        4360           0
   17.626     0.0021459     0.0008485           3        4360           0
   17.711     0.0025038     0.0023901           3        4360           0
   17.795     0.0028898     0.0025278           3        4360           0
   17.880     0.0041490     0.0018639           3        4360           0
   17.965     0.0049645     0.0043635           3        4360           0
   18.049     0.0036909     0.0010512           3        4360           0
   18.134     0.0046462     0.0007602           3        4360           0
   18.219     0.0042376     0.0042296           3        4360           0
   18.303     0.0036180     0.0013297           3        4360           0
   18.388     0.0055273     0.0070538           3        4360           0
   18.472     0.0042899     0.0013544           3        4360           0
   18.557     0.0037402     0.0009816           3        4360           0
   18.642     0.0026761     0.0010929           3        4360           0
   18.727     0.0027371     0.0007281           3        4360           0
   18.811     0.0036668     0.0017216           3        4360           0
   18.896     0.0036792     0.0012391           3        4360           0
   18.981     0.0040043     0.0009672           3        4360           0
   19.065     0.0044522     0.0010650           3        4360           0
   19.150     0.0033699     0.0013326           3        4360           0
   19.235     0.0017148     0.0013344           3    19009600           0
   19.404     0.0028572     0.0019443           3    19009600           0
   19.573     0.0039629     0.0018612           3    19009600           0
   19.743     0.0029953     0.0047441           3    19009600           0
   19.912     0.0024105     0.0037317           3    19009600           0
   20.081     0.0034586     0.0054514           3    19009600           0
   20.251     0.0037710     0.0035869           3    19009600           0
   20.420     0.0057708     0.0018626           3    19009600           0
   20.590     0.0036471     0.0044208           3        4360           0
   20.759     0.0030545     0.0022584           3        4360           0
   20.928     0.0018925     0.0032315           3        4360           0
   21.097     0.0029555     0.0017730           4        4360           0
   21.267     0.0022134     0.0042152           4        4360           0
   21.436     0.0027772     0.0010092           4        4360           0
   21.606     0.0036549     0.0010138           4        4360           0
   21.775     0.0028459     0.0012730           4        4360           0
   21.944     0.0014603     0.0013929           4        4360           0
   22.114     0.0026341     0.0009618           4        4360           0
   22.283     0.0035763     0.0016555           4        4360           0
   22.452     0.0033509     0.0010578           4        4360           0
   22.622     0.0044358     0.0009177           4        4360           0
   22.791     0.0049159     0.0012288           4        4360           0
   22.960     0.0040762     0.0056417           4        4360           0
   23.130     0.0042195     0.0034683           4        4360           0
   23.299     0.0042636     0.0040925           4        4360           0
   23.469     0.0048415     0.0038757           4        4360           0
   23.638     0.0041899     0.0072306           4        4360           0
   23.807     0.0047211     0.0081398           4        4360           0
   23.976     0.0055806     0.0033275           4        4360           0
   24.146     0.0055948     0.0008403           4        4360           0
   24.315     0.0059333     0.0007880           4        4360           0
   24.485     0.0079584     0.0008856           4        4360           0
   24.654     0.0057892     0.0011326           4        4360           0
   24.823     0.0044603     0.0008921           4        4360           0
   24.993     0.0055670     0.0014984           4        4360           0
   25.162     0.0049187     0.0022728           4        4360           0
   25.331     0.0065311     0.0011323           4        4360           0
   25.501     0.0049357     0.0020475           4        4360           0
   25.670     0.0057244     0.0060303           4        4360           0
   25.839     0.0064147     0.0037324           4        4360           0
   26.009     0.0051076     0.0011730           4        4360           0
   26.178     0.0058047     0.0007960           4        4360           0
   26.347     0.0055828     0.0006346           4        4360           0
   26.517     0.0057324     0.0037579           4        4360           0
   26.686     0.0057920     0.0028759           4        4360           0
   26.856     0.0068148     0.0009487           4        4360           0
   27.025     0.0072823     0.0008137           4        4360           0
   27.194     0.0054187     0.0008222           4        4360           0
   27.364     0.0067707     0.0007883           4        4360           0
   27.533     0.0062740     0.0027655           4        4360           0
   27.702     0.0063116     0.0007272           4        4360           0
   27.872     0.0081110     0.0014559           4        4360           0
   28.041     0.0069684     0.0055456           4        4360           0
   28.210     0.0119755     0.0011632           4        4360           0
   28.380     0.0063248     0.0008953           4        4360           0
   28.549     0.0085941     0.0009927           4        4360           0
   28.719     0.0083706     0.0008074           4        4360           0
   28.888     0.0080699     0.0008839           4        4360           0
   29.057     0.0092441     0.0047043           4        4360           0
   29.226     0.0086598     0.0018601           4        4360           0
   29.396     0.0076269     0.0012545           4        4360           0
   29.565     0.0083993     0.0012823           4        4360           0
   29.735     0.0090708     0.0011665           4        4360           0
   29.904     0.0089354     0.0026203           4        4360           0
   30.073     0.0077856     0.0075168           4        4360           0
   30.243     0.0109635     0.0021841           4        4360           0
   30.412     0.0091516     0.0032968           4        4360           0
   30.581     0.0099279     0.0086497           4        4360           0
   30.751     0.0099559     0.0053100           4        4360           0
   30.920     0.0079638     0.0011729           4        4360           0
   31.089     0.0095646     0.0014359           4        4360           0
   31.259     0.0099461     0.0012605           4        4360           0
   31.428     0.0083250     0.0012682           4        4360           0
   31.597     0.0094090     0.0009599           4        4360           0
   31.767     0.0096023     0.0010959           4        4360           0
   31.936     0.0089747     0.0052939           4        4360           0
   32.105     0.0089930     0.0071540           4        4360           0
   32.275     0.0096306     0.0015424           4        4360           0
   32.444     0.0095780     0.0024865           4        4360           0
   32.614     0.0058216     0.0019202           4        4360           0
   32.783     0.0086177     0.0019574           4        4360           0
   32.952     0.0104369     0.0022224           4        4360           0
   33.122     0.0034153     0.0027399           4        4360           0
   33.291     0.0130454     0.0016893           4        4360           0
   33.460     0.0106544     0.0037302           4        4360           0
   33.630     0.0112993     0.0024962           4        4360           0
   33.799     0.0115498     0.0119364           4        4360           0
   33.968     0.0125440     0.0127024           4        4360           0
   34.138     0.0112508     0.0120987           4        4360           0
   34.307     0.0102804     0.0104827           4        4360           0
   34.477     0.0102666     0.0034688           4        4360           0
   34.646     0.0150661     0.0102439           4        4360           0
   34.815     0.0097785     0.0052727           4        4360           0
   34.985     0.0007148     0.0250392           4        4360           0
   35.154     0.0082696     0.0090376           4        4360           0
   35.323     0.0202730     0.0023320           4        4360           0
   35.493     0.0216370     0.0026020           4        4360           0
   35.662     0.0101213     0.0078416           4        4360           0
   35.831     0.0119221     0.0045999           4        4360           0
   36.001     0.0101471     0.0038397           4        4360           0
   36.170     0.0077524     0.0043943           4        4360           0
   36.339     0.0078378     0.0067182           4        4360           0
   36.509     0.0173573     0.0100308           4        4360           0
   36.678     0.0098646     0.0119730           4        4360           0
   36.847     0.0089226     0.0085906           4        4360           0
   37.017     0.0112461     0.0099792           4        4360           0
   37.186    -0.0038077     0.0112543           4        4360           0
   37.355    -0.0099611     0.0086226           4        4360           0
   37.525    -0.0044215     0.0103138           4        4360           0
   37.694    -0.0153528     0.0168938           4        4360           0
   37.864    -0.0074858     0.0145039           4        4360           0
   38.033     0.0217115     0.0124389           4        4360           0
   38.202     0.0263514     0.0156351           4        4360           0
   38.372    -0.0081934     0.0208936           4        4360           0
   38.541    -0.0163296     0.0619072           4        4360           0
   38.710     0.0065687     0.0203751           4        4360           0
   38.880    -0.0309635     0.0350510           4        4360           0
   39.049    -0.0974767     0.3895393           4        4360           0
   39.218    -0.0713338     0.1101112           4        4360           0
   39.388    -0.0149541     0.0251293           4        4360           0
   39.557     0.0032987     0.0170663           4        4360           0
   39.727     0.0032883     0.0154648           4        4360           0
   39.896    -0.0024984     0.0167379           4        4488           0
   40.065     0.0056631     0.0101894           4        4488           0
   40.235     0.0009090     0.0111495           4        4488           0
   40.404     0.0002001     0.0077915           4        4488           0
   40.573     0.0004354     0.0020190           4        4488           0
   40.743     0.0006184     0.0008544           4        4508           0
   40.912     0.0001116     0.0003323           4        4488           0
   41.081     0.0000220     0.0002409           4        4488           0
   41.251    -0.0000767     0.0001959           4        4488           0
   41.420     0.0000571     0.0003556           4        4488           0
   41.589     0.0002937     0.0004975           4        4488           0
   41.759     0.0024540     0.0002870           4        4488           0
   41.928     0.0001934     0.0014993           4        4508           0
   42.097     0.0001271     0.0007555           4        4508           0
   42.267     0.0007177     0.0011542           4        4488           0
