wave flux error channelflag bitflag stitchflag
    5.127     0.0004239     0.0102245           1         392           0
    5.157     0.0001167     0.0097221           1         136           0
    5.187    -0.0002951     0.0124368           1         136           0
    5.217    -0.0002377     0.0521865           1         136           0
    5.247     0.0002689     0.0790457           1         136           0
    5.278     0.0007783     0.0173651           1         136           0
    5.308     0.0002317     0.0168072           1         136           0
    5.338     0.0000086     0.0257007           1         392           0
    5.368     0.0003021     0.0109644           1         392           0
    5.399     0.0003963     0.0114591           1       16776           0
    5.429     0.0002661     0.0070911           1       16796           0
    5.459     0.0003871     0.0080703           1       16796           0
    5.489     0.0000149     0.0082459           1         392           0
    5.520    -0.0001277     0.0179310           1         392           0
    5.550     0.0000686     0.0153038           1         392           0
    5.580     0.0003357     0.0143734           1         392           0
    5.610     0.0001598     0.0069365           1         392           0
    5.641     0.0002138     0.0124216           1        8468           0
    5.671    -0.0006105     0.0136758           1        8468           0
    5.701    -0.0004198     0.0187131           1         392           0
    5.731     0.0005395     0.0155825           1         392           0
    5.762    -0.0002818     0.0173117           1         412           0
    5.792     0.0001545     0.0179489           1         412           0
    5.822     0.0002894     0.0195960           1         392           0
    5.852     0.0000137     0.0197446           1         392           0
    5.883     0.0013776     0.0186971           1         392           0
    5.913     0.0001163     0.0259705           1         136           0
    5.943     0.0001653     0.0226167           1         136           0
    5.973     0.0009724     0.0178865           1         136           0
    6.004    -0.0000356     0.0196685           1         136           0
    6.034     0.0000052     0.0240654           1         136           0
    6.064     0.0000916     0.0198767           1         392           0
    6.094     0.0005173     0.0096880           1         392           0
    6.125     0.0004208     0.0137324           1         392           0
    6.155     0.0001396     0.0158450           1         392           0
    6.185     0.0002610     0.0151019           1         392           0
    6.215     0.0001592     0.0176574           1         392           0
    6.245     0.0006240     0.0195622           1         392           0
    6.276     0.0006885     0.0181168           1         392           0
    6.306     0.0006810     0.0170107           1         392           0
    6.336     0.0004468     0.0169810           1         392           0
    6.366     0.0002631     0.0174146           1         392           0
    6.397     0.0007757     0.0013552           1         392           0
    6.427     0.0006798     0.0022936           1         392           0
    6.457    -0.0007671     0.0168354           1         392           0
    6.487    -0.0005041     0.0028600           1         392           0
    6.518    -0.0000550     0.0032831           1         392           0
    6.548    -0.0003567     0.0168902           1         392           0
    6.578     0.0002712     0.0105665           1         392           0
    6.608    -0.0000818     0.0049659           1         392           0
    6.639     0.0005753     0.0052698           1         136           0
    6.669     0.0004340     0.0119371           1         136           0
    6.699    -0.0002243     0.0080549           1         136           0
    6.729    -0.0001749     0.0095475           1         136           0
    6.760    -0.0001077     0.0120085           1         136           0
    6.790    -0.0001421     0.0133448           1         392           0
    6.820     0.0000953     0.0118397           1         392           0
    6.850     0.0009388     0.0108701           1         392           0
    6.881     0.0009216     0.0111904           1         392           0
    6.911     0.0006405     0.0131402           1         392           0
    6.941     0.0015937     0.0081647           1         392           0
    6.971     0.0014940     0.0122888           1         392           0
    7.002     0.0013590     0.0144555           1         392           0
    7.032     0.0020100     0.0157521           1         392           0
    7.062     0.0024905     0.0181937           1         392           0
    7.092     0.0018298     0.0174984           1         392           0
    7.122     0.0019649     0.0099185           1         392           0
    7.153     0.0024170     0.0113733           1         392           0
    7.183     0.0016855     0.0153919           1         392           0
    7.213     0.0004008     0.0218370           1         392           0
    7.243     0.0015247     0.0199871           1         392           0
    7.274     0.0012808     0.0233815           1         392           0
    7.304     0.0009862     0.0304629           1         392           0
    7.334     0.0017699     0.1525225           1       53312           0
    7.395     0.0004410     0.0418092           1       18496           0
    7.455     0.0006460     0.1710723           1       18496           0
    7.516     0.0008180     0.1653001           1       53312           0
    7.576     0.0009728     0.0158896           1      153664           0
    7.637     0.0014188     0.0181976           1         392           0
    7.697     0.0010541     0.0188028           1         392           0
    7.758    -0.0003590     0.0397756           1         392           0
    7.818    -0.0002146     0.0371994           1         392           0
    7.879    -0.0002744     0.0227608           1         392           0
    7.939     0.0011549     0.0200693           1         392           0
    8.000    -0.0001903     0.0049790           1         392           0
    8.060    -0.0012234     0.0277858           1         392           0
    8.120     0.0010596     0.0259290           1         392           0
    8.181    -0.0014864     0.0067737           1         392           0
    8.241     0.0004912     0.0103998           1         392           0
    8.302     0.0014132     0.0443391           1         392           0
    8.362    -0.0017450     0.0091204           2       16796           0
    8.423    -0.0035540     0.0081555           2       16796           0
    8.483    -0.0034419     0.0204883           2       16792           0
    8.544    -0.0024437     0.0438159           2       16776           0
    8.604    -0.0026717     0.0245643           2         392           0
    8.665     0.0002337     0.0901935           2         392           0
    8.725     0.0025840     0.0119552           2         392           0
    8.786     0.0048927     0.0038598           2         392           0
    8.846     0.0040068     0.0032995           2         392           0
    8.907     0.0032873     0.0028746           2         392           0
    8.967     0.0031146     0.0049504           2         392           0
    9.028     0.0031342     0.0056744           2         136           0
    9.088     0.0036653     0.0055629           2         136           0
    9.149     0.0038737     0.0057898           2         136           0
    9.209     0.0028363     0.0057013           2         136           0
    9.270     0.0026852     0.0053326           2         136           0
    9.330     0.0030696     0.0055652           2         136           0
    9.391     0.0027518     0.0063490           2         392           0
    9.451     0.0035407     0.0066794           2         392           0
    9.512     0.0035573     0.0059799           2         392           0
    9.572     0.0029064     0.0060589           2         392           0
    9.633     0.0023174     0.0052355           2         392           0
    9.693     0.0033913     0.0053687           2         392           0
    9.754     0.0013726     0.0061658           2       16796           0
    9.814     0.0013825     0.0049722           2       16796           0
    9.875     0.0000668     0.0043566           2         392           0
    9.935     0.0015031     0.0043296           2         392           0
    9.995     0.0017604     0.0040913           2         392           0
   10.056     0.0011576     0.0038755           2         392           0
   10.116     0.0014250     0.0055506           2         392           0
   10.177     0.0013373     0.0037209           2         392           0
   10.237     0.0011007     0.0027489           2         392           0
   10.298     0.0011097     0.0025109           2         392           0
   10.358     0.0010714     0.0022680           2         392           0
   10.419     0.0010335     0.0023104           2         392           0
   10.479     0.0007108     0.0021413           2         392           0
   10.540     0.0011603     0.0019466           2         392           0
   10.600     0.0010610     0.0016532           2         392           0
   10.661     0.0017794     0.0022130           2         392           0
   10.721     0.0014892     0.0029869           2         392           0
   10.782     0.0015193     0.0030923           2         392           0
   10.842     0.0021121     0.0029065           2         392           0
   10.903     0.0002481     0.0024122           2         392           0
   10.963     0.0004488     0.0025236           2         392           0
   11.024    -0.0000328     0.0023611           2         392           0
   11.084     0.0002809     0.0021231           2         392           0
   11.145     0.0007076     0.0018836           2         392           0
   11.205     0.0006449     0.0015580           2         392           0
   11.266     0.0010474     0.0014834           2         392           0
   11.326     0.0008464     0.0014369           2         392           0
   11.387     0.0005032     0.0013967           2         412           0
   11.447     0.0004880     0.0013662           2         412           0
   11.508     0.0004263     0.0013128           2         392           0
   11.568     0.0009256     0.0012227           2         392           0
   11.628     0.0006959     0.0012506           2         392           0
   11.689     0.0012980     0.0012955           2         392           0
   11.750     0.0011836     0.0012615           2         392           0
   11.810     0.0002222     0.0012352           2         392           0
   11.870     0.0004099     0.0011977           2         392           0
   11.931     0.0006394     0.0012222           2         392           0
   11.991     0.0004341     0.0013237           2         392           0
   12.052     0.0004053     0.0012751           2         392           0
   12.112     0.0007942     0.0012716           2         392           0
   12.173     0.0008566     0.0013277           2         392           0
   12.233     0.0011631     0.0014097           2         392           0
   12.294     0.0023285     0.0013795           2         392           0
   12.354     0.0020933     0.0012241           2         392           0
   12.415     0.0016826     0.0013106           2         392           0
   12.475     0.0021258     0.0011296           2         392           0
   12.536     0.0020561     0.0011663           2         392           0
   12.596     0.0028259     0.0011027           2         392           0
   12.657     0.0041978     0.0010842           2         392           0
   12.717     0.0053425     0.0010638           2         392           0
   12.778     0.0050106     0.0010780           2         392           0
   12.838     0.0042778     0.0011318           2         392           0
   12.899     0.0030132     0.0011110           2         392           0
   12.959     0.0032129     0.0011414           2         392           0
   13.020     0.0022718     0.0011691           2         392           0
   13.080     0.0025033     0.0012649           2         392           0
   13.141     0.0017631     0.0012037           2         392           0
   13.201     0.0029685     0.0013012           2         392           0
   13.262     0.0020659     0.0014128           2         392           0
   13.322     0.0014259     0.0012399           2         392           0
   13.383     0.0018409     0.0012477           2         392           0
   13.443     0.0025941     0.0015406           2         392           0
   13.503     0.0024203     0.0013565           2         392           0
   13.564     0.0017539     0.0013347           2         392           0
   13.625     0.0013147     0.0013802           2         392           0
   13.685     0.0004696     0.0013806           2         392           0
   13.745     0.0015677     0.0012894           2         392           0
   13.806     0.0008991     0.0013050           2         392           0
   13.866     0.0017934     0.0013013           2         392           0
   13.927     0.0018863     0.0013001           2         392           0
   13.987     0.0016571     0.0013228           2         392           0
   14.048     0.0026356     0.0013536           2         392           0
   14.108     0.0025726     0.0013927           2         392           0
   14.154     0.0027076     0.0006169           3        4360           0
   14.239     0.0030212     0.0004053           3        4360           0
   14.323     0.0034646     0.0004039           3        4360           0
   14.408     0.0044985     0.0003143           3        4360           0
   14.493     0.0051328     0.0003397           3        4360           0
   14.577     0.0036474     0.0004155           3        4360           0
   14.662     0.0016174     0.0004238           3        4360           0
   14.747     0.0013912     0.0004399           3        4360           0
   14.832     0.0016609     0.0005864           3        4360           0
   14.916     0.0019136     0.0004817           3        4360           0
   15.001     0.0019310     0.0009871           3        4360           0
   15.085     0.0012737     0.0003760           3        4360           0
   15.170     0.0014569     0.0013873           3        4360           0
   15.255     0.0017478     0.0004896           3        4360           0
   15.340     0.0015450     0.0003426           3        4360           0
   15.424     0.0015053     0.0002946           3        4360           0
   15.509     0.0017899     0.0002665           3        4360           0
   15.594     0.0016311     0.0002984           3        4360           0
   15.678     0.0009299     0.0003841           3        4360           0
   15.763     0.0010561     0.0003715           3        4360           0
   15.848     0.0014083     0.0004999           3        4360           0
   15.932     0.0016872     0.0004938           3        4360           0
   16.017     0.0019949     0.0005255           3        4360           0
   16.102     0.0016386     0.0005458           3        4360           0
   16.186     0.0015487     0.0005580           3        4360           0
   16.271     0.0008733     0.0004923           3        4360           0
   16.356     0.0008057     0.0005177           3        4360           0
   16.440     0.0012754     0.0005075           3        4360           0
   16.525     0.0015231     0.0010236           3        4360           0
   16.610     0.0019321     0.0006881           3        4360           0
   16.694     0.0012946     0.0004463           3        4360           0
   16.779     0.0008834     0.0004676           3        4360           0
   16.864     0.0004623     0.0005521           3        4360           0
   16.948     0.0009856     0.0006527           3        4360           0
   17.033     0.0013888     0.0004685           3        4360           0
   17.118     0.0015667     0.0010292           3        4360           0
   17.202     0.0027167     0.0005986           3        4360           0
   17.287     0.0009529     0.0005854           3        4360           0
   17.372     0.0015063     0.0004727           3        4360           0
   17.456     0.0011036     0.0006092           3        4360           0
   17.541     0.0014597     0.0005542           3        4360           0
   17.626     0.0013610     0.0004309           3        4360           0
   17.711     0.0015396     0.0004237           3        4360           0
   17.795     0.0017649     0.0004945           3        4360           0
   17.880     0.0014674     0.0005106           3        4360           0
   17.965     0.0010778     0.0005301           3        4360           0
   18.049     0.0014247     0.0005388           3        4360           0
   18.134     0.0018401     0.0005660           3        4360           0
   18.219     0.0023564     0.0006221           3        4360           0
   18.303     0.0018515     0.0007340           3        4360           0
   18.388     0.0026397     0.0006738           3        4360           0
   18.472     0.0027584     0.0006938           3        4360           0
   18.557     0.0026623     0.0007607           3        4360           0
   18.642     0.0022446     0.0007199           3        4360           0
   18.727     0.0020919     0.0018737           3        4360           0
   18.811     0.0025896     0.0014227           3        4360           0
   18.896     0.0026841     0.0006045           3        4360           0
   18.981     0.0028860     0.0005706           3        4360           0
   19.065     0.0028295     0.0006303           3        4360           0
   19.150     0.0026659     0.0006557           3        4360           0
   19.235     0.0018466     0.0009453           3    19009600           0
   19.404     0.0028976     0.0014200           3    19009600           0
   19.573     0.0017516     0.0011402           3    19009600           0
   19.743     0.0027382     0.0010383           3    19009600           0
   19.912     0.0017431     0.0011539           3    19009600           0
   20.081     0.0013134     0.0038591           3        4360           0
   20.251     0.0023461     0.0022390           3        4360           0
   20.420     0.0026598     0.0017136           3        4360           0
   20.590     0.0023026     0.0013554           3        4360           0
   20.759     0.0026709     0.0013131           3        4360           0
   20.928     0.0032043     0.0016499           3        4360           0
   21.097     0.0027217     0.0014360           4        4360           0
   21.267     0.0031201     0.0007393           4        4360           0
   21.436     0.0021814     0.0007465           4        4360           0
   21.606     0.0029187     0.0007838           4        4360           0
   21.775     0.0023716     0.0007629           4        4360           0
   21.944     0.0032476     0.0006170           4        4360           0
   22.114     0.0028464     0.0006459           4        4360           0
   22.283     0.0027207     0.0005459           4        4360           0
   22.452     0.0026109     0.0006551           4        4360           0
   22.622     0.0029157     0.0007254           4        4360           0
   22.791     0.0030025     0.0005622           4        4360           0
   22.960     0.0027473     0.0004287           4        4360           0
   23.130     0.0030147     0.0004948           4        4360           0
   23.299     0.0027728     0.0005469           4        4360           0
   23.469     0.0024940     0.0005341           4        4360           0
   23.638     0.0021945     0.0005176           4        4360           0
   23.807     0.0024451     0.0011819           4        4360           0
   23.976     0.0029366     0.0012553           4        4360           0
   24.146     0.0026526     0.0005517           4        4360           0
   24.315     0.0023597     0.0005265           4        4360           0
   24.485     0.0027253     0.0005848           4        4360           0
   24.654     0.0030189     0.0005590           4        4360           0
   24.823     0.0029337     0.0005751           4        4360           0
   24.993     0.0025706     0.0006879           4        4360           0
   25.162     0.0029106     0.0006294           4        4360           0
   25.331     0.0028151     0.0015336           4        4360           0
   25.501     0.0035897     0.0006260           4        4360           0
   25.670     0.0033497     0.0007186           4        4360           0
   25.839     0.0025250     0.0028717           4        4360           0
   26.009     0.0043129     0.0008554           4        4360           0
   26.178     0.0029921     0.0004601           4        4360           0
   26.347     0.0030045     0.0003807           4        4360           0
   26.517     0.0038079     0.0007102           4        4360           0
   26.686     0.0037668     0.0005251           4        4360           0
   26.856     0.0040583     0.0005268           4        4360           0
   27.025     0.0039934     0.0005174           4        4360           0
   27.194     0.0038685     0.0005247           4        4360           0
   27.364     0.0035582     0.0005215           4        4360           0
   27.533     0.0038743     0.0004894           4        4360           0
   27.702     0.0041440     0.0005645           4        4360           0
   27.872     0.0044369     0.0006020           4        4360           0
   28.041     0.0045876     0.0007059           4        4360           0
   28.210     0.0038217     0.0009443           4        4360           0
   28.380     0.0042065     0.0007410           4        4360           0
   28.549     0.0045121     0.0008078           4        4360           0
   28.719     0.0043451     0.0011656           4        4360           0
   28.888     0.0044076     0.0006294           4        4360           0
   29.057     0.0049941     0.0006707           4        4360           0
   29.226     0.0061538     0.0004735           4        4360           0
   29.396     0.0048898     0.0015792           4        4360           0
   29.565     0.0052194     0.0027693           4        4360           0
   29.735     0.0047273     0.0035318           4        4360           0
   29.904     0.0047967     0.0050289           4        4360           0
   30.073     0.0051756     0.0006444           4        4360           0
   30.243     0.0050254     0.0006650           4        4360           0
   30.412     0.0050143     0.0020647           4        4360           0
   30.581     0.0037271     0.0064473           4        4360           0
   30.751     0.0048333     0.0012919           4        4360           0
   30.920     0.0049518     0.0054756           4        4360           0
   31.089     0.0046092     0.0007237           4        4360           0
   31.259     0.0055998     0.0012433           4        4360           0
   31.428     0.0053313     0.0012341           4        4360           0
   31.597     0.0049160     0.0008862           4        4360           0
   31.767     0.0056747     0.0007406           4        4360           0
   31.936     0.0064194     0.0007754           4        4360           0
   32.105     0.0053141     0.0009094           4        4360           0
   32.275     0.0046205     0.0010838           4        4360           0
   32.444     0.0057519     0.0012037           4        4360           0
   32.614     0.0044643     0.0013469           4        4360           0
   32.783     0.0058136     0.0013282           4        4360           0
   32.952     0.0054453     0.0013504           4        4360           0
   33.122     0.0054080     0.0013834           4        4360           0
   33.291     0.0074112     0.0012563           4        4360           0
   33.460     0.0049345     0.0015014           4        4360           0
   33.630     0.0062511     0.0014899           4        4360           0
   33.799     0.0058917     0.0016842           4        4360           0
   33.968     0.0066512     0.0018289           4        4360           0
   34.138     0.0076672     0.0024751           4        4360           0
   34.307     0.0064270     0.0030373           4        4360           0
   34.477     0.0045760     0.0020210           4        4360           0
   34.646     0.0053888     0.0018203           4        4360           0
   34.815     0.0065253     0.0019887           4        4360           0
   34.985     0.0054994     0.0050353           4        4360           0
   35.154     0.0033943     0.0021659           4        4360           0
   35.323     0.0045464     0.0052486           4        4360           0
   35.493     0.0060097     0.0029717           4        4360           0
   35.662     0.0076074     0.0047442           4        4360           0
   35.831     0.0065117     0.0035323           4        4360           0
   36.001     0.0064777     0.0027959           4        4360           0
   36.170     0.0047990     0.0055072           4        4360           0
   36.339    -0.0012905     0.0076150           4        4360           0
   36.509     0.0069204     0.0036676           4        4360           0
   36.678     0.0068016     0.0040489           4        4360           0
   36.847     0.0050253     0.0043795           4        4360           0
   37.017     0.0095762     0.0034736           4        4360           0
   37.186     0.0044536     0.0052273           4        4360           0
   37.355     0.0043923     0.0045537           4        4360           0
   37.525     0.0025698     0.0052109           4        4360           0
   37.694     0.0040698     0.0061675           4        4360           0
   37.864     0.0071123     0.0057885           4        4360           0
   38.033     0.0012193     0.0068714           4        4360           0
   38.202    -0.0058402     0.0093387           4        4360           0
   38.372     0.0035631     0.0142721           4        4360           0
   38.541     0.0018119     0.0315493           4        4360           0
   38.710    -0.0049262     0.0187856           4        4360           0
   38.880    -0.0081823     0.0153004           4        4360           0
   39.049    -0.0032986     0.0350328           4        4360           0
   39.218    -0.0085205     0.0159103           4        4360           0
   39.388     0.0070433     0.0101297           4        4360           0
   39.557     0.0082594     0.0102846           4        4360           0
   39.727     0.0003486     0.0107957           4        4360           0
   39.896    -0.0020947     0.0099424           4        4488           0
   40.065     0.0010245     0.0079551           4        4488           0
   40.235     0.0007390     0.0037358           4        4488           0
   40.404     0.0014631     0.0025279           4        4488           0
   40.573     0.0040053     0.0010308           4        4488           0
   40.743     0.0014877     0.0005229           4        4508           0
   40.912     0.0000985     0.0002696           4        4488           0
   41.081     0.0000077     0.0001494           4        4488           0
   41.251    -0.0000560     0.0001655           4        4488           0
   41.420    -0.0000755     0.0002433           4        4488           0
   41.589    -0.0001427     0.0002742           4        4488           0
   41.759    -0.0001742     0.0002917           4        4488           0
   41.928     0.0001781     0.0008181           4        4508           0
   42.097    -0.0001592     0.0005370           4        4508           0
   42.267     0.0001424     0.0007072           4        4488           0
