wave flux error channelflag bitflag stitchflag
    5.127     0.0041546     0.0171652           1         392           0
    5.157     0.0026261     0.0083210           1         136           0
    5.187     0.0045017     0.0050167           1         136           0
    5.217     0.0006712     0.0029287           1         136           0
    5.247     0.0007759     0.0028389           1         136           0
    5.278     0.0000490     0.0030180           1         136           0
    5.308    -0.0005692     0.0027098           1         136           0
    5.338    -0.0020922     0.0026055           1         392           0
    5.368    -0.0017544     0.0027423           1         392           0
    5.399    -0.0012032     0.0029338           1       16776           0
    5.429    -0.0001068     0.0032103           1       16796           0
    5.459     0.0012470     0.0024483           1       16796           0
    5.489    -0.0004983     0.0024349           1         392           0
    5.520     0.0019918     0.0027023           1         392           0
    5.550     0.0025091     0.0028419           1         392           0
    5.580     0.0021152     0.0027740           1         392           0
    5.610    -0.0011225     0.0026078           1         392           0
    5.641    -0.0012915     0.0023897           1        8468           0
    5.671    -0.0008229     0.0020778           1        8468           0
    5.701     0.0016512     0.0020743           1         392           0
    5.731     0.0021432     0.0023547           1         392           0
    5.762     0.0004233     0.0020443           1         412           0
    5.792    -0.0017593     0.0019885           1         412           0
    5.822    -0.0012013     0.0024398           1         392           0
    5.852     0.0009143     0.0024512           1         392           0
    5.883     0.0010419     0.0021042           1         392           0
    5.913     0.0021017     0.0024566           1         136           0
    5.943     0.0015832     0.0021229           1         136           0
    5.973     0.0014755     0.0023836           1         136           0
    6.004     0.0020693     0.0024066           1         136           0
    6.034     0.0006662     0.0024746           1         136           0
    6.064    -0.0007020     0.0024007           1         392           0
    6.094    -0.0004714     0.0021466           1         392           0
    6.125     0.0005210     0.0019687           1         392           0
    6.155    -0.0002006     0.0021268           1         392           0
    6.185     0.0033620     0.0022496           1         392           0
    6.215     0.0045224     0.0025073           1         392           0
    6.245     0.0018503     0.0023005           1         392           0
    6.276     0.0016409     0.0025456           1         392           0
    6.306     0.0002764     0.0019677           1         392           0
    6.336    -0.0001119     0.0024069           1         392           0
    6.366    -0.0013601     0.0020131           1         392           0
    6.397    -0.0015314     0.0025222           1         392           0
    6.427     0.0004696     0.0029139           1         392           0
    6.457     0.0021126     0.0027323           1         392           0
    6.487     0.0036991     0.0028408           1         392           0
    6.518     0.0044755     0.0032463           1         392           0
    6.548     0.0021796     0.0037009           1         392           0
    6.578     0.0018249     0.0035959           1         392           0
    6.608     0.0017621     0.0034378           1         392           0
    6.639    -0.0036480     0.0033364           1         136           0
    6.669    -0.0008614     0.0034222           1         136           0
    6.699    -0.0026366     0.0034480           1         136           0
    6.729    -0.0023054     0.0034850           1         136           0
    6.760     0.0025568     0.0040923           1         136           0
    6.790     0.0003851     0.0041801           1         392           0
    6.820     0.0011799     0.0039886           1         392           0
    6.850    -0.0007473     0.0043095           1         392           0
    6.881    -0.0015559     0.0038088           1         392           0
    6.911    -0.0010195     0.0035232           1         392           0
    6.941     0.0017149     0.0038735           1         392           0
    6.971     0.0001153     0.0039271           1         392           0
    7.002     0.0017737     0.0041226           1         392           0
    7.032    -0.0001133     0.0046694           1         392           0
    7.062     0.0016514     0.0042980           1         392           0
    7.092     0.0026386     0.0041562           1         392           0
    7.122     0.0016328     0.0036931           1         392           0
    7.153     0.0012656     0.0032398           1         392           0
    7.183     0.0015493     0.0036371           1         392           0
    7.213     0.0024675     0.0039120           1         392           0
    7.243     0.0019068     0.0041031           1         392           0
    7.274     0.0013277     0.0045180           1         392           0
    7.304     0.0007563     0.0043305           1         392           0
    7.334    -0.0049158     0.0052558           1       53312           0
    7.395     0.0013323     0.0061795           1       18496           0
    7.455     0.0002754     0.0049304           1       18496           0
    7.516     0.0006497     0.0047710           1       53312           0
    7.576    -0.0012528     0.0064642           1      153664           0
    7.637     0.0014197     0.0022204           1         392           0
    7.697     0.0025045     0.0022960           1         392           0
    7.758     0.0030240     0.0034038           1         392           0
    7.818     0.0050935     0.0030988           1         392           0
    7.879     0.0057127     0.0033308           1         392           0
    7.939     0.0049343     0.0020536           1         392           0
    8.000     0.0058413     0.0029069           1         392           0
    8.060     0.0050561     0.0026697           1         392           0
    8.120     0.0041716     0.0024983           1         392           0
    8.181     0.0051130     0.0025934           1         392           0
    8.241     0.0042483     0.0028230           1         392           0
    8.302     0.0063114     0.0027920           1         392           0
    8.362     0.0053189     0.0022863           2       16796           0
    8.423     0.0060866     0.0016928           2       16796           0
    8.483     0.0048818     0.0020521           2       16792           0
    8.544     0.0020173     0.0015653           2       16776           0
    8.604     0.0050837     0.0015058           2         392           0
    8.665     0.0074320     0.0013376           2         392           0
    8.725     0.0021307     0.0017313           2         392           0
    8.786     0.0039507     0.0014097           2         392           0
    8.846     0.0042986     0.0017462           2         392           0
    8.907    -0.0003193     0.0015519           2         392           0
    8.967     0.0047352     0.0018026           2         392           0
    9.028     0.0038029     0.0016586           2         136           0
    9.088     0.0027291     0.0020199           2         136           0
    9.149     0.0054470     0.0013815           2         136           0
    9.209     0.0026737     0.0020662           2         136           0
    9.270     0.0015880     0.0021910           2         136           0
    9.330     0.0042002     0.0020168           2         136           0
    9.391     0.0031502     0.0021690           2         392           0
    9.451     0.0022948     0.0020422           2         392           0
    9.512     0.0016956     0.0019971           2         392           0
    9.572     0.0009216     0.0019454           2         392           0
    9.633     0.0005037     0.0015841           2         392           0
    9.693     0.0013520     0.0014799           2         392           0
    9.754     0.0008710     0.0015383           2       16796           0
    9.814     0.0012667     0.0013362           2       16796           0
    9.875     0.0017838     0.0016429           2         392           0
    9.935     0.0060913     0.0015958           2         392           0
    9.995     0.0046054     0.0011076           2         392           0
   10.056     0.0028784     0.0010103           2         392           0
   10.116     0.0035304     0.0011783           2         392           0
   10.177     0.0022471     0.0011854           2         392           0
   10.237     0.0021810     0.0011572           2         392           0
   10.298     0.0019968     0.0010981           2         392           0
   10.358     0.0025459     0.0011886           2         392           0
   10.419     0.0019084     0.0012783           2         392           0
   10.479    -0.0000981     0.0014288           2         392           0
   10.540     0.0016025     0.0014500           2         392           0
   10.600     0.0027835     0.0015782           2         392           0
   10.661     0.0025333     0.0016222           2         392           0
   10.721     0.0014946     0.0014347           2         392           0
   10.782     0.0008251     0.0014235           2         392           0
   10.842     0.0007197     0.0014793           2         392           0
   10.903    -0.0013649     0.0016604           2         392           0
   10.963    -0.0013690     0.0016039           2         392           0
   11.024    -0.0017189     0.0014331           2         392           0
   11.084    -0.0008408     0.0018427           2         392           0
   11.145    -0.0009550     0.0014887           2         392           0
   11.205     0.0004725     0.0019716           2         392           0
   11.266    -0.0005977     0.0019443           2         392           0
   11.326     0.0016302     0.0016305           2         392           0
   11.387     0.0008922     0.0020545           2         412           0
   11.447     0.0007187     0.0021499           2         412           0
   11.508     0.0015668     0.0021574           2         392           0
   11.568    -0.0002688     0.0020952           2         392           0
   11.628     0.0009284     0.0021277           2         392           0
   11.689     0.0039787     0.0023004           2         392           0
   11.750     0.0043790     0.0020887           2         392           0
   11.810     0.0044054     0.0022014           2         392           0
   11.870     0.0020872     0.0017458           2         392           0
   11.931     0.0029945     0.0020110           2         392           0
   11.991     0.0021627     0.0019164           2         392           0
   12.052     0.0006411     0.0019251           2         392           0
   12.112     0.0009528     0.0019134           2         392           0
   12.173     0.0035153     0.0017527           2         392           0
   12.233     0.0025658     0.0017723           2         392           0
   12.294     0.0012007     0.0019474           2         392           0
   12.354     0.0027021     0.0020665           2         392           0
   12.415     0.0024227     0.0020088           2         392           0
   12.475     0.0043085     0.0016193           2         392           0
   12.536     0.0029109     0.0019905           2         392           0
   12.596     0.0019692     0.0020456           2         392           0
   12.657     0.0024442     0.0017975           2         392           0
   12.717    -0.0011108     0.0016761           2         392           0
   12.778     0.0013749     0.0020515           2         392           0
   12.838     0.0012189     0.0020140           2         392           0
   12.899    -0.0005591     0.0016813           2         392           0
   12.959     0.0038793     0.0019543           2         392           0
   13.020     0.0044620     0.0020370           2         392           0
   13.080     0.0040789     0.0020749           2         392           0
   13.141    -0.0002994     0.0023109           2         392           0
   13.201    -0.0008178     0.0023269           2         392           0
   13.262    -0.0013263     0.0023917           2         392           0
   13.322     0.0009148     0.0026289           2         392           0
   13.383     0.0029390     0.0028040           2         392           0
   13.443     0.0001082     0.0022578           2         392           0
   13.503     0.0036746     0.0031811           2         392           0
   13.564     0.0048110     0.0029542           2         392           0
   13.625     0.0040082     0.0034598           2         392           0
   13.685     0.0031246     0.0032194           2         392           0
   13.745     0.0008578     0.0034362           2         392           0
   13.806     0.0016666     0.0032692           2         392           0
   13.866     0.0032671     0.0033093           2         392           0
   13.927     0.0063749     0.0036977           2         392           0
   13.987     0.0008812     0.0036731           2         392           0
   14.069     0.0028896     0.0027921           3        4360           0
   14.154     0.0022366     0.0021007           3        4360           0
   14.239     0.0022419     0.0008629           3        4360           0
   14.323     0.0025592     0.0016518           3        4360           0
   14.408     0.0030174     0.0018066           3        4360           0
   14.493     0.0033817     0.0027379           3        4360           0
   14.577     0.0019877     0.0030372           3        4360           0
   14.662     0.0024960     0.0030353           3        4360           0
   14.747     0.0021893     0.0038621           3        4360           0
   14.832     0.0028485     0.0006936           3        4360           0
   14.916     0.0028835     0.0006221           3        4360           0
   15.001     0.0017177     0.0020682           3        4360           0
   15.085     0.0017706     0.0024206           3        4360           0
   15.170     0.0014990     0.0018002           3        4360           0
   15.255     0.0009395     0.0006557           3        4360           0
   15.340     0.0017972     0.0024507           3        4360           0
   15.424     0.0015986     0.0018981           3        4360           0
   15.509     0.0020282     0.0014727           3        4360           0
   15.594     0.0022717     0.0014152           3        4360           0
   15.678     0.0032586     0.0009521           3        4360           0
   15.763     0.0028404     0.0018606           3        4360           0
   15.848     0.0021692     0.0026643           3        4360           0
   15.932     0.0022475     0.0025549           3        4360           0
   16.017     0.0029798     0.0009565           3        4360           0
   16.102     0.0017326     0.0022558           3        4360           0
   16.186     0.0020146     0.0039285           3        4360           0
   16.271     0.0023428     0.0010270           3        4360           0
   16.356     0.0029765     0.0004684           3        4360           0
   16.440     0.0022910     0.0022204           3        4360           0
   16.525     0.0018046     0.0011185           3        4360           0
   16.610     0.0019207     0.0006422           3        4360           0
   16.694     0.0038904     0.0014012           3        4360           0
   16.779     0.0036989     0.0024238           3        4360           0
   16.864     0.0021308     0.0007499           3        4360           0
   16.948     0.0045088     0.0012707           3        4360           0
   17.033     0.0038742     0.0024380           3        4360           0
   17.118     0.0042224     0.0014629           3        4360           0
   17.202     0.0037797     0.0013489           3        4360           0
   17.287     0.0052784     0.0043258           3        4360           0
   17.372     0.0048131     0.0027922           3        4360           0
   17.456     0.0047768     0.0012505           3        4360           0
   17.541     0.0034915     0.0034838           3        4360           0
   17.626     0.0020079     0.0043759           3        4360           0
   17.711     0.0029090     0.0028278           3        4360           0
   17.795     0.0062797     0.0013128           3        4360           0
   17.880     0.0059725     0.0005882           3        4360           0
   17.965     0.0046817     0.0008572           3        4360           0
   18.049     0.0036389     0.0008891           3        4360           0
   18.134     0.0042752     0.0007686           3        4360           0
   18.219     0.0041252     0.0007698           3        4360           0
   18.303     0.0034427     0.0028917           3        4360           0
   18.388     0.0051563     0.0008082           3        4360           0
   18.472     0.0039853     0.0036391           3        4360           0
   18.557     0.0030552     0.0048998           3        4360           0
   18.642     0.0036424     0.0037452           3        4360           0
   18.727     0.0028423     0.0027364           3        4360           0
   18.811     0.0027193     0.0030295           3        4360           0
   18.896     0.0018322     0.0031377           3        4360           0
   18.981     0.0023144     0.0020499           3        4360           0
   19.065     0.0030822     0.0025920           3        4360           0
   19.150     0.0028433     0.0015927           3        4360           0
   19.235     0.0030938     0.0054427           3    19009600           0
   19.404     0.0045664     0.0053823           3    19009600           0
   19.573     0.0026021     0.0046188           3    19009600           0
   19.743     0.0034162     0.0032617           3    19009600           0
   19.912     0.0023785     0.0035963           3    19009600           0
   20.081     0.0028023     0.0061593           3        4360           0
   20.251     0.0043716     0.0038675           3        4360           0
   20.420     0.0030671     0.0031209           3        4360           0
   20.590     0.0028361     0.0029272           3        4360           0
   20.759     0.0050035     0.0050695           3        4360           0
   20.928     0.0031645     0.0058026           3        4360           0
   21.097     0.0057408     0.0025292           4        4360           0
   21.267     0.0050336     0.0035061           4        4360           0
   21.436     0.0047508     0.0025569           4        4360           0
   21.606     0.0045422     0.0020809           4        4360           0
   21.775     0.0037263     0.0029091           4        4360           0
   21.944     0.0072730     0.0010690           4        4360           0
   22.114     0.0063281     0.0048715           4        4360           0
   22.283     0.0041779     0.0032939           4        4360           0
   22.452     0.0057996     0.0040035           4        4360           0
   22.622     0.0044049     0.0055121           4        4360           0
   22.791     0.0040954     0.0026801           4        4360           0
   22.960     0.0049339     0.0040747           4        4360           0
   23.130     0.0051423     0.0023092           4        4360           0
   23.299     0.0049269     0.0016318           4        4360           0
   23.469     0.0045778     0.0024474           4        4360           0
   23.638     0.0056101     0.0039264           4        4360           0
   23.807     0.0058473     0.0037947           4        4360           0
   23.976     0.0052090     0.0009773           4        4360           0
   24.146     0.0052409     0.0020808           4        4360           0
   24.315     0.0069780     0.0021937           4        4360           0
   24.485     0.0081450     0.0028624           4        4360           0
   24.654     0.0073241     0.0040087           4        4360           0
   24.823     0.0048361     0.0031238           4        4360           0
   24.993     0.0059880     0.0024424           4        4360           0
   25.162     0.0074169     0.0012414           4        4360           0
   25.331     0.0049934     0.0041095           4        4360           0
   25.501     0.0050436     0.0040057           4        4360           0
   25.670     0.0076623     0.0033140           4        4360           0
   25.839     0.0043136     0.0170359           4        4360           0
   26.009     0.0068266     0.0047923           4        4360           0
   26.178     0.0083366     0.0026146           4        4360           0
   26.347     0.0061722     0.0029640           4        4360           0
   26.517     0.0055418     0.0012148           4        4360           0
   26.686     0.0057111     0.0025067           4        4360           0
   26.856     0.0066016     0.0032541           4        4360           0
   27.025     0.0077637     0.0017038           4        4360           0
   27.194     0.0078675     0.0015484           4        4360           0
   27.364     0.0083100     0.0015079           4        4360           0
   27.533     0.0083737     0.0006439           4        4360           0
   27.702     0.0080884     0.0010495           4        4360           0
   27.872     0.0086678     0.0036687           4        4360           0
   28.041     0.0084399     0.0009061           4        4360           0
   28.210     0.0076336     0.0042508           4        4360           0
   28.380     0.0090054     0.0040849           4        4360           0
   28.549     0.0088192     0.0014908           4        4360           0
   28.719     0.0082084     0.0010946           4        4360           0
   28.888     0.0089655     0.0006632           4        4360           0
   29.057     0.0088178     0.0017047           4        4360           0
   29.226     0.0121630     0.0019770           4        4360           0
   29.396     0.0096487     0.0015547           4        4360           0
   29.565     0.0088008     0.0023235           4        4360           0
   29.735     0.0095332     0.0025567           4        4360           0
   29.904     0.0100473     0.0010953           4        4360           0
   30.073     0.0100533     0.0015602           4        4360           0
   30.243     0.0075971     0.0051786           4        4360           0
   30.412     0.0065421     0.0129916           4        4360           0
   30.581     0.0075340     0.0054894           4        4360           0
   30.751     0.0090856     0.0059256           4        4360           0
   30.920     0.0110495     0.0035108           4        4360           0
   31.089     0.0088771     0.0050950           4        4360           0
   31.259     0.0110105     0.0035513           4        4360           0
   31.428     0.0089209     0.0028086           4        4360           0
   31.597     0.0099721     0.0031711           4        4360           0
   31.767     0.0118921     0.0031001           4        4360           0
   31.936     0.0101912     0.0036243           4        4360           0
   32.105     0.0116978     0.0040977           4        4360           0
   32.275     0.0135240     0.0037627           4        4360           0
   32.444     0.0100446     0.0034643           4        4360           0
   32.614     0.0125254     0.0033047           4        4360           0
   32.783     0.0139738     0.0049586           4        4360           0
   32.952     0.0058426     0.0078040           4        4360           0
   33.122     0.0094374     0.0043045           4        4360           0
   33.291     0.0117341     0.0053233           4        4360           0
   33.460     0.0126538     0.0023075           4        4360           0
   33.630     0.0167931     0.0039390           4        4360           0
   33.799     0.0161621     0.0038821           4        4360           0
   33.968     0.0153165     0.0096845           4        4360           0
   34.138     0.0168726     0.0149058           4        4360           0
   34.307     0.0170720     0.0050139           4        4360           0
   34.477     0.0164830     0.0043687           4        4360           0
   34.646     0.0142308     0.0041131           4        4360           0
   34.815     0.0152853     0.0052258           4        4360           0
   34.985     0.0224305     0.0193963           4        4360           0
   35.154     0.0223622     0.0097373           4        4360           0
   35.323     0.0228878     0.0217278           4        4360           0
   35.493     0.0189534     0.0276284           4        4360           0
   35.662     0.0142420     0.0190051           4        4360           0
   35.831     0.0138551     0.0099748           4        4360           0
   36.001     0.0110964     0.0057421           4        4360           0
   36.170     0.0126472     0.0047901           4        4360           0
   36.339     0.0151735     0.0044604           4        4360           0
   36.509     0.0195841     0.0051529           4        4360           0
   36.678     0.0155619     0.0081128           4        4360           0
   36.847     0.0118695     0.0088419           4        4360           0
   37.017     0.0102403     0.0090523           4        4360           0
   37.186     0.0160452     0.0087358           4        4360           0
   37.355     0.0015934     0.0069699           4        4360           0
   37.525     0.0050873     0.0861937           4        4360           0
   37.694     0.0191578     0.0577117           4        4360           0
   37.864     0.0188014     0.0562085           4        4360           0
   38.033     0.0440027     0.0798284           4        4360           0
   38.202     0.0410689     0.0342717           4        4360           0
   38.372     0.0104944     0.0203206           4        4360           0
   38.541    -0.0161381     0.0402949           4        4360           0
   38.710     0.0660675     0.0370931           4        4360           0
   38.880     0.0577275     0.2425723           4        4360           0
   39.049     0.0221478     0.0785964           4        4360           0
   39.218    -0.0020429     0.0303817           4        4360           0
   39.388     0.0193490     0.0265267           4        4360           0
   39.557     0.0012294     0.0704548           4        4360           0
   39.727    -0.0130683     0.1026765           4        4360           0
   39.896    -0.0023158     0.0260699           4        4488           0
   40.065     0.0121160     0.0175967           4        4488           0
   40.235     0.0013538     0.0104863           4        4488           0
   40.404     0.0002921     0.0208859           4        4488           0
   40.573    -0.0010795     0.0021543           4        4488           0
   40.743    -0.0004298     0.0015662           4        4508           0
   40.912    -0.0002157     0.0007232           4        4488           0
   41.081     0.0000066     0.0003723           4        4488           0
   41.251     0.0000118     0.0003550           4        4488           0
   41.420     0.0000317     0.0004615           4        4488           0
   41.589     0.0000209     0.0006928           4        4488           0
   41.759    -0.0000578     0.0005286           4        4488           0
   41.928     0.0003467     0.0011442           4        4508           0
   42.097    -0.0007422     0.0010925           4        4508           0
   42.267     0.0000870     0.0015476           4        4488           0
