wave flux error channelflag bitflag stitchflag
    5.127     0.0028291     0.0035388           1         392           0
    5.157    -0.0012204     0.0018275           1         136           0
    5.187     0.0001062     0.0010376           1         136           0
    5.217     0.0000391     0.0006332           1         136           0
    5.247     0.0001257     0.0005629           1         136           0
    5.278    -0.0000537     0.0006605           1         136           0
    5.308    -0.0000121     0.0005688           1         136           0
    5.338     0.0002188     0.0005733           1         392           0
    5.368     0.0003154     0.0005776           1         392           0
    5.399     0.0000492     0.0005402           1       16776           0
    5.429    -0.0003188     0.0005599           1       16796           0
    5.459    -0.0001039     0.0005019           1       16796           0
    5.489    -0.0000080     0.0004610           1         392           0
    5.520     0.0004072     0.0004889           1         392           0
    5.550     0.0001344     0.0005183           1         392           0
    5.580     0.0000548     0.0004728           1         392           0
    5.610     0.0000357     0.0004774           1         392           0
    5.641     0.0000184     0.0004564           1        8468           0
    5.671     0.0001085     0.0004323           1        8468           0
    5.701     0.0000862     0.0004822           1         392           0
    5.731     0.0000043     0.0004659           1         392           0
    5.762    -0.0001089     0.0004484           1         412           0
    5.792     0.0001791     0.0005125           1         412           0
    5.822     0.0001976     0.0004775           1         392           0
    5.852     0.0000138     0.0005256           1         392           0
    5.883     0.0001331     0.0005044           1         392           0
    5.913    -0.0000190     0.0004839           1         136           0
    5.943     0.0002608     0.0004992           1         136           0
    5.973     0.0002403     0.0004739           1         136           0
    6.004     0.0002399     0.0005157           1         136           0
    6.034    -0.0000468     0.0004714           1         136           0
    6.064     0.0000875     0.0005384           1         392           0
    6.094     0.0002625     0.0004932           1         392           0
    6.125     0.0002666     0.0004935           1         392           0
    6.155     0.0001890     0.0005040           1         392           0
    6.185     0.0004953     0.0005233           1         392           0
    6.215     0.0005147     0.0005527           1         392           0
    6.245     0.0002992     0.0004926           1         392           0
    6.276     0.0001316     0.0005005           1         392           0
    6.306     0.0002527     0.0005350           1         392           0
    6.336     0.0001533     0.0005867           1         392           0
    6.366     0.0003287     0.0005948           1         392           0
    6.397     0.0002009     0.0005694           1         392           0
    6.427    -0.0000183     0.0005768           1         392           0
    6.457     0.0004186     0.0005392           1         392           0
    6.487     0.0002562     0.0005715           1         392           0
    6.518     0.0002840     0.0006153           1         392           0
    6.548     0.0000816     0.0006056           1         392           0
    6.578     0.0002006     0.0006631           1         392           0
    6.608     0.0003100     0.0006788           1         392           0
    6.639     0.0003747     0.0007002           1         136           0
    6.669     0.0005081     0.0006099           1         136           0
    6.699     0.0005486     0.0005747           1         136           0
    6.729     0.0006543     0.0006180           1         136           0
    6.760     0.0009538     0.0006773           1         136           0
    6.790     0.0004893     0.0006653           1         392           0
    6.820     0.0005821     0.0006914           1         392           0
    6.850     0.0005981     0.0007421           1         392           0
    6.881     0.0004674     0.0007350           1         392           0
    6.911     0.0006198     0.0007392           1         392           0
    6.941     0.0009490     0.0008112           1         392           0
    6.971     0.0009957     0.0007968           1         392           0
    7.002     0.0007232     0.0008302           1         392           0
    7.032     0.0006574     0.0008519           1         392           0
    7.062     0.0009229     0.0008303           1         392           0
    7.092     0.0012024     0.0008066           1         392           0
    7.122     0.0010910     0.0007699           1         392           0
    7.153     0.0011406     0.0007869           1         392           0
    7.183     0.0013517     0.0007322           1         392           0
    7.213     0.0016833     0.0007921           1         392           0
    7.243     0.0022587     0.0008035           1         392           0
    7.274     0.0029157     0.0009186           1         392           0
    7.304     0.0027908     0.0009542           1         392           0
    7.334     0.0013786     0.0011405           1       53312           0
    7.395     0.0014525     0.0012911           1       18496           0
    7.455     0.0010943     0.0011492           1       18496           0
    7.516     0.0009722     0.0011411           1       53312           0
    7.576     0.0007208     0.0015163           1      153664           0
    7.637     0.0008394     0.0006415           1         392           0
    7.697     0.0006497     0.0005520           1         392           0
    7.758     0.0003439     0.0007344           1         392           0
    7.818     0.0004029     0.0006784           1         392           0
    7.879     0.0005078     0.0007241           1         392           0
    7.939     0.0007405     0.0006395           1         392           0
    8.000     0.0007452     0.0006453           1         392           0
    8.060     0.0007141     0.0005755           1         392           0
    8.120     0.0007973     0.0005513           1         392           0
    8.181     0.0010250     0.0005410           1         392           0
    8.241     0.0010559     0.0005513           1         392           0
    8.302     0.0010659     0.0005855           1         392           0
    8.362     0.0012111     0.0003450           2       16796           0
    8.423     0.0007142     0.0003856           2       16796           0
    8.483     0.0011674     0.0003211           2       16792           0
    8.544     0.0015214     0.0002939           2       16776           0
    8.604     0.0017311     0.0003020           2         392           0
    8.665     0.0020780     0.0002625           2         392           0
    8.725     0.0021428     0.0003319           2         392           0
    8.786     0.0027845     0.0002875           2         392           0
    8.846     0.0033688     0.0003134           2         392           0
    8.907     0.0036757     0.0003115           2         392           0
    8.967     0.0040297     0.0003492           2         392           0
    9.028     0.0037051     0.0003521           2         136           0
    9.088     0.0037005     0.0003548           2         136           0
    9.149     0.0036034     0.0003421           2         136           0
    9.209     0.0036227     0.0003586           2         136           0
    9.270     0.0038045     0.0003063           2         136           0
    9.330     0.0034775     0.0003903           2         136           0
    9.391     0.0026272     0.0003430           2         392           0
    9.451     0.0024706     0.0003751           2         392           0
    9.512     0.0021548     0.0003638           2         392           0
    9.572     0.0021539     0.0003464           2         392           0
    9.633     0.0020515     0.0003101           2         392           0
    9.693     0.0020736     0.0003292           2         392           0
    9.754     0.0022742     0.0003158           2       16796           0
    9.814     0.0021570     0.0002919           2       16796           0
    9.875     0.0023353     0.0002976           2         392           0
    9.935     0.0022873     0.0002828           2         392           0
    9.995     0.0022619     0.0002677           2         392           0
   10.056     0.0027455     0.0002847           2         392           0
   10.116     0.0028586     0.0002733           2         392           0
   10.177     0.0023683     0.0002789           2         392           0
   10.237     0.0020645     0.0002490           2         392           0
   10.298     0.0018600     0.0002534           2         392           0
   10.358     0.0015695     0.0002755           2         392           0
   10.419     0.0014098     0.0002658           2         392           0
   10.479     0.0014176     0.0002818           2         392           0
   10.540     0.0013275     0.0002827           2         392           0
   10.600     0.0011394     0.0002771           2         392           0
   10.661     0.0008315     0.0003153           2         392           0
   10.721     0.0013300     0.0002751           2         392           0
   10.782     0.0013747     0.0002780           2         392           0
   10.842     0.0008818     0.0003549           2         392           0
   10.903     0.0009800     0.0003711           2         392           0
   10.963     0.0010003     0.0003792           2         392           0
   11.024     0.0009993     0.0003941           2         392           0
   11.084     0.0010138     0.0003944           2         392           0
   11.145     0.0010908     0.0003859           2         392           0
   11.205     0.0008185     0.0004239           2         392           0
   11.266     0.0006932     0.0004244           2         392           0
   11.326     0.0011667     0.0004015           2         392           0
   11.387     0.0011193     0.0004480           2         412           0
   11.447     0.0009328     0.0004527           2         412           0
   11.508     0.0009382     0.0004374           2         392           0
   11.568     0.0009281     0.0004660           2         392           0
   11.628     0.0009198     0.0004483           2         392           0
   11.689     0.0009712     0.0004891           2         392           0
   11.750     0.0009868     0.0004417           2         392           0
   11.810     0.0006769     0.0004966           2         392           0
   11.870     0.0008851     0.0004735           2         392           0
   11.931     0.0007043     0.0004451           2         392           0
   11.991     0.0007055     0.0004711           2         392           0
   12.052     0.0011507     0.0004940           2         392           0
   12.112     0.0014007     0.0004556           2         392           0
   12.173     0.0007796     0.0004393           2         392           0
   12.233     0.0010222     0.0004862           2         392           0
   12.294     0.0011132     0.0004790           2         392           0
   12.354     0.0013280     0.0004294           2         392           0
   12.415     0.0015093     0.0004013           2         392           0
   12.475     0.0016906     0.0003875           2         392           0
   12.536     0.0014244     0.0003920           2         392           0
   12.596     0.0014239     0.0003635           2         392           0
   12.657     0.0014445     0.0003637           2         392           0
   12.717     0.0008600     0.0004111           2         392           0
   12.778     0.0011052     0.0004377           2         392           0
   12.838     0.0019706     0.0003699           2         392           0
   12.899     0.0022407     0.0003904           2         392           0
   12.959     0.0021971     0.0003991           2         392           0
   13.020     0.0022584     0.0004037           2         392           0
   13.080     0.0031393     0.0004144           2         392           0
   13.141     0.0049271     0.0004413           2         392           0
   13.201     0.0061200     0.0004753           2         392           0
   13.262     0.0059373     0.0004779           2         392           0
   13.322     0.0051673     0.0004669           2         392           0
   13.383     0.0041095     0.0004963           2         392           0
   13.443     0.0032877     0.0005070           2         392           0
   13.503     0.0030911     0.0005097           2         392           0
   13.564     0.0028766     0.0005028           2         392           0
   13.625     0.0028582     0.0005282           2         392           0
   13.685     0.0027690     0.0006526           2         392           0
   13.745     0.0032405     0.0005732           2         392           0
   13.806     0.0031709     0.0005592           2         392           0
   13.866     0.0026714     0.0006872           2         392           0
   13.927     0.0021471     0.0007492           2         392           0
   13.987     0.0027532     0.0007422           2         392           0
   14.048     0.0032543     0.0006329           2         392           0
   14.108     0.0023523     0.0008105           2         392           0
   14.169     0.0030655     0.0006730           2         392           0
   14.229     0.0029857     0.0007848           2         392           0
   14.323     0.0030106     0.0004236           3        4360           0
   14.408     0.0031302     0.0003931           3        4360           0
   14.493     0.0034090     0.0003703           3        4360           0
   14.577     0.0034243     0.0003973           3        4360           0
   14.662     0.0037523     0.0004124           3        4360           0
   14.747     0.0044494     0.0004695           3        4360           0
   14.832     0.0051363     0.0004906           3        4360           0
   14.916     0.0053604     0.0004921           3        4360           0
   15.001     0.0059253     0.0004892           3        4360           0
   15.085     0.0075517     0.0004785           3        4360           0
   15.170     0.0041515     0.0004274           3        4360           0
   15.255     0.0029421     0.0004701           3        4360           0
   15.340     0.0036082     0.0004519           3        4360           0
   15.424     0.0034745     0.0004299           3        4360           0
   15.509     0.0029050     0.0003323           3        4360           0
   15.594     0.0030182     0.0008820           3        4360           0
   15.678     0.0024460     0.0013575           3        4360           0
   15.763     0.0023259     0.0003562           3        4360           0
   15.848     0.0027269     0.0004094           3        4360           0
   15.932     0.0028923     0.0005274           3        4360           0
   16.017     0.0026623     0.0005598           3        4360           0
   16.102     0.0029122     0.0005351           3        4360           0
   16.186     0.0025388     0.0005393           3        4360           0
   16.271     0.0024577     0.0005292           3        4360           0
   16.356     0.0026082     0.0022045           3        4360           0
   16.440     0.0027468     0.0007026           3        4360           0
   16.525     0.0023506     0.0004432           3        4360           0
   16.610     0.0028871     0.0003511           3        4360           0
   16.694     0.0034489     0.0004244           3        4360           0
   16.779     0.0035758     0.0010280           3        4360           0
   16.864     0.0032770     0.0015962           3        4360           0
   16.948     0.0023900     0.0006242           3        4360           0
   17.033     0.0026537     0.0004724           3        4360           0
   17.118     0.0022044     0.0011161           3        4360           0
   17.202     0.0029791     0.0007052           3        4360           0
   17.287     0.0028166     0.0004936           3        4360           0
   17.372     0.0030212     0.0006289           3        4360           0
   17.456     0.0026920     0.0006191           3        4360           0
   17.541     0.0025571     0.0005097           3        4360           0
   17.626     0.0024733     0.0005357           3        4360           0
   17.711     0.0027116     0.0005097           3        4360           0
   17.795     0.0026343     0.0005224           3        4360           0
   17.880     0.0028901     0.0004659           3        4360           0
   17.965     0.0029482     0.0005604           3        4360           0
   18.049     0.0028491     0.0005865           3        4360           0
   18.134     0.0026565     0.0006090           3        4360           0
   18.219     0.0029156     0.0007068           3        4360           0
   18.303     0.0033935     0.0009157           3        4360           0
   18.388     0.0106488     0.0005577           3        4360           0
   18.472     0.0037954     0.0005987           3        4360           0
   18.557     0.0031269     0.0007950           3        4360           0
   18.642     0.0034929     0.0006221           3        4360           0
   18.727     0.0035579     0.0005805           3        4360           0
   18.811     0.0032205     0.0006101           3        4360           0
   18.896     0.0030661     0.0005991           3        4360           0
   18.981     0.0029208     0.0005718           3        4360           0
   19.065     0.0034084     0.0005128           3        4360           0
   19.150     0.0042351     0.0005579           3        4360           0
   19.235     0.0029180     0.0009455           3    19009600           0
   19.404     0.0053787     0.0016745           3    19009600           0
   19.573     0.0037281     0.0012306           3    19009600           0
   19.743     0.0038504     0.0010078           3    19009600           0
   19.912     0.0037390     0.0011990           3    19009600           0
   20.081     0.0043698     0.0039772           3        4360           0
   20.251     0.0048328     0.0019949           3        4360           0
   20.420     0.0042728     0.0013819           3        4360           0
   20.590     0.0039641     0.0016709           3        4360           0
   20.759     0.0040180     0.0031391           3        4360           0
   20.928     0.0039233     0.0013884           3        4360           0
   21.097     0.0039440     0.0006108           4        4360           0
   21.267     0.0036981     0.0007100           4        4360           0
   21.436     0.0038102     0.0007266           4        4360           0
   21.606     0.0036688     0.0007590           4        4360           0
   21.775     0.0043437     0.0007197           4        4360           0
   21.944     0.0068034     0.0007185           4        4360           0
   22.114     0.0049488     0.0006937           4        4360           0
   22.283     0.0047728     0.0005689           4        4360           0
   22.452     0.0039150     0.0005329           4        4360           0
   22.622     0.0045342     0.0016793           4        4360           0
   22.791     0.0045124     0.0007356           4        4360           0
   22.960     0.0041129     0.0004594           4        4360           0
   23.130     0.0042328     0.0004850           4        4360           0
   23.299     0.0038248     0.0004578           4        4360           0
   23.469     0.0046542     0.0005489           4        4360           0
   23.638     0.0045733     0.0005339           4        4360           0
   23.807     0.0045054     0.0004840           4        4360           0
   23.976     0.0049330     0.0005124           4        4360           0
   24.146     0.0051062     0.0005181           4        4360           0
   24.315     0.0056366     0.0005524           4        4360           0
   24.485     0.0051081     0.0011147           4        4360           0
   24.654     0.0046642     0.0033732           4        4360           0
   24.823     0.0041065     0.0005948           4        4360           0
   24.993     0.0045943     0.0008073           4        4360           0
   25.162     0.0055112     0.0023445           4        4360           0
   25.331     0.0044872     0.0009037           4        4360           0
   25.501     0.0049199     0.0006260           4        4360           0
   25.670     0.0049211     0.0007012           4        4360           0
   25.839     0.0043217     0.0028207           4        4360           0
   26.009     0.0045757     0.0008393           4        4360           0
   26.178     0.0048691     0.0005489           4        4360           0
   26.347     0.0051939     0.0004647           4        4360           0
   26.517     0.0052729     0.0004649           4        4360           0
   26.686     0.0055458     0.0004510           4        4360           0
   26.856     0.0053884     0.0005362           4        4360           0
   27.025     0.0056648     0.0005479           4        4360           0
   27.194     0.0053971     0.0005568           4        4360           0
   27.364     0.0046659     0.0004637           4        4360           0
   27.533     0.0055822     0.0005379           4        4360           0
   27.702     0.0049373     0.0005875           4        4360           0
   27.872     0.0054873     0.0006064           4        4360           0
   28.041     0.0055137     0.0007013           4        4360           0
   28.210     0.0071318     0.0007064           4        4360           0
   28.380     0.0056787     0.0006256           4        4360           0
   28.549     0.0058460     0.0006493           4        4360           0
   28.719     0.0055948     0.0005999           4        4360           0
   28.888     0.0053003     0.0005994           4        4360           0
   29.057     0.0069161     0.0005671           4        4360           0
   29.226     0.0063466     0.0007439           4        4360           0
   29.396     0.0058090     0.0008975           4        4360           0
   29.565     0.0060767     0.0035851           4        4360           0
   29.735     0.0061415     0.0032516           4        4360           0
   29.904     0.0061439     0.0007251           4        4360           0
   30.073     0.0064877     0.0007500           4        4360           0
   30.243     0.0070402     0.0007062           4        4360           0
   30.412     0.0063687     0.0009213           4        4360           0
   30.581     0.0067745     0.0011114           4        4360           0
   30.751     0.0076564     0.0009445           4        4360           0
   30.920     0.0062646     0.0010154           4        4360           0
   31.089     0.0069629     0.0007554           4        4360           0
   31.259     0.0058431     0.0008516           4        4360           0
   31.428     0.0056493     0.0007017           4        4360           0
   31.597     0.0062264     0.0007615           4        4360           0
   31.767     0.0075016     0.0007674           4        4360           0
   31.936     0.0074524     0.0008147           4        4360           0
   32.105     0.0070493     0.0008155           4        4360           0
   32.275     0.0069330     0.0010617           4        4360           0
   32.444     0.0074661     0.0012707           4        4360           0
   32.614     0.0067734     0.0013576           4        4360           0
   32.783     0.0068113     0.0013446           4        4360           0
   32.952     0.0080817     0.0012929           4        4360           0
   33.122     0.0112544     0.0015463           4        4360           0
   33.291     0.0078046     0.0022596           4        4360           0
   33.460     0.0116738     0.0020100           4        4360           0
   33.630     0.0092034     0.0014182           4        4360           0
   33.799     0.0119502     0.0015761           4        4360           0
   33.968     0.0082662     0.0024876           4        4360           0
   34.138     0.0075388     0.0027853           4        4360           0
   34.307     0.0112876     0.0027551           4        4360           0
   34.477     0.0104709     0.0022106           4        4360           0
   34.646     0.0060759     0.0020315           4        4360           0
   34.815     0.0062495     0.0024463           4        4360           0
   34.985     0.0091135     0.0105685           4        4360           0
   35.154     0.0098484     0.0040256           4        4360           0
   35.323     0.0145165     0.0067133           4        4360           0
   35.493     0.0107253     0.0028921           4        4360           0
   35.662     0.0116910     0.0029572           4        4360           0
   35.831     0.0097942     0.0028740           4        4360           0
   36.001     0.0076558     0.0029686           4        4360           0
   36.170     0.0088819     0.0045637           4        4360           0
   36.339     0.0106823     0.0056050           4        4360           0
   36.509     0.0089390     0.0036301           4        4360           0
   36.678     0.0056981     0.0049027           4        4360           0
   36.847     0.0082933     0.0041739           4        4360           0
   37.017     0.0065933     0.0034123           4        4360           0
   37.186     0.0108450     0.0051359           4        4360           0
   37.355     0.0114699     0.0049256           4        4360           0
   37.525     0.0082033     0.0045242           4        4360           0
   37.694     0.0098843     0.0058387           4        4360           0
   37.864     0.0152812     0.0073141           4        4360           0
   38.033     0.0295418     0.0091269           4        4360           0
   38.202     0.0510712     0.0099710           4        4360           0
   38.372     0.0235437     0.0097339           4        4360           0
   38.541     0.0249948     0.0105203           4        4360           0
   38.710     0.0226222     0.0206705           4        4360           0
   38.880     0.0447717     0.0184165           4        4360           0
   39.049     0.0181625     0.1544117           4        4360           0
   39.218     0.0200169     0.0743390           4        4360           0
   39.388     0.0079278     0.0107110           4        4360           0
   39.557     0.0376729     0.0483872           4        4360           0
   39.727     0.0457021     0.0828300           4        4360           0
   39.896     0.0208729     0.0109990           4        4488           0
   40.065     0.0052241     0.0092735           4        4488           0
   40.235    -0.0000082     0.0043533           4        4488           0
   40.404     0.0009218     0.0016235           4        4488           0
   40.573     0.0008044     0.0009748           4        4488           0
   40.743     0.0005572     0.0003375           4        4508           0
   40.912     0.0001872     0.0001641           4        4488           0
   41.081     0.0000420     0.0001413           4        4488           0
   41.251     0.0000472     0.0001369           4        4488           0
   41.420     0.0000655     0.0002398           4        4488           0
   41.589     0.0011101     0.0002520           4        4488           0
   41.759     0.0027119     0.0002836           4        4488           0
   41.928     0.0004015     0.0008202           4        4508           0
   42.097    -0.0001163     0.0005433           4        4508           0
   42.267     0.0013629     0.0006984           4        4488           0
