wave flux error channelflag bitflag stitchflag
    5.127    -0.0001661     0.0031520           1         392           0
    5.157    -0.0003995     0.0020669           1         136           0
    5.187     0.0001129     0.0009493           1         136           0
    5.217     0.0000188     0.0005592           1         136           0
    5.247     0.0002114     0.0005791           1         136           0
    5.278     0.0001935     0.0006382           1         136           0
    5.308     0.0001734     0.0005913           1         136           0
    5.338     0.0001749     0.0005473           1         392           0
    5.368     0.0004406     0.0006295           1         392           0
    5.399     0.0004183     0.0005545           1       16776           0
    5.429     0.0005487     0.0005877           1       16796           0
    5.459     0.0005314     0.0005357           1       16796           0
    5.489     0.0000850     0.0005185           1         392           0
    5.520     0.0000970     0.0004923           1         392           0
    5.550     0.0002512     0.0004850           1         392           0
    5.580     0.0000081     0.0005072           1         392           0
    5.610    -0.0000922     0.0004904           1         392           0
    5.641    -0.0003630     0.0005050           1        8468           0
    5.671    -0.0000986     0.0004538           1        8468           0
    5.701    -0.0000970     0.0004298           1         392           0
    5.731     0.0000318     0.0004012           1         392           0
    5.762     0.0003116     0.0004667           1         412           0
    5.792     0.0002384     0.0004967           1         412           0
    5.822     0.0002796     0.0004749           1         392           0
    5.852     0.0001443     0.0005031           1         392           0
    5.883     0.0001897     0.0005940           1         392           0
    5.913     0.0001896     0.0005248           1         136           0
    5.943     0.0002552     0.0005077           1         136           0
    5.973     0.0000956     0.0005605           1         136           0
    6.004     0.0001679     0.0005518           1         136           0
    6.034     0.0001122     0.0004840           1         136           0
    6.064     0.0000616     0.0004620           1         392           0
    6.094     0.0001053     0.0004320           1         392           0
    6.125     0.0002337     0.0004391           1         392           0
    6.155     0.0002365     0.0004960           1         392           0
    6.185    -0.0000491     0.0004926           1         392           0
    6.215     0.0000417     0.0004840           1         392           0
    6.245     0.0001696     0.0004401           1         392           0
    6.276     0.0000899     0.0004656           1         392           0
    6.306     0.0006115     0.0003445           1         392           0
    6.336     0.0006043     0.0003607           1         392           0
    6.366     0.0003156     0.0005082           1         392           0
    6.397     0.0004440     0.0005329           1         392           0
    6.427     0.0005082     0.0005153           1         392           0
    6.457     0.0001033     0.0004187           1         392           0
    6.487     0.0002422     0.0004714           1         392           0
    6.518     0.0002996     0.0006068           1         392           0
    6.548     0.0002956     0.0006583           1         392           0
    6.578     0.0001031     0.0007194           1         392           0
    6.608     0.0005233     0.0007938           1         392           0
    6.639     0.0005181     0.0006821           1         136           0
    6.669     0.0007023     0.0006953           1         136           0
    6.699     0.0002973     0.0006524           1         136           0
    6.729     0.0002974     0.0006503           1         136           0
    6.760     0.0015854     0.0005909           1         136           0
    6.790     0.0002803     0.0007719           1         392           0
    6.820     0.0007259     0.0007440           1         392           0
    6.850     0.0009719     0.0008017           1         392           0
    6.881     0.0015773     0.0008008           1         392           0
    6.911     0.0012717     0.0005547           1         392           0
    6.941     0.0005006     0.0006720           1         392           0
    6.971     0.0019324     0.0008230           1         392           0
    7.002     0.0015315     0.0008469           1         392           0
    7.032     0.0013610     0.0007085           1         392           0
    7.062     0.0002168     0.0007889           1         392           0
    7.092     0.0004702     0.0007884           1         392           0
    7.122     0.0008140     0.0008184           1         392           0
    7.153     0.0005977     0.0008347           1         392           0
    7.183     0.0008119     0.0007698           1         392           0
    7.213     0.0005395     0.0008246           1         392           0
    7.243     0.0005583     0.0007711           1         392           0
    7.274     0.0002754     0.0008922           1         392           0
    7.304     0.0004127     0.0008943           1         392           0
    7.334     0.0005594     0.0011449           1       53312           0
    7.395     0.0004655     0.0013248           1       18496           0
    7.455     0.0004243     0.0010499           1       18496           0
    7.516     0.0005127     0.0010847           1       53312           0
    7.576     0.0006173     0.0013806           1      153664           0
    7.637     0.0000219     0.0004994           1         392           0
    7.697     0.0001772     0.0005181           1         392           0
    7.758     0.0013338     0.0006549           1         392           0
    7.818     0.0012560     0.0006387           1         392           0
    7.879     0.0010710     0.0005491           1         392           0
    7.939     0.0010137     0.0006218           1         392           0
    8.000     0.0013705     0.0006253           1         392           0
    8.060     0.0014774     0.0006259           1         392           0
    8.120     0.0011055     0.0005178           1         392           0
    8.181     0.0009596     0.0004819           1         392           0
    8.241     0.0016913     0.0004226           1         392           0
    8.302     0.0021098     0.0004590           1         392           0
    8.362     0.0028984     0.0002538           2       16796           0
    8.423     0.0037908     0.0003153           2       16796           0
    8.483     0.0034814     0.0002646           2       16792           0
    8.544     0.0034809     0.0002926           2       16776           0
    8.604     0.0033750     0.0001770           2         392           0
    8.665     0.0039000     0.0001780           2         392           0
    8.725     0.0039040     0.0002000           2         392           0
    8.786     0.0042781     0.0002680           2         392           0
    8.846     0.0039747     0.0002340           2         392           0
    8.907     0.0032483     0.0003541           2         392           0
    8.967     0.0026216     0.0003518           2         392           0
    9.028     0.0030742     0.0002524           2         136           0
    9.088     0.0024695     0.0004061           2         136           0
    9.149     0.0025938     0.0003674           2         136           0
    9.209     0.0023663     0.0003941           2         136           0
    9.270     0.0023367     0.0003438           2         136           0
    9.330     0.0026164     0.0002903           2         136           0
    9.391     0.0022582     0.0003478           2         392           0
    9.451     0.0019715     0.0002726           2         392           0
    9.512     0.0027800     0.0001620           2         392           0
    9.572     0.0030192     0.0003130           2         392           0
    9.633     0.0027795     0.0003292           2         392           0
    9.693     0.0026682     0.0003356           2         392           0
    9.754     0.0014637     0.0002528           2       16796           0
    9.814     0.0015997     0.0002762           2       16796           0
    9.875     0.0009855     0.0002356           2         392           0
    9.935     0.0013209     0.0002881           2         392           0
    9.995     0.0013029     0.0002781           2         392           0
   10.056     0.0011729     0.0002865           2         392           0
   10.116     0.0011048     0.0002781           2         392           0
   10.177     0.0009781     0.0002726           2         392           0
   10.237     0.0010602     0.0002853           2         392           0
   10.298     0.0005609     0.0002962           2         392           0
   10.358     0.0005820     0.0003005           2         392           0
   10.419     0.0010070     0.0002783           2         392           0
   10.479     0.0010665     0.0002866           2         392           0
   10.540     0.0008321     0.0002900           2         392           0
   10.600     0.0008152     0.0002975           2         392           0
   10.661     0.0008823     0.0003385           2         392           0
   10.721     0.0011904     0.0002916           2         392           0
   10.782     0.0014166     0.0002785           2         392           0
   10.842     0.0011569     0.0002842           2         392           0
   10.903     0.0006558     0.0003583           2         392           0
   10.963     0.0008560     0.0003054           2         392           0
   11.024     0.0008418     0.0003825           2         392           0
   11.084     0.0008897     0.0003312           2         392           0
   11.145     0.0011115     0.0003471           2         392           0
   11.205     0.0008055     0.0004381           2         392           0
   11.266     0.0008664     0.0004165           2         392           0
   11.326     0.0008591     0.0004495           2         392           0
   11.387     0.0006021     0.0004319           2         412           0
   11.447     0.0006108     0.0004394           2         412           0
   11.508     0.0011987     0.0003877           2         392           0
   11.568     0.0013415     0.0004133           2         392           0
   11.628     0.0010320     0.0005059           2         392           0
   11.689     0.0012892     0.0004113           2         392           0
   11.750     0.0012966     0.0004185           2         392           0
   11.810     0.0017819     0.0004084           2         392           0
   11.870     0.0009461     0.0004677           2         392           0
   11.931     0.0013894     0.0004058           2         392           0
   11.991     0.0014459     0.0003883           2         392           0
   12.052     0.0011304     0.0003899           2         392           0
   12.112     0.0011071     0.0004113           2         392           0
   12.173     0.0018403     0.0003837           2         392           0
   12.233     0.0021088     0.0003980           2         392           0
   12.294     0.0024470     0.0004075           2         392           0
   12.354     0.0033102     0.0004229           2         392           0
   12.415     0.0036700     0.0003602           2         392           0
   12.475     0.0075014     0.0003310           2         392           0
   12.536     0.0082075     0.0003383           2         392           0
   12.596     0.0068069     0.0003762           2         392           0
   12.657     0.0054512     0.0003895           2         392           0
   12.717     0.0044961     0.0003780           2         392           0
   12.778     0.0042042     0.0003877           2         392           0
   12.838     0.0033368     0.0003714           2         392           0
   12.899     0.0029407     0.0003800           2         392           0
   12.959     0.0028364     0.0003998           2         392           0
   13.020     0.0028631     0.0003944           2         392           0
   13.080     0.0026353     0.0004198           2         392           0
   13.141     0.0022079     0.0004384           2         392           0
   13.201     0.0023164     0.0004298           2         392           0
   13.262     0.0029405     0.0004282           2         392           0
   13.322     0.0032829     0.0004706           2         392           0
   13.383     0.0032471     0.0004773           2         392           0
   13.443     0.0032795     0.0004769           2         392           0
   13.503     0.0025355     0.0004884           2         392           0
   13.564     0.0026141     0.0005188           2         392           0
   13.625     0.0029032     0.0005538           2         392           0
   13.685     0.0028984     0.0005632           2         392           0
   13.745     0.0030480     0.0006205           2         392           0
   13.806     0.0030521     0.0006386           2         392           0
   13.866     0.0036256     0.0005906           2         392           0
   13.927     0.0033278     0.0006069           2         392           0
   13.987     0.0035260     0.0006367           2         392           0
   14.048     0.0046670     0.0006537           2         392           0
   14.154     0.0055973     0.0006604           3        4360           0
   14.239     0.0074770     0.0003955           3        4360           0
   14.323     0.0054307     0.0006151           3        4360           0
   14.408     0.0034132     0.0005419           3        4360           0
   14.493     0.0024449     0.0005464           3        4360           0
   14.577     0.0025668     0.0006083           3        4360           0
   14.662     0.0035834     0.0005915           3        4360           0
   14.747     0.0021609     0.0005962           3        4360           0
   14.832     0.0015052     0.0006413           3        4360           0
   14.916     0.0016778     0.0007451           3        4360           0
   15.001     0.0028144     0.0005839           3        4360           0
   15.085     0.0024020     0.0006597           3        4360           0
   15.170     0.0017454     0.0006617           3        4360           0
   15.255     0.0019594     0.0006469           3        4360           0
   15.340     0.0022245     0.0010280           3        4360           0
   15.424     0.0022961     0.0006154           3        4360           0
   15.509     0.0015520     0.0005058           3        4360           0
   15.594     0.0015999     0.0005231           3        4360           0
   15.678     0.0017204     0.0005612           3        4360           0
   15.763     0.0015478     0.0004912           3        4360           0
   15.848     0.0020890     0.0005225           3        4360           0
   15.932     0.0017148     0.0007185           3        4360           0
   16.017     0.0016683     0.0007593           3        4360           0
   16.102     0.0019701     0.0006750           3        4360           0
   16.186     0.0018073     0.0006047           3        4360           0
   16.271     0.0011711     0.0046719           3        4360           0
   16.356     0.0017597     0.0009859           3        4360           0
   16.440     0.0018283     0.0006884           3        4360           0
   16.525     0.0013122     0.0006291           3        4360           0
   16.610     0.0012085     0.0005736           3        4360           0
   16.694     0.0014151     0.0005855           3        4360           0
   16.779     0.0014046     0.0006818           3        4360           0
   16.864     0.0013732     0.0009092           3        4360           0
   16.948     0.0012447     0.0008785           3        4360           0
   17.033     0.0026143     0.0004565           3        4360           0
   17.118     0.0009721     0.0015327           3        4360           0
   17.202     0.0021005     0.0008545           3        4360           0
   17.287     0.0028951     0.0007650           3        4360           0
   17.372     0.0026273     0.0011112           3        4360           0
   17.456     0.0016207     0.0010483           3        4360           0
   17.541     0.0015595     0.0008067           3        4360           0
   17.626     0.0017714     0.0007295           3        4360           0
   17.711     0.0019875     0.0007530           3        4360           0
   17.795     0.0022763     0.0007475           3        4360           0
   17.880     0.0022735     0.0007323           3        4360           0
   17.965     0.0028587     0.0006593           3        4360           0
   18.049     0.0024539     0.0006156           3        4360           0
   18.134     0.0022109     0.0008099           3        4360           0
   18.219     0.0029958     0.0008491           3        4360           0
   18.303     0.0040642     0.0009661           3        4360           0
   18.388     0.0035308     0.0010299           3        4360           0
   18.472     0.0021380     0.0009492           3        4360           0
   18.557     0.0026889     0.0011767           3        4360           0
   18.642     0.0030782     0.0009096           3        4360           0
   18.727     0.0038627     0.0007312           3        4360           0
   18.811     0.0031948     0.0007721           3        4360           0
   18.896     0.0033807     0.0008768           3        4360           0
   18.981     0.0052632     0.0007097           3        4360           0
   19.065     0.0045327     0.0008205           3        4360           0
   19.150     0.0038888     0.0010279           3        4360           0
   19.235     0.0020187     0.0013052           3    19009600           0
   19.404     0.0027342     0.0022285           3    19009600           0
   19.573     0.0027148     0.0037481           3    19009600           0
   19.743     0.0029424     0.0035647           3    19009600           0
   19.912     0.0026069     0.0014769           3    19009600           0
   20.081     0.0017227     0.0057732           3        4360           0
   20.251     0.0033445     0.0040603           3        4360           0
   20.420     0.0023818     0.0017055           3        4360           0
   20.590     0.0021321     0.0019019           3        4360           0
   20.759     0.0033388     0.0059261           3        4360           0
   20.928     0.0034821     0.0022112           3        4360           0
   21.097     0.0032438     0.0009100           4        4360           0
   21.267     0.0026374     0.0010472           4        4360           0
   21.436     0.0010046     0.0009920           4        4360           0
   21.606     0.0019616     0.0011660           4        4360           0
   21.775     0.0015603     0.0008123           4        4360           0
   21.944     0.0018855     0.0011339           4        4360           0
   22.114     0.0025890     0.0014585           4        4360           0
   22.283     0.0028388     0.0007639           4        4360           0
   22.452     0.0016039     0.0009410           4        4360           0
   22.622     0.0017708     0.0010027           4        4360           0
   22.791     0.0021801     0.0008040           4        4360           0
   22.960     0.0025264     0.0006095           4        4360           0
   23.130     0.0029805     0.0006134           4        4360           0
   23.299     0.0024360     0.0007644           4        4360           0
   23.469     0.0029022     0.0007582           4        4360           0
   23.638     0.0026590     0.0043056           4        4360           0
   23.807     0.0023267     0.0032060           4        4360           0
   23.976     0.0022956     0.0006815           4        4360           0
   24.146     0.0021752     0.0008088           4        4360           0
   24.315     0.0032647     0.0006696           4        4360           0
   24.485     0.0038010     0.0008416           4        4360           0
   24.654     0.0034012     0.0008080           4        4360           0
   24.823     0.0034569     0.0009017           4        4360           0
   24.993     0.0022359     0.0010090           4        4360           0
   25.162     0.0030177     0.0007674           4        4360           0
   25.331     0.0032353     0.0008117           4        4360           0
   25.501     0.0034047     0.0008627           4        4360           0
   25.670     0.0038385     0.0009543           4        4360           0
   25.839     0.0034706     0.0035339           4        4360           0
   26.009     0.0040346     0.0011205           4        4360           0
   26.178     0.0033715     0.0056279           4        4360           0
   26.347     0.0041472     0.0029085           4        4360           0
   26.517     0.0033062     0.0038392           4        4360           0
   26.686     0.0032295     0.0023399           4        4360           0
   26.856     0.0035378     0.0007979           4        4360           0
   27.025     0.0039954     0.0007979           4        4360           0
   27.194     0.0039912     0.0007735           4        4360           0
   27.364     0.0038382     0.0006982           4        4360           0
   27.533     0.0036048     0.0007975           4        4360           0
   27.702     0.0032963     0.0008074           4        4360           0
   27.872     0.0035671     0.0008612           4        4360           0
   28.041     0.0039198     0.0008182           4        4360           0
   28.210     0.0015907     0.0011020           4        4360           0
   28.380     0.0037497     0.0009907           4        4360           0
   28.549     0.0041678     0.0009557           4        4360           0
   28.719     0.0067707     0.0008137           4        4360           0
   28.888     0.0065086     0.0008745           4        4360           0
   29.057     0.0054632     0.0008700           4        4360           0
   29.226     0.0054896     0.0008380           4        4360           0
   29.396     0.0048290     0.0112446           4        4360           0
   29.565     0.0051992     0.0109375           4        4360           0
   29.735     0.0052250     0.0009217           4        4360           0
   29.904     0.0048413     0.0010768           4        4360           0
   30.073     0.0052713     0.0011317           4        4360           0
   30.243     0.0056779     0.0010808           4        4360           0
   30.412     0.0052257     0.0012642           4        4360           0
   30.581     0.0051016     0.0014229           4        4360           0
   30.751     0.0049795     0.0013522           4        4360           0
   30.920     0.0039056     0.0013241           4        4360           0
   31.089     0.0060413     0.0012028           4        4360           0
   31.259     0.0065061     0.0011512           4        4360           0
   31.428     0.0059327     0.0010019           4        4360           0
   31.597     0.0053995     0.0010471           4        4360           0
   31.767     0.0057010     0.0010390           4        4360           0
   31.936     0.0069041     0.0011152           4        4360           0
   32.105     0.0065165     0.0013366           4        4360           0
   32.275     0.0049669     0.0015904           4        4360           0
   32.444     0.0052110     0.0016290           4        4360           0
   32.614     0.0060812     0.0022346           4        4360           0
   32.783     0.0050057     0.0052569           4        4360           0
   32.952     0.0072174     0.0019467           4        4360           0
   33.122     0.0036138     0.0021766           4        4360           0
   33.291     0.0054613     0.0034810           4        4360           0
   33.460     0.0068305     0.0023743           4        4360           0
   33.630     0.0061714     0.0019370           4        4360           0
   33.799     0.0032912     0.0022323           4        4360           0
   33.968     0.0047990     0.0022938           4        4360           0
   34.138     0.0066718     0.0025145           4        4360           0
   34.307     0.0061467     0.0025900           4        4360           0
   34.477     0.0061451     0.0026918           4        4360           0
   34.646     0.0065940     0.0026131           4        4360           0
   34.815     0.0068908     0.0032876           4        4360           0
   34.985     0.0037132     0.0087744           4        4360           0
   35.154     0.0060601     0.0037326           4        4360           0
   35.323     0.0041236     0.0059249           4        4360           0
   35.493     0.0062490     0.0069564           4        4360           0
   35.662     0.0121198     0.0041495           4        4360           0
   35.831     0.0097500     0.0038502           4        4360           0
   36.001     0.0083032     0.0036293           4        4360           0
   36.170     0.0064061     0.0036116           4        4360           0
   36.339     0.0058888     0.0041002           4        4360           0
   36.509     0.0069530     0.0045432           4        4360           0
   36.678     0.0076982     0.0053974           4        4360           0
   36.847     0.0060308     0.0059671           4        4360           0
   37.017     0.0027132     0.0084361           4        4360           0
   37.186     0.0083342     0.0075086           4        4360           0
   37.355     0.0167353     0.0067882           4        4360           0
   37.525     0.0126122     0.0059734           4        4360           0
   37.694     0.0097038     0.0087618           4        4360           0
   37.864     0.0036068     0.0116786           4        4360           0
   38.033     0.0081773     0.0303027           4        4360           0
   38.202     0.0202744     0.0472498           4        4360           0
   38.372     0.0047524     0.0158742           4        4360           0
   38.541     0.0152936     0.0373717           4        4360           0
   38.710     0.0172185     0.0224751           4        4360           0
   38.880     0.0310178     0.0185578           4        4360           0
   39.049     0.0241463     0.0439584           4        4360           0
   39.218     0.0045775     0.0212017           4        4360           0
   39.388     0.0030292     0.0141102           4        4360           0
   39.557     0.0011629     0.0136746           4        4360           0
   39.727    -0.0027979     0.0151337           4        4360           0
   39.896    -0.0008836     0.0168385           4        4488           0
   40.065    -0.0009404     0.0119693           4        4488           0
   40.235     0.0007846     0.0057490           4        4488           0
   40.404     0.0007822     0.0026883           4        4488           0
   40.573    -0.0001044     0.0014557           4        4488           0
   40.743     0.0003950     0.0004356           4        4508           0
   40.912    -0.0000664     0.0002200           4        4488           0
   41.081    -0.0000970     0.0001502           4        4488           0
   41.251    -0.0000243     0.0001745           4        4488           0
   41.420    -0.0000179     0.0003156           4        4488           0
   41.589    -0.0001379     0.0004577           4        4488           0
   41.759    -0.0000260     0.0005384           4        4488           0
   41.928     0.0000877     0.0017753           4        4508           0
   42.097     0.0000901     0.0007120           4        4508           0
   42.267    -0.0001342     0.0009428           4        4488           0
