wave flux error channelflag bitflag stitchflag
    5.127     0.0207229     0.0231952           1         392           0
    5.157    -0.0041793     0.0094557           1         136           0
    5.187     0.0035574     0.0056777           1         136           0
    5.217     0.0019472     0.0030618           1         136           0
    5.247     0.0044234     0.0031979           1         136           0
    5.278     0.0055886     0.0041293           1         136           0
    5.308     0.0014185     0.0031727           1         136           0
    5.338    -0.0026554     0.0029634           1         392           0
    5.368     0.0010418     0.0038709           1         392           0
    5.399     0.0013641     0.0037011           1       16776           0
    5.429     0.0033168     0.0037439           1       16796           0
    5.459     0.0056093     0.0036958           1       16796           0
    5.489     0.0045788     0.0029772           1         392           0
    5.520     0.0057229     0.0034317           1         392           0
    5.550     0.0041704     0.0036140           1         392           0
    5.580     0.0029818     0.0031664           1         392           0
    5.610     0.0040487     0.0025236           1         392           0
    5.641     0.0025416     0.0027975           1        8468           0
    5.671     0.0044811     0.0021227           1        8468           0
    5.701     0.0043679     0.0023886           1         392           0
    5.731     0.0042980     0.0023208           1         392           0
    5.762     0.0053148     0.0029068           1         412           0
    5.792     0.0051467     0.0028452           1         412           0
    5.822     0.0061253     0.0021761           1         392           0
    5.852     0.0029197     0.0028641           1         392           0
    5.883     0.0038212     0.0027196           1         392           0
    5.913     0.0031211     0.0026519           1         136           0
    5.943    -0.0000198     0.0021190           1         136           0
    5.973     0.0023752     0.0027327           1         136           0
    6.004     0.0029055     0.0028397           1         136           0
    6.034     0.0013814     0.0028052           1         136           0
    6.064     0.0025635     0.0028739           1         392           0
    6.094     0.0029838     0.0028258           1         392           0
    6.125     0.0114048     0.0023285           1         392           0
    6.155     0.0047414     0.0029676           1         392           0
    6.185     0.0030491     0.0025535           1         392           0
    6.215     0.0026373     0.0025295           1         392           0
    6.245     0.0005296     0.0025374           1         392           0
    6.276     0.0013524     0.0026657           1         392           0
    6.306     0.0018953     0.0028908           1         392           0
    6.336     0.0042321     0.0033988           1         392           0
    6.366     0.0044647     0.0032489           1         392           0
    6.397     0.0047251     0.0037325           1         392           0
    6.427     0.0013899     0.0035169           1         392           0
    6.457    -0.0007379     0.0036563           1         392           0
    6.487    -0.0029955     0.0033054           1         392           0
    6.518    -0.0005844     0.0041134           1         392           0
    6.548     0.0004450     0.0045964           1         392           0
    6.578    -0.0010351     0.0043352           1         392           0
    6.608    -0.0016197     0.0045503           1         392           0
    6.639    -0.0020523     0.0049845           1         136           0
    6.669     0.0010662     0.0044544           1         136           0
    6.699    -0.0006583     0.0043196           1         136           0
    6.729    -0.0036391     0.0038094           1         136           0
    6.760    -0.0014444     0.0041116           1         136           0
    6.790    -0.0018222     0.0041645           1         392           0
    6.820     0.0043865     0.0053321           1         392           0
    6.850    -0.0025379     0.0047329           1         392           0
    6.881    -0.0037148     0.0046189           1         392           0
    6.911     0.0011975     0.0050788           1         392           0
    6.941     0.0021824     0.0047250           1         392           0
    6.971    -0.0014379     0.0050695           1         392           0
    7.002    -0.0007729     0.0049961           1         392           0
    7.032     0.0015457     0.0045000           1         392           0
    7.062    -0.0009299     0.0039950           1         392           0
    7.092    -0.0010570     0.0039145           1         392           0
    7.122    -0.0052591     0.0039520           1         392           0
    7.153    -0.0078945     0.0038529           1         392           0
    7.183    -0.0067080     0.0043143           1         392           0
    7.213    -0.0054831     0.0047565           1         392           0
    7.243    -0.0067959     0.0046785           1         392           0
    7.274    -0.0075249     0.0046749           1         392           0
    7.304    -0.0052453     0.0048446           1         392           0
    7.334    -0.0071829     0.0058647           1       53312           0
    7.395     0.0070168     0.0067872           1       18496           0
    7.455     0.0076247     0.0055918           1       18496           0
    7.516     0.0024804     0.0059616           1       53312           0
    7.576     0.0020928     0.0095451           1      153664           0
    7.637     0.0027731     0.0031371           1         392           0
    7.697     0.0031992     0.0044552           1         392           0
    7.758     0.0025626     0.0038322           1         392           0
    7.818     0.0015692     0.0042042           1         392           0
    7.879     0.0023983     0.0040222           1         392           0
    7.939     0.0012517     0.0036847           1         392           0
    8.000     0.0037443     0.0037924           1         392           0
    8.060     0.0047198     0.0031807           1         392           0
    8.120     0.0054931     0.0034389           1         392           0
    8.181     0.0029747     0.0036183           1         392           0
    8.241     0.0017856     0.0037246           1         392           0
    8.302     0.0047836     0.0040022           1         392           0
    8.362     0.0055135     0.0036451           1       16796           0
    8.423     0.0046038     0.0039428           1       16796           0
    8.483     0.0046904     0.0039074           1       16792           0
    8.544    -0.0001579     0.0017841           2       16776           0
    8.604     0.0096418     0.0027847           2         392           0
    8.665     0.0023769     0.0017678           2         392           0
    8.725    -0.0018575     0.0016261           2         392           0
    8.786     0.0009669     0.0020751           2         392           0
    8.846     0.0001386     0.0019714           2         392           0
    8.907     0.0016340     0.0024289           2         392           0
    8.967    -0.0004718     0.0021339           2         392           0
    9.028    -0.0001020     0.0020285           2         136           0
    9.088     0.0005580     0.0024077           2         136           0
    9.149     0.0029502     0.0023684           2         136           0
    9.209     0.0034162     0.0019830           2         136           0
    9.270     0.0020997     0.0023099           2         136           0
    9.330     0.0007672     0.0023721           2         136           0
    9.391     0.0045535     0.0019122           2         392           0
    9.451     0.0065896     0.0020856           2         392           0
    9.512     0.0050235     0.0021489           2         392           0
    9.572     0.0012766     0.0020231           2         392           0
    9.633    -0.0015780     0.0017573           2         392           0
    9.693    -0.0005704     0.0017324           2         392           0
    9.754     0.0003777     0.0017033           2       16796           0
    9.814     0.0006569     0.0016754           2       16796           0
    9.875     0.0004516     0.0016795           2         392           0
    9.935     0.0001383     0.0015906           2         392           0
    9.995     0.0011936     0.0015887           2         392           0
   10.056     0.0021873     0.0016738           2         392           0
   10.116     0.0020789     0.0016862           2         392           0
   10.177    -0.0000057     0.0015818           2         392           0
   10.237    -0.0004926     0.0014623           2         392           0
   10.298    -0.0001140     0.0014196           2         392           0
   10.358    -0.0000093     0.0014943           2         392           0
   10.419     0.0005841     0.0017065           2         392           0
   10.479     0.0014146     0.0019181           2         392           0
   10.540     0.0013188     0.0018367           2         392           0
   10.600    -0.0007932     0.0015981           2         392           0
   10.661    -0.0018159     0.0016974           2         392           0
   10.721    -0.0013505     0.0017303           2         392           0
   10.782     0.0020935     0.0015366           2         392           0
   10.842     0.0011920     0.0018149           2         392           0
   10.903     0.0008785     0.0019427           2         392           0
   10.963     0.0005854     0.0020213           2         392           0
   11.024     0.0014883     0.0021564           2         392           0
   11.084     0.0019039     0.0023860           2         392           0
   11.145     0.0015479     0.0023145           2         392           0
   11.205     0.0007354     0.0022584           2         392           0
   11.266     0.0058133     0.0019741           2         392           0
   11.326     0.0070956     0.0019168           2         392           0
   11.387     0.0006954     0.0026959           2         412           0
   11.447     0.0037869     0.0021815           2         412           0
   11.508     0.0028264     0.0025523           2         392           0
   11.568     0.0003417     0.0026783           2         392           0
   11.628     0.0025475     0.0028737           2         392           0
   11.689     0.0028885     0.0027433           2         392           0
   11.750     0.0009849     0.0024652           2         392           0
   11.810     0.0015509     0.0024861           2         392           0
   11.870     0.0015791     0.0024266           2         392           0
   11.931     0.0042403     0.0019448           2         392           0
   11.991     0.0056090     0.0022200           2         392           0
   12.052     0.0062148     0.0023810           2         392           0
   12.112     0.0095322     0.0022459           2         392           0
   12.173     0.0066118     0.0019555           2         392           0
   12.233     0.0050798     0.0021355           2         392           0
   12.294     0.0046038     0.0020056           2         392           0
   12.354     0.0026876     0.0024037           2         392           0
   12.415     0.0012702     0.0024028           2         392           0
   12.475     0.0026710     0.0021430           2         392           0
   12.536     0.0015121     0.0023407           2         392           0
   12.596     0.0032723     0.0023740           2         392           0
   12.657     0.0047853     0.0023832           2         392           0
   12.717     0.0029464     0.0023828           2         392           0
   12.778     0.0071412     0.0016853           2         392           0
   12.838     0.0052282     0.0016606           2         392           0
   12.899     0.0000286     0.0024174           2         392           0
   12.959     0.0018809     0.0026357           2         392           0
   13.020     0.0020205     0.0026788           2         392           0
   13.080     0.0012354     0.0026106           2         392           0
   13.141     0.0011722     0.0030267           2         392           0
   13.201    -0.0002866     0.0028856           2         392           0
   13.262    -0.0012168     0.0027651           2         392           0
   13.322    -0.0017239     0.0029519           2         392           0
   13.383     0.0030693     0.0032095           2         392           0
   13.443     0.0022886     0.0039014           2         392           0
   13.503     0.0054006     0.0038255           2         392           0
   13.564     0.0008829     0.0077573           2         392           0
   13.625     0.0004974     0.0037312           2         392           0
   13.685     0.0054652     0.0033886           2         392           0
   13.745     0.0065977     0.0035197           2         392           0
   13.806     0.0145280     0.0028016           2         392           0
   13.866     0.0028502     0.0042323           2         392           0
   13.927    -0.0007976     0.0041510           2         392           0
   13.985     0.0027117     0.0043308           3        4488           0
   14.069     0.0026378     0.0045270           3        4360           0
   14.154     0.0022214     0.0120045           3        4360           0
   14.239     0.0056172     0.0039089           3        4360           0
   14.323     0.0030480     0.0008235           3        4360           0
   14.408     0.0031951     0.0016247           3        4360           0
   14.493     0.0030614     0.0017200           3        4360           0
   14.577     0.0029327     0.0005538           3        4360           0
   14.662     0.0021810     0.0011372           3        4360           0
   14.747     0.0013282     0.0029575           3        4360           0
   14.832     0.0035764     0.0038035           3        4360           0
   14.916     0.0036442     0.0020989           3        4360           0
   15.001     0.0025131     0.0013984           3        4360           0
   15.085     0.0024965     0.0014914           3        4360           0
   15.170     0.0018847     0.0042888           3        4360           0
   15.255     0.0021869     0.0023669           3        4360           0
   15.340     0.0021676     0.0023322           3        4360           0
   15.424     0.0030448     0.0063674           3        4360           0
   15.509     0.0029837     0.0051156           3        4360           0
   15.594     0.0028299     0.0023653           3        4360           0
   15.678     0.0027800     0.0015448           3        4360           0
   15.763     0.0026511     0.0024162           3        4360           0
   15.848     0.0029915     0.0030973           3        4360           0
   15.932     0.0020010     0.0018552           3        4360           0
   16.017     0.0018560     0.0064039           3        4360           0
   16.102     0.0021240     0.0006301           3        4360           0
   16.186     0.0023420     0.0058101           3        4360           0
   16.271     0.0025814     0.0020658           3        4360           0
   16.356     0.0014151     0.0008951           3        4360           0
   16.440     0.0018837     0.0018733           3        4360           0
   16.525     0.0030309     0.0015045           3        4360           0
   16.610     0.0034780     0.0010541           3        4360           0
   16.694     0.0046099     0.0018567           3        4360           0
   16.779     0.0046597     0.0023613           3        4360           0
   16.864     0.0025392     0.0023877           3        4360           0
   16.948     0.0023453     0.0011343           3        4360           0
   17.033     0.0036517     0.0034035           3        4360           0
   17.118     0.0030918     0.0011764           3        4360           0
   17.202     0.0029628     0.0025862           3        4360           0
   17.287     0.0020196     0.0037643           3        4360           0
   17.372     0.0028901     0.0059798           3        4360           0
   17.456     0.0060061     0.0070594           3        4360           0
   17.541     0.0053836     0.0035344           3        4360           0
   17.626     0.0047255     0.0015764           3        4360           0
   17.711     0.0043132     0.0006392           3        4360           0
   17.795     0.0048089     0.0006648           3        4360           0
   17.880     0.0049461     0.0019337           3        4360           0
   17.965     0.0034894     0.0032290           3        4360           0
   18.049     0.0031838     0.0006169           3        4360           0
   18.134     0.0044641     0.0008890           3        4360           0
   18.219     0.0033505     0.0016286           3        4360           0
   18.303     0.0056410     0.0036981           3        4360           0
   18.388     0.0067959     0.0010979           3        4360           0
   18.472     0.0062910     0.0006300           3        4360           0
   18.557     0.0036320     0.0045852           3        4360           0
   18.642     0.0047203     0.0026296           3        4360           0
   18.727     0.0068263     0.0060928           3        4360           0
   18.811     0.0054772     0.0040486           3        4360           0
   18.896     0.0095914     0.0013694           3        4360           0
   18.981     0.0048986     0.0009166           3        4360           0
   19.065     0.0049738     0.0012441           3        4360           0
   19.150     0.0054255     0.0026606           3        4360           0
   19.235     0.0008926     0.0047052           3    19009600           0
   19.404     0.0033032     0.0088573           3    19009600           0
   19.573     0.0030301     0.0041243           3    19009600           0
   19.743     0.0020790     0.0026384           3    19009600           0
   19.912     0.0030464     0.0049913           3    19009600           0
   20.081     0.0034856     0.0049627           3    19009600           0
   20.251     0.0030856     0.0060013           3        4360           0
   20.420     0.0076468     0.0035088           3        4360           0
   20.590     0.0032787     0.0069098           3        4360           0
   20.759     0.0034882     0.0036363           3        4360           0
   20.928     0.0049822     0.0050467           3        4360           0
   21.097     0.0033828     0.0124576           3        4360           0
   21.267     0.0036040     0.0054601           4        4360           0
   21.436     0.0043463     0.0042534           4        4360           0
   21.606     0.0041330     0.0047882           4        4360           0
   21.775     0.0041319     0.0026745           4        4360           0
   21.944     0.0030076     0.0014562           4        4360           0
   22.114     0.0037534     0.0017550           4        4360           0
   22.283     0.0043116     0.0006923           4        4360           0
   22.452     0.0024794     0.0036586           4        4360           0
   22.622     0.0043654     0.0032712           4        4360           0
   22.791     0.0055321     0.0027154           4        4360           0
   22.960     0.0039067     0.0037957           4        4360           0
   23.130     0.0043793     0.0043678           4        4360           0
   23.299     0.0029733     0.0024814           4        4360           0
   23.469     0.0027354     0.0022488           4        4360           0
   23.638     0.0043777     0.0016593           4        4360           0
   23.807     0.0037822     0.0012296           4        4360           0
   23.976     0.0044135     0.0048915           4        4360           0
   24.146     0.0031906     0.0067765           4        4360           0
   24.315     0.0041498     0.0032359           4        4360           0
   24.485     0.0058674     0.0028469           4        4360           0
   24.654     0.0048431     0.0051552           4        4360           0
   24.823     0.0065454     0.0010038           4        4360           0
   24.993     0.0061317     0.0017484           4        4360           0
   25.162     0.0058159     0.0057311           4        4360           0
   25.331     0.0068683     0.0038080           4        4360           0
   25.501     0.0053895     0.0029999           4        4360           0
   25.670     0.0060247     0.0033832           4        4360           0
   25.839     0.0076048     0.0029781           4        4360           0
   26.009     0.0075708     0.0031114           4        4360           0
   26.178     0.0067752     0.0012678           4        4360           0
   26.347     0.0054807     0.0035232           4        4360           0
   26.517     0.0046637     0.0029351           4        4360           0
   26.686     0.0052136     0.0023018           4        4360           0
   26.856     0.0052000     0.0033158           4        4360           0
   27.025     0.0069239     0.0049354           4        4360           0
   27.194     0.0082843     0.0038174           4        4360           0
   27.364     0.0078754     0.0024896           4        4360           0
   27.533     0.0071214     0.0007650           4        4360           0
   27.702     0.0081697     0.0010922           4        4360           0
   27.872     0.0113113     0.0009257           4        4360           0
   28.041     0.0095526     0.0016279           4        4360           0
   28.210     0.0086985     0.0033298           4        4360           0
   28.380     0.0066171     0.0032529           4        4360           0
   28.549     0.0068796     0.0034471           4        4360           0
   28.719     0.0066924     0.0048175           4        4360           0
   28.888     0.0074307     0.0029062           4        4360           0
   29.057     0.0076759     0.0035802           4        4360           0
   29.226     0.0082753     0.0031162           4        4360           0
   29.396     0.0100990     0.0056336           4        4360           0
   29.565     0.0119563     0.0058767           4        4360           0
   29.735     0.0101162     0.0043025           4        4360           0
   29.904     0.0078487     0.0030044           4        4360           0
   30.073     0.0085256     0.0042910           4        4360           0
   30.243     0.0078617     0.0036190           4        4360           0
   30.412     0.0102425     0.0063166           4        4360           0
   30.581     0.0104255     0.0033292           4        4360           0
   30.751     0.0113080     0.0025590           4        4360           0
   30.920     0.0104717     0.0100724           4        4360           0
   31.089     0.0108982     0.0025618           4        4360           0
   31.259     0.0093153     0.0014198           4        4360           0
   31.428     0.0095290     0.0034900           4        4360           0
   31.597     0.0086410     0.0021916           4        4360           0
   31.767     0.0073038     0.0023360           4        4360           0
   31.936     0.0074381     0.0056070           4        4360           0
   32.105     0.0096881     0.0090476           4        4360           0
   32.275     0.0130612     0.0025459           4        4360           0
   32.444     0.0106857     0.0014455           4        4360           0
   32.614     0.0094065     0.0025009           4        4360           0
   32.783     0.0122025     0.0058608           4        4360           0
   32.952     0.0152125     0.0067247           4        4360           0
   33.122     0.0084730     0.0076121           4        4360           0
   33.291     0.0111576     0.0034930           4        4360           0
   33.460     0.0144835     0.0024711           4        4360           0
   33.630     0.0120281     0.0033855           4        4360           0
   33.799     0.0068184     0.0026403           4        4360           0
   33.968     0.0130706     0.0032504           4        4360           0
   34.138     0.0140771     0.0132049           4        4360           0
   34.307     0.0067563     0.0110208           4        4360           0
   34.477     0.0124212     0.0206709           4        4360           0
   34.646     0.0153098     0.0069167           4        4360           0
   34.815     0.0083976     0.0054936           4        4360           0
   34.985     0.0100301     0.0083466           4        4360           0
   35.154     0.0116615     0.0050888           4        4360           0
   35.323     0.0117766     0.0072061           4        4360           0
   35.493     0.0114000     0.0175014           4        4360           0
   35.662     0.0219213     0.0059287           4        4360           0
   35.831     0.0136700     0.0062613           4        4360           0
   36.001     0.0097914     0.0075706           4        4360           0
   36.170     0.0094179     0.0102760           4        4360           0
   36.339     0.0129938     0.0144360           4        4360           0
   36.509     0.0107372     0.0201964           4        4360           0
   36.678     0.0132802     0.0166018           4        4360           0
   36.847     0.0099962     0.0161026           4        4360           0
   37.017    -0.0221299     0.0266172           4        4360           0
   37.186     0.0117473     0.0115975           4        4360           0
   37.355     0.0122016     0.0170662           4        4360           0
   37.525     0.0139731     0.0087252           4        4360           0
   37.694     0.0095470     0.0324809           4        4360           0
   37.864    -0.0022775     0.0335751           4        4360           0
   38.033    -0.0188706     0.0283680           4        4360           0
   38.202    -0.0150661     0.0448696           4        4360           0
   38.372    -0.0041750     0.0409128           4        4360           0
   38.541    -0.0096395     0.1960951           4        4360           0
   38.710     0.0478086     0.7376618           4        4360           0
   38.880    -0.0016283     0.1249937           4        4360           0
   39.049    -0.0588571     1.0811229           4        4360           0
   39.218    -0.0537363     0.0414708           4        4360           0
   39.388    -0.0519170     0.0200778           4        4360           0
   39.557    -0.0345569     0.0599812           4        4360           0
   39.727    -0.1052014     0.0977673           4        4360           0
   39.896    -0.0618825     0.0627139           4        4488           0
   40.065    -0.0001084     0.0124423           4        4488           0
   40.235    -0.0003861     0.0075563           4        4488           0
   40.404     0.0033340     0.0053534           4        4488           0
   40.573     0.0014709     0.0028088           4        4488           0
   40.743     0.0007605     0.0023031           4        4508           0
   40.912     0.0011347     0.0026577           4        4488           0
   41.081     0.0001750     0.0029510           4        4488           0
   41.251     0.0000285     0.0015506           4        4488           0
   41.420     0.0000407     0.0008319           4        4488           0
   41.589    -0.0004798     0.0007572           4        4488           0
   41.759     0.0004283     0.0006893           4        4488           0
   41.928     0.0000712     0.0069117           4        4508           0
   42.097    -0.0000044     0.0009319           4        4508           0
   42.267     0.0024644     0.0010987           4        4488           0
