wave flux error channelflag bitflag stitchflag
    5.127     0.0005600     0.0032309           1         392           0
    5.157     0.0009637     0.0020128           1         136           0
    5.187     0.0007895     0.0009386           1         136           0
    5.217     0.0006020     0.0006337           1         136           0
    5.247     0.0005159     0.0005978           1         136           0
    5.278     0.0002871     0.0006283           1         136           0
    5.308     0.0005523     0.0005546           1         136           0
    5.338     0.0006507     0.0005170           1         392           0
    5.368     0.0008043     0.0005545           1         392           0
    5.399     0.0004397     0.0005658           1       16776           0
    5.429     0.0003268     0.0005047           1       16796           0
    5.459     0.0005612     0.0005128           1       16796           0
    5.489     0.0007149     0.0004995           1         392           0
    5.520     0.0004859     0.0005063           1         392           0
    5.550     0.0005000     0.0004877           1         392           0
    5.580     0.0003596     0.0004553           1         392           0
    5.610     0.0004341     0.0004689           1         392           0
    5.641     0.0005067     0.0004685           1        8468           0
    5.671     0.0004889     0.0004150           1        8468           0
    5.701     0.0004715     0.0004356           1         392           0
    5.731     0.0006318     0.0004330           1         392           0
    5.762     0.0005120     0.0004210           1         412           0
    5.792     0.0005407     0.0004853           1         412           0
    5.822     0.0006937     0.0004701           1         392           0
    5.852     0.0005426     0.0005134           1         392           0
    5.883     0.0004915     0.0005269           1         392           0
    5.913     0.0005818     0.0004873           1         136           0
    5.943     0.0003838     0.0004752           1         136           0
    5.973     0.0005224     0.0004814           1         136           0
    6.004     0.0004769     0.0004887           1         136           0
    6.034     0.0002955     0.0005133           1         136           0
    6.064     0.0007360     0.0004898           1         392           0
    6.094     0.0008453     0.0004983           1         392           0
    6.125     0.0005765     0.0005124           1         392           0
    6.155     0.0006296     0.0005040           1         392           0
    6.185     0.0009786     0.0005052           1         392           0
    6.215     0.0006846     0.0005135           1         392           0
    6.245     0.0007380     0.0005271           1         392           0
    6.276     0.0005793     0.0005871           1         392           0
    6.306     0.0004975     0.0006104           1         392           0
    6.336     0.0005769     0.0005898           1         392           0
    6.366     0.0005042     0.0005561           1         392           0
    6.397     0.0007224     0.0005360           1         392           0
    6.427     0.0010427     0.0005671           1         392           0
    6.457     0.0009085     0.0005352           1         392           0
    6.487     0.0006347     0.0005626           1         392           0
    6.518     0.0009295     0.0006036           1         392           0
    6.548     0.0007895     0.0006724           1         392           0
    6.578     0.0008256     0.0007138           1         392           0
    6.608     0.0009680     0.0006386           1         392           0
    6.639     0.0010314     0.0006390           1         136           0
    6.669     0.0009617     0.0006180           1         136           0
    6.699     0.0010615     0.0006375           1         136           0
    6.729     0.0015330     0.0006458           1         136           0
    6.760     0.0018566     0.0006504           1         136           0
    6.790     0.0021569     0.0007488           1         392           0
    6.820     0.0023230     0.0007460           1         392           0
    6.850     0.0016209     0.0007213           1         392           0
    6.881     0.0015750     0.0007827           1         392           0
    6.911     0.0013345     0.0007348           1         392           0
    6.941     0.0016528     0.0008280           1         392           0
    6.971     0.0017093     0.0007372           1         392           0
    7.002     0.0013717     0.0008688           1         392           0
    7.032     0.0009149     0.0009161           1         392           0
    7.062     0.0007056     0.0008112           1         392           0
    7.092     0.0008298     0.0008444           1         392           0
    7.122     0.0006958     0.0008219           1         392           0
    7.153     0.0008494     0.0007713           1         392           0
    7.183     0.0008418     0.0007329           1         392           0
    7.213     0.0007282     0.0008345           1         392           0
    7.243     0.0010743     0.0008803           1         392           0
    7.274     0.0011947     0.0009156           1         392           0
    7.304     0.0011018     0.0009373           1         392           0
    7.334     0.0012469     0.0012182           1       53312           0
    7.395     0.0009719     0.0013389           1       18496           0
    7.455     0.0012558     0.0011776           1       18496           0
    7.516     0.0009319     0.0012164           1       53312           0
    7.576     0.0012680     0.0014963           1      153664           0
    7.637     0.0011716     0.0005620           1         392           0
    7.697     0.0011072     0.0005713           1         392           0
    7.758     0.0013225     0.0007261           1         392           0
    7.818     0.0012090     0.0007311           1         392           0
    7.879     0.0012470     0.0006856           1         392           0
    7.939     0.0015737     0.0006830           1         392           0
    8.000     0.0018203     0.0006498           1         392           0
    8.060     0.0020751     0.0006127           1         392           0
    8.120     0.0023804     0.0005965           1         392           0
    8.181     0.0028046     0.0006008           1         392           0
    8.241     0.0032580     0.0005888           1         392           0
    8.302     0.0036314     0.0005662           1         392           0
    8.362     0.0038040     0.0003786           2       16796           0
    8.423     0.0033489     0.0003860           2       16796           0
    8.483     0.0035725     0.0003900           2       16792           0
    8.544     0.0035650     0.0003652           2       16776           0
    8.604     0.0032538     0.0004052           2         392           0
    8.665     0.0030047     0.0003557           2         392           0
    8.725     0.0028740     0.0003716           2         392           0
    8.786     0.0024043     0.0003542           2         392           0
    8.846     0.0021458     0.0003813           2         392           0
    8.907     0.0021234     0.0003508           2         392           0
    8.967     0.0022156     0.0003936           2         392           0
    9.028     0.0021246     0.0003853           2         136           0
    9.088     0.0019636     0.0004076           2         136           0
    9.149     0.0020989     0.0003787           2         136           0
    9.209     0.0021163     0.0003810           2         136           0
    9.270     0.0024810     0.0003148           2         136           0
    9.330     0.0025343     0.0004170           2         136           0
    9.391     0.0024618     0.0003889           2         392           0
    9.451     0.0023594     0.0003747           2         392           0
    9.512     0.0020299     0.0003774           2         392           0
    9.572     0.0019274     0.0003480           2         392           0
    9.633     0.0016362     0.0003442           2         392           0
    9.693     0.0011851     0.0003384           2         392           0
    9.754     0.0015501     0.0003890           2       16796           0
    9.814     0.0012676     0.0003348           2       16796           0
    9.875     0.0012358     0.0002769           2         392           0
    9.935     0.0011800     0.0003444           2         392           0
    9.995     0.0011112     0.0003087           2         392           0
   10.056     0.0009410     0.0003240           2         392           0
   10.116     0.0011256     0.0003017           2         392           0
   10.177     0.0011678     0.0003032           2         392           0
   10.237     0.0010040     0.0002917           2         392           0
   10.298     0.0011169     0.0003330           2         392           0
   10.358     0.0011460     0.0003385           2         392           0
   10.419     0.0009719     0.0003331           2         392           0
   10.479     0.0012548     0.0003166           2         392           0
   10.540     0.0013237     0.0003461           2         392           0
   10.600     0.0011861     0.0003567           2         392           0
   10.661     0.0010398     0.0003449           2         392           0
   10.721     0.0008623     0.0003384           2         392           0
   10.782     0.0009639     0.0003492           2         392           0
   10.842     0.0008480     0.0002992           2         392           0
   10.903     0.0008697     0.0003564           2         392           0
   10.963     0.0009673     0.0003753           2         392           0
   11.024     0.0010613     0.0004081           2         392           0
   11.084     0.0010415     0.0003827           2         392           0
   11.145     0.0010576     0.0004003           2         392           0
   11.205     0.0011349     0.0004058           2         392           0
   11.266     0.0009702     0.0004094           2         392           0
   11.326     0.0008772     0.0004166           2         392           0
   11.387     0.0011146     0.0004184           2         412           0
   11.447     0.0011022     0.0004220           2         412           0
   11.508     0.0012494     0.0004348           2         392           0
   11.568     0.0013457     0.0004338           2         392           0
   11.628     0.0015642     0.0004571           2         392           0
   11.689     0.0013216     0.0004532           2         392           0
   11.750     0.0012676     0.0004720           2         392           0
   11.810     0.0014170     0.0004335           2         392           0
   11.870     0.0014975     0.0004559           2         392           0
   11.931     0.0018965     0.0004380           2         392           0
   11.991     0.0021922     0.0004134           2         392           0
   12.052     0.0023816     0.0004523           2         392           0
   12.112     0.0025304     0.0004837           2         392           0
   12.173     0.0035203     0.0004277           2         392           0
   12.233     0.0053805     0.0004580           2         392           0
   12.294     0.0060582     0.0004997           2         392           0
   12.354     0.0055817     0.0004715           2         392           0
   12.415     0.0047602     0.0003778           2         392           0
   12.475     0.0039107     0.0004653           2         392           0
   12.536     0.0030702     0.0004685           2         392           0
   12.596     0.0025916     0.0004531           2         392           0
   12.657     0.0023180     0.0004589           2         392           0
   12.717     0.0020986     0.0004377           2         392           0
   12.778     0.0019236     0.0004665           2         392           0
   12.838     0.0020774     0.0004709           2         392           0
   12.899     0.0023837     0.0004954           2         392           0
   12.959     0.0025289     0.0005017           2         392           0
   13.020     0.0024484     0.0004971           2         392           0
   13.080     0.0025186     0.0005204           2         392           0
   13.141     0.0024969     0.0005479           2         392           0
   13.201     0.0023499     0.0005469           2         392           0
   13.262     0.0024855     0.0005935           2         392           0
   13.322     0.0021512     0.0005707           2         392           0
   13.383     0.0025962     0.0005780           2         392           0
   13.443     0.0029354     0.0005882           2         392           0
   13.503     0.0029765     0.0006424           2         392           0
   13.564     0.0030466     0.0005939           2         392           0
   13.625     0.0030912     0.0006197           2         392           0
   13.685     0.0031085     0.0006618           2         392           0
   13.745     0.0034328     0.0006539           2         392           0
   13.806     0.0034982     0.0006809           2         392           0
   13.866     0.0035907     0.0006721           2         392           0
   13.927     0.0041912     0.0006822           2         392           0
   13.987     0.0043962     0.0007084           2         392           0
   14.048     0.0037884     0.0007407           2         392           0
   14.108     0.0025232     0.0007711           2         392           0
   14.169     0.0023866     0.0007362           2         392           0
   14.229     0.0026026     0.0007566           2         392           0
   14.323     0.0020787     0.0004279           3        4360           0
   14.408     0.0023075     0.0004086           3        4360           0
   14.493     0.0022549     0.0003996           3        4360           0
   14.577     0.0020849     0.0004295           3        4360           0
   14.662     0.0019829     0.0004350           3        4360           0
   14.747     0.0018542     0.0004536           3        4360           0
   14.832     0.0023472     0.0004692           3        4360           0
   14.916     0.0016264     0.0005143           3        4360           0
   15.001     0.0016962     0.0004649           3        4360           0
   15.085     0.0019821     0.0004958           3        4360           0
   15.170     0.0017316     0.0004625           3        4360           0
   15.255     0.0018383     0.0004938           3        4360           0
   15.340     0.0019382     0.0004728           3        4360           0
   15.424     0.0018911     0.0004083           3        4360           0
   15.509     0.0019474     0.0003843           3        4360           0
   15.594     0.0017468     0.0004152           3        4360           0
   15.678     0.0015242     0.0004043           3        4360           0
   15.763     0.0015943     0.0003667           3        4360           0
   15.848     0.0013754     0.0003970           3        4360           0
   15.932     0.0013616     0.0004284           3        4360           0
   16.017     0.0014259     0.0005129           3        4360           0
   16.102     0.0014889     0.0007493           3        4360           0
   16.186     0.0019329     0.0005500           3        4360           0
   16.271     0.0023461     0.0005699           3        4360           0
   16.356     0.0018582     0.0004535           3        4360           0
   16.440     0.0011175     0.0004949           3        4360           0
   16.525     0.0012721     0.0004687           3        4360           0
   16.610     0.0019592     0.0004196           3        4360           0
   16.694     0.0020043     0.0003713           3        4360           0
   16.779     0.0010644     0.0004665           3        4360           0
   16.864     0.0011897     0.0005336           3        4360           0
   16.948     0.0015709     0.0007598           3        4360           0
   17.033     0.0026250     0.0005377           3        4360           0
   17.118     0.0020662     0.0012015           3        4360           0
   17.202     0.0018410     0.0008012           3        4360           0
   17.287     0.0026245     0.0006131           3        4360           0
   17.372     0.0022995     0.0006028           3        4360           0
   17.456     0.0025186     0.0005398           3        4360           0
   17.541     0.0021552     0.0005165           3        4360           0
   17.626     0.0024379     0.0005422           3        4360           0
   17.711     0.0022552     0.0005384           3        4360           0
   17.795     0.0026069     0.0005668           3        4360           0
   17.880     0.0032631     0.0005582           3        4360           0
   17.965     0.0038347     0.0006100           3        4360           0
   18.049     0.0037822     0.0005971           3        4360           0
   18.134     0.0035802     0.0006006           3        4360           0
   18.219     0.0038126     0.0006050           3        4360           0
   18.303     0.0034945     0.0008379           3        4360           0
   18.388     0.0034241     0.0024715           3        4360           0
   18.472     0.0041458     0.0024300           3        4360           0
   18.557     0.0044886     0.0031380           3        4360           0
   18.642     0.0051189     0.0012629           3        4360           0
   18.727     0.0047439     0.0022107           3        4360           0
   18.811     0.0044785     0.0017823           3        4360           0
   18.896     0.0044902     0.0005341           3        4360           0
   18.981     0.0042126     0.0005931           3        4360           0
   19.065     0.0040342     0.0006235           3        4360           0
   19.150     0.0039825     0.0007475           3        4360           0
   19.235     0.0014322     0.0010389           3    19009600           0
   19.404     0.0023965     0.0016101           3    19009600           0
   19.573     0.0035603     0.0011731           3    19009600           0
   19.743     0.0021953     0.0037706           3    19009600           0
   19.912     0.0029995     0.0012963           3    19009600           0
   20.081     0.0038114     0.0029668           3        4360           0
   20.251     0.0036499     0.0018558           3        4360           0
   20.420     0.0040187     0.0013095           3        4360           0
   20.590     0.0041222     0.0011952           3        4360           0
   20.759     0.0042837     0.0015549           3        4360           0
   20.928     0.0035702     0.0014953           3        4360           0
   21.097     0.0029328     0.0020768           4        4360           0
   21.267     0.0016260     0.0009280           4        4360           0
   21.436     0.0014137     0.0007882           4        4360           0
   21.606     0.0030556     0.0007124           4        4360           0
   21.775     0.0030913     0.0006293           4        4360           0
   21.944     0.0036929     0.0006365           4        4360           0
   22.114     0.0039511     0.0007466           4        4360           0
   22.283     0.0031756     0.0005173           4        4360           0
   22.452     0.0031028     0.0006980           4        4360           0
   22.622     0.0033343     0.0005618           4        4360           0
   22.791     0.0036478     0.0004999           4        4360           0
   22.960     0.0035918     0.0004296           4        4360           0
   23.130     0.0029239     0.0004724           4        4360           0
   23.299     0.0028311     0.0005303           4        4360           0
   23.469     0.0037839     0.0005220           4        4360           0
   23.638     0.0041386     0.0005144           4        4360           0
   23.807     0.0042011     0.0004501           4        4360           0
   23.976     0.0042953     0.0004255           4        4360           0
   24.146     0.0040496     0.0005033           4        4360           0
   24.315     0.0037887     0.0005173           4        4360           0
   24.485     0.0040084     0.0005010           4        4360           0
   24.654     0.0045065     0.0005244           4        4360           0
   24.823     0.0043072     0.0005267           4        4360           0
   24.993     0.0049530     0.0007316           4        4360           0
   25.162     0.0044478     0.0007482           4        4360           0
   25.331     0.0050144     0.0028027           4        4360           0
   25.501     0.0044905     0.0005816           4        4360           0
   25.670     0.0039785     0.0007309           4        4360           0
   25.839     0.0053477     0.0021281           4        4360           0
   26.009     0.0056455     0.0005883           4        4360           0
   26.178     0.0050057     0.0004895           4        4360           0
   26.347     0.0049741     0.0004656           4        4360           0
   26.517     0.0048472     0.0004267           4        4360           0
   26.686     0.0052695     0.0004824           4        4360           0
   26.856     0.0052548     0.0004673           4        4360           0
   27.025     0.0052051     0.0004909           4        4360           0
   27.194     0.0054899     0.0005007           4        4360           0
   27.364     0.0056780     0.0004615           4        4360           0
   27.533     0.0059162     0.0004483           4        4360           0
   27.702     0.0055937     0.0005216           4        4360           0
   27.872     0.0057886     0.0005970           4        4360           0
   28.041     0.0056638     0.0006326           4        4360           0
   28.210     0.0055169     0.0005736           4        4360           0
   28.380     0.0057045     0.0007795           4        4360           0
   28.549     0.0052746     0.0008085           4        4360           0
   28.719     0.0064546     0.0005515           4        4360           0
   28.888     0.0067591     0.0005864           4        4360           0
   29.057     0.0062595     0.0013224           4        4360           0
   29.226     0.0065066     0.0024085           4        4360           0
   29.396     0.0062815     0.0016331           4        4360           0
   29.565     0.0056729     0.0022819           4        4360           0
   29.735     0.0065410     0.0005799           4        4360           0
   29.904     0.0072178     0.0006469           4        4360           0
   30.073     0.0068621     0.0005945           4        4360           0
   30.243     0.0075630     0.0005552           4        4360           0
   30.412     0.0084002     0.0007414           4        4360           0
   30.581     0.0073044     0.0010404           4        4360           0
   30.751     0.0069649     0.0009907           4        4360           0
   30.920     0.0083483     0.0008398           4        4360           0
   31.089     0.0103577     0.0007922           4        4360           0
   31.259     0.0077491     0.0005870           4        4360           0
   31.428     0.0074620     0.0006220           4        4360           0
   31.597     0.0071416     0.0008277           4        4360           0
   31.767     0.0090580     0.0003640           4        4360           0
   31.936     0.0096810     0.0003940           4        4360           0
   32.105     0.0079180     0.0007816           4        4360           0
   32.275     0.0089800     0.0009338           4        4360           0
   32.444     0.0090612     0.0011190           4        4360           0
   32.614     0.0091573     0.0011591           4        4360           0
   32.783     0.0090983     0.0010592           4        4360           0
   32.952     0.0079176     0.0029895           4        4360           0
   33.122     0.0099285     0.0050327           4        4360           0
   33.291     0.0066743     0.0039807           4        4360           0
   33.460     0.0066272     0.0063065           4        4360           0
   33.630     0.0098384     0.0023918           4        4360           0
   33.799     0.0100419     0.0014302           4        4360           0
   33.968     0.0088003     0.0022902           4        4360           0
   34.138     0.0099351     0.0048918           4        4360           0
   34.307     0.0107626     0.0019099           4        4360           0
   34.477     0.0114259     0.0018635           4        4360           0
   34.646     0.0089762     0.0018502           4        4360           0
   34.815     0.0099035     0.0027098           4        4360           0
   34.985     0.0107080     0.0095169           4        4360           0
   35.154     0.0110463     0.0036036           4        4360           0
   35.323     0.0095894     0.0053211           4        4360           0
   35.493     0.0126803     0.0025928           4        4360           0
   35.662     0.0169703     0.0029266           4        4360           0
   35.831     0.0138494     0.0025538           4        4360           0
   36.001     0.0113968     0.0024358           4        4360           0
   36.170     0.0118191     0.0022813           4        4360           0
   36.339     0.0129849     0.0103712           4        4360           0
   36.509     0.0097989     0.0069834           4        4360           0
   36.678     0.0148448     0.0107523           4        4360           0
   36.847     0.0129949     0.0042227           4        4360           0
   37.017     0.0089931     0.0043497           4        4360           0
   37.186     0.0057153     0.0095620           4        4360           0
   37.355     0.0038757     0.0061676           4        4360           0
   37.525     0.0128790     0.0040697           4        4360           0
   37.694     0.0152023     0.0044058           4        4360           0
   37.864     0.0249003     0.0053093           4        4360           0
   38.033     0.0341188     0.0065836           4        4360           0
   38.202     0.0107370     0.0074788           4        4360           0
   38.372     0.0112546     0.0112864           4        4360           0
   38.541     0.0143128     0.0242823           4        4360           0
   38.710     0.0195281     0.0129805           4        4360           0
   38.880     0.0082917     0.0240288           4        4360           0
   39.049     0.0130801     0.1473654           4        4360           0
   39.218    -0.0007763     0.0653049           4        4360           0
   39.388     0.0066098     0.0159896           4        4360           0
   39.557     0.0121220     0.0456717           4        4360           0
   39.727     0.0195307     0.0762064           4        4360           0
   39.896     0.0137473     0.0219660           4        4488           0
   40.065     0.0029957     0.0060645           4        4488           0
   40.235     0.0019348     0.0032474           4        4488           0
   40.404     0.0004338     0.0017790           4        4488           0
   40.573     0.0000953     0.0010248           4        4488           0
   40.743     0.0002714     0.0003180           4        4508           0
   40.912     0.0000784     0.0002160           4        4488           0
   41.081     0.0000157     0.0001333           4        4488           0
   41.251    -0.0000059     0.0001160           4        4488           0
   41.420    -0.0000015     0.0002130           4        4488           0
   41.589    -0.0000471     0.0001995           4        4488           0
   41.759     0.0001325     0.0002452           4        4488           0
   41.928     0.0002577     0.0008572           4        4508           0
   42.097     0.0000130     0.0006636           4        4508           0
   42.267     0.0003418     0.0006334           4        4488           0
