wave flux error channelflag bitflag stitchflag
    5.127     0.0007271     0.0169737           1         392           0
    5.157     0.0033338     0.0876057           1         136           0
    5.187     0.0037734     0.0370064           1         136           0
    5.217     0.0018984     0.0163581           1         136           0
    5.247     0.0021251     0.0127802           1         136           0
    5.278     0.0061468     0.0266987           1         136           0
    5.308     0.0021388     0.0130017           1         136           0
    5.338     0.0009993     0.0247441           1         392           0
    5.368     0.0010756     0.0155833           1         392           0
    5.399     0.0015955     0.0080406           1       16776           0
    5.429     0.0006680     0.0128607           1       16796           0
    5.459     0.0017334     0.0146825           1       16796           0
    5.489     0.0012090     0.0140028           1         392           0
    5.520    -0.0005842     0.0159369           1         392           0
    5.550     0.0000356     0.0125370           1         392           0
    5.580     0.0000420     0.0131767           1         392           0
    5.610    -0.0011966     0.0205120           1         392           0
    5.641     0.0012115     0.0185256           1        8468           0
    5.671    -0.0008513     0.0129768           1        8468           0
    5.701     0.0010814     0.0209649           1         392           0
    5.731     0.0011586     0.0203930           1         392           0
    5.762     0.0007598     0.0232399           1         412           0
    5.792     0.0001182     0.0286272           1         412           0
    5.822     0.0011378     0.0233723           1         392           0
    5.852    -0.0003535     0.0285705           1         392           0
    5.883     0.0042561     0.0219555           1         392           0
    5.913     0.0026703     0.0221820           1         136           0
    5.943     0.0052659     0.0235095           1         136           0
    5.973     0.0049558     0.0210017           1         136           0
    6.004     0.0034348     0.0213437           1         136           0
    6.034     0.0021419     0.0276561           1         136           0
    6.064     0.0018081     0.0259894           1         392           0
    6.094     0.0019502     0.0119599           1         392           0
    6.125     0.0023965     0.0121028           1         392           0
    6.155     0.0019844     0.0153641           1         392           0
    6.185     0.0010833     0.0143382           1         392           0
    6.215     0.0041489     0.0200792           1         392           0
    6.245     0.0090737     0.0199077           1         392           0
    6.276    -0.0011215     0.0249577           1         392           0
    6.306     0.0027909     0.0272736           1         392           0
    6.336     0.0022347     0.0193333           1         392           0
    6.366     0.0036147     0.0318361           1         392           0
    6.397     0.0031017     0.0022777           1         392           0
    6.427     0.0039939     0.0237587           1         392           0
    6.457     0.0033902     0.0118225           1         392           0
    6.487     0.0028368     0.0322698           1         392           0
    6.518     0.0017749     0.0232548           1         392           0
    6.548     0.0026154     0.0076098           1         392           0
    6.578     0.0015472     0.0086541           1         392           0
    6.608     0.0012410     0.0248465           1         392           0
    6.639     0.0000907     0.0189665           1         136           0
    6.669     0.0013406     0.0096040           1         136           0
    6.699    -0.0015969     0.0143891           1         136           0
    6.729    -0.0004968     0.0073701           1         136           0
    6.760     0.0003847     0.0117604           1         136           0
    6.790     0.0008913     0.0121881           1         392           0
    6.820     0.0011682     0.0064867           1         392           0
    6.850     0.0010090     0.0070800           1         392           0
    6.881    -0.0004507     0.0076947           1         392           0
    6.911    -0.0005126     0.0093901           1         392           0
    6.941     0.0018376     0.0117697           1         392           0
    6.971     0.0028241     0.0114823           1         392           0
    7.002     0.0052565     0.0181322           1         392           0
    7.032     0.0026659     0.0212387           1         392           0
    7.062     0.0022532     0.0232775           1         392           0
    7.092     0.0031378     0.0229516           1         392           0
    7.122     0.0028795     0.0204526           1         392           0
    7.153     0.0069883     0.0197211           1         392           0
    7.183     0.0050964     0.0291438           1         392           0
    7.213     0.0031840     0.0275237           1         392           0
    7.243     0.0012172     0.0284292           1         392           0
    7.274     0.0026009     0.0262500           1         392           0
    7.304     0.0008007     0.0299776           1         392           0
    7.334    -0.0002306     0.1915998           1       53312           0
    7.395     0.0037590     0.0546536           1       18496           0
    7.455     0.0061897     0.1722467           1       18496           0
    7.516     0.0072902     0.1830077           1       53312           0
    7.576     0.0046083     0.0189613           1      153664           0
    7.637     0.0076558     0.0228274           1         392           0
    7.697     0.0061463     0.0190185           1         392           0
    7.758     0.0059369     0.0306566           1         392           0
    7.818     0.0008002     0.0440963           1         392           0
    7.879    -0.0031261     0.0288959           1         392           0
    7.939     0.0057823     0.0184066           1         392           0
    8.000     0.0054450     0.0217932           1         392           0
    8.060     0.0001768     0.0413806           1         392           0
    8.120     0.0033269     0.0251378           1         392           0
    8.181     0.0027709     0.0227024           1         392           0
    8.241     0.0018878     0.0130314           1         392           0
    8.302     0.0007551     0.0470928           1         392           0
    8.362     0.0015553     0.0156749           1       16796           0
    8.423    -0.0020317     0.0094531           2       16796           0
    8.483    -0.0026443     0.0227397           2       16792           0
    8.544    -0.0027666     0.0726882           2       16776           0
    8.604    -0.0024974     0.0384035           2         392           0
    8.665    -0.0010950     0.0927585           2         392           0
    8.725    -0.0012476     0.0136562           2         392           0
    8.786     0.0058184     0.0050731           2         392           0
    8.846     0.0052077     0.0053489           2         392           0
    8.907     0.0045770     0.0050742           2         392           0
    8.967     0.0039467     0.0068975           2         392           0
    9.028     0.0030375     0.0071422           2         136           0
    9.088     0.0029210     0.0059966           2         136           0
    9.149     0.0030201     0.0062857           2         136           0
    9.209     0.0030867     0.0062181           2         136           0
    9.270     0.0034696     0.0050081           2         136           0
    9.330     0.0022265     0.0056208           2         136           0
    9.391     0.0020132     0.0062848           2         392           0
    9.451     0.0015421     0.0071074           2         392           0
    9.512     0.0008955     0.0078402           2         392           0
    9.572     0.0006033     0.0069680           2         392           0
    9.633     0.0007825     0.0074050           2         392           0
    9.693     0.0016436     0.0057349           2         392           0
    9.754     0.0020472     0.0049552           2       16796           0
    9.814     0.0009226     0.0054671           2       16796           0
    9.875     0.0018688     0.0038927           2         392           0
    9.935     0.0016974     0.0046099           2         392           0
    9.995     0.0012874     0.0041251           2         392           0
   10.056     0.0012057     0.0046918           2         392           0
   10.116     0.0012896     0.0048841           2         392           0
   10.177     0.0011243     0.0043520           2         392           0
   10.237     0.0019284     0.0030407           2         392           0
   10.298     0.0015764     0.0034391           2         392           0
   10.358     0.0016019     0.0032283           2         392           0
   10.419     0.0017578     0.0044262           2         392           0
   10.479     0.0014793     0.0029853           2         392           0
   10.540     0.0013884     0.0032648           2         392           0
   10.600     0.0017037     0.0031605           2         392           0
   10.661     0.0018900     0.0029387           2         392           0
   10.721     0.0017793     0.0035871           2         392           0
   10.782     0.0012583     0.0027417           2         392           0
   10.842     0.0005817     0.0026732           2         392           0
   10.903     0.0015633     0.0024066           2         392           0
   10.963     0.0025402     0.0022768           2         392           0
   11.024     0.0008545     0.0026905           2         392           0
   11.084     0.0015096     0.0019557           2         392           0
   11.145     0.0016244     0.0017323           2         392           0
   11.205     0.0017974     0.0017615           2         392           0
   11.266     0.0024126     0.0016691           2         392           0
   11.326     0.0025783     0.0014768           2         392           0
   11.387     0.0032208     0.0013481           2         412           0
   11.447     0.0037868     0.0013325           2         412           0
   11.508     0.0062101     0.0013404           2         392           0
   11.568     0.0082867     0.0012757           2         392           0
   11.628     0.0076144     0.0012544           2         392           0
   11.689     0.0066981     0.0013467           2         392           0
   11.750     0.0055963     0.0013597           2         392           0
   11.810     0.0045095     0.0012727           2         392           0
   11.870     0.0035156     0.0012120           2         392           0
   11.931     0.0029210     0.0012437           2         392           0
   11.991     0.0032130     0.0013248           2         392           0
   12.052     0.0030409     0.0011912           2         392           0
   12.112     0.0032090     0.0013485           2         392           0
   12.173     0.0032674     0.0013621           2         392           0
   12.233     0.0036611     0.0013465           2         392           0
   12.294     0.0037261     0.0013805           2         392           0
   12.354     0.0044458     0.0012235           2         392           0
   12.415     0.0043182     0.0012606           2         392           0
   12.475     0.0036170     0.0011560           2         392           0
   12.536     0.0033350     0.0012846           2         392           0
   12.596     0.0030012     0.0012120           2         392           0
   12.657     0.0037242     0.0012457           2         392           0
   12.717     0.0032228     0.0013094           2         392           0
   12.778     0.0044745     0.0012116           2         392           0
   12.838     0.0044076     0.0010912           2         392           0
   12.899     0.0043910     0.0012656           2         392           0
   12.959     0.0055500     0.0009804           2         392           0
   13.020     0.0053405     0.0011741           2         392           0
   13.080     0.0057537     0.0011488           2         392           0
   13.141     0.0052398     0.0012105           2         392           0
   13.201     0.0071150     0.0012663           2         392           0
   13.262     0.0054665     0.0014144           2         392           0
   13.322     0.0041291     0.0013068           2         392           0
   13.383     0.0031050     0.0012341           2         392           0
   13.443     0.0029591     0.0012616           2         392           0
   13.503     0.0025312     0.0013572           2         392           0
   13.564     0.0028367     0.0013935           2         392           0
   13.625     0.0036034     0.0013501           2         392           0
   13.685     0.0031887     0.0013752           2         392           0
   13.745     0.0030501     0.0013700           2         392           0
   13.806     0.0022616     0.0012698           2         392           0
   13.866     0.0029471     0.0013331           2         392           0
   13.927     0.0035633     0.0013000           2         392           0
   13.987     0.0028979     0.0013084           2         392           0
   14.048     0.0026613     0.0013793           2         392           0
   14.108     0.0042162     0.0014762           2         392           0
   14.169     0.0035924     0.0015341           2         392           0
   14.229     0.0028226     0.0015853           2         392           0
   14.290     0.0044726     0.0013518           2         392           0
   14.350     0.0033034     0.0013797           2         392           0
   14.408     0.0030018     0.0003472           3        4360           0
   14.493     0.0033893     0.0003951           3        4360           0
   14.577     0.0033641     0.0004081           3        4360           0
   14.662     0.0035557     0.0004148           3        4360           0
   14.747     0.0036128     0.0004779           3        4360           0
   14.832     0.0035851     0.0006041           3        4360           0
   14.916     0.0032347     0.0005296           3        4360           0
   15.001     0.0031195     0.0004722           3        4360           0
   15.085     0.0027022     0.0004166           3        4360           0
   15.170     0.0028890     0.0003471           3        4360           0
   15.255     0.0025621     0.0017000           3        4360           0
   15.340     0.0026559     0.0007372           3        4360           0
   15.424     0.0029454     0.0003867           3        4360           0
   15.509     0.0027528     0.0003411           3        4360           0
   15.594     0.0025519     0.0003704           3        4360           0
   15.678     0.0028899     0.0004147           3        4360           0
   15.763     0.0032237     0.0003989           3        4360           0
   15.848     0.0024678     0.0003908           3        4360           0
   15.932     0.0029570     0.0005177           3        4360           0
   16.017     0.0037417     0.0005188           3        4360           0
   16.102     0.0035605     0.0005324           3        4360           0
   16.186     0.0031086     0.0005088           3        4360           0
   16.271     0.0027886     0.0005443           3        4360           0
   16.356     0.0033329     0.0005129           3        4360           0
   16.440     0.0036641     0.0005024           3        4360           0
   16.525     0.0034168     0.0004574           3        4360           0
   16.610     0.0034149     0.0003592           3        4360           0
   16.694     0.0034785     0.0004152           3        4360           0
   16.779     0.0043127     0.0004734           3        4360           0
   16.864     0.0055361     0.0005812           3        4360           0
   16.948     0.0061661     0.0006603           3        4360           0
   17.033     0.0062336     0.0004994           3        4360           0
   17.118     0.0051774     0.0009947           3        4360           0
   17.202     0.0050069     0.0007178           3        4360           0
   17.287     0.0052465     0.0005830           3        4360           0
   17.372     0.0053312     0.0005566           3        4360           0
   17.456     0.0057769     0.0005541           3        4360           0
   17.541     0.0072854     0.0004129           3        4360           0
   17.626     0.0064680     0.0004963           3        4360           0
   17.711     0.0057317     0.0004890           3        4360           0
   17.795     0.0053980     0.0004925           3        4360           0
   17.880     0.0056347     0.0004506           3        4360           0
   17.965     0.0058194     0.0004694           3        4360           0
   18.049     0.0050865     0.0005786           3        4360           0
   18.134     0.0043398     0.0005703           3        4360           0
   18.219     0.0044655     0.0006113           3        4360           0
   18.303     0.0043551     0.0007329           3        4360           0
   18.388     0.0045505     0.0006267           3        4360           0
   18.472     0.0038972     0.0007303           3        4360           0
   18.557     0.0036084     0.0008310           3        4360           0
   18.642     0.0036329     0.0006428           3        4360           0
   18.727     0.0033054     0.0005088           3        4360           0
   18.811     0.0040195     0.0006291           3        4360           0
   18.896     0.0039271     0.0006279           3        4360           0
   18.981     0.0041122     0.0005414           3        4360           0
   19.065     0.0035227     0.0006307           3        4360           0
   19.150     0.0033438     0.0007049           3        4360           0
   19.235     0.0034862     0.0009395           3    19009600           0
   19.404     0.0047669     0.0016389           3    19009600           0
   19.573     0.0033233     0.0012169           3    19009600           0
   19.743     0.0037808     0.0010766           3    19009600           0
   19.912     0.0040961     0.0011592           3    19009600           0
   20.081     0.0048551     0.0013662           3    19009600           0
   20.251     0.0042789     0.0012243           3    19009600           0
   20.420     0.0037834     0.0013970           3        4360           0
   20.590     0.0035796     0.0025181           3        4360           0
   20.759     0.0036041     0.0014318           3        4360           0
   20.928     0.0035352     0.0016737           3        4360           0
   21.097     0.0031555     0.0005413           4        4360           0
   21.267     0.0040676     0.0007622           4        4360           0
   21.436     0.0060017     0.0006699           4        4360           0
   21.606     0.0046892     0.0009545           4        4360           0
   21.775     0.0044784     0.0027459           4        4360           0
   21.944     0.0052997     0.0009423           4        4360           0
   22.114     0.0040599     0.0007606           4        4360           0
   22.283     0.0043136     0.0005585           4        4360           0
   22.452     0.0044810     0.0006273           4        4360           0
   22.622     0.0044778     0.0006430           4        4360           0
   22.791     0.0051569     0.0011337           4        4360           0
   22.960     0.0048531     0.0020250           4        4360           0
   23.130     0.0048486     0.0006140           4        4360           0
   23.299     0.0049251     0.0005481           4        4360           0
   23.469     0.0048627     0.0005398           4        4360           0
   23.638     0.0049732     0.0005255           4        4360           0
   23.807     0.0052167     0.0004118           4        4360           0
   23.976     0.0051758     0.0004038           4        4360           0
   24.146     0.0049964     0.0005469           4        4360           0
   24.315     0.0052506     0.0005277           4        4360           0
   24.485     0.0054427     0.0006023           4        4360           0
   24.654     0.0055878     0.0005660           4        4360           0
   24.823     0.0060543     0.0006422           4        4360           0
   24.993     0.0050834     0.0006942           4        4360           0
   25.162     0.0052951     0.0005836           4        4360           0
   25.331     0.0066378     0.0006141           4        4360           0
   25.501     0.0056108     0.0006523           4        4360           0
   25.670     0.0054359     0.0007485           4        4360           0
   25.839     0.0053565     0.0028468           4        4360           0
   26.009     0.0060795     0.0008388           4        4360           0
   26.178     0.0063647     0.0003779           4        4360           0
   26.347     0.0060059     0.0012868           4        4360           0
   26.517     0.0061343     0.0005988           4        4360           0
   26.686     0.0073492     0.0005743           4        4360           0
   26.856     0.0075938     0.0014563           4        4360           0
   27.025     0.0066863     0.0013843           4        4360           0
   27.194     0.0063590     0.0006065           4        4360           0
   27.364     0.0069153     0.0007935           4        4360           0
   27.533     0.0068091     0.0004976           4        4360           0
   27.702     0.0063921     0.0004873           4        4360           0
   27.872     0.0066998     0.0007168           4        4360           0
   28.041     0.0090418     0.0013666           4        4360           0
   28.210     0.0084036     0.0006921           4        4360           0
   28.380     0.0070316     0.0007824           4        4360           0
   28.549     0.0081819     0.0005448           4        4360           0
   28.719     0.0070804     0.0006038           4        4360           0
   28.888     0.0076228     0.0006104           4        4360           0
   29.057     0.0087418     0.0006814           4        4360           0
   29.226     0.0091569     0.0007073           4        4360           0
   29.396     0.0086522     0.0015022           4        4360           0
   29.565     0.0076649     0.0007271           4        4360           0
   29.735     0.0072948     0.0012658           4        4360           0
   29.904     0.0072948     0.0007346           4        4360           0
   30.073     0.0074848     0.0006516           4        4360           0
   30.243     0.0085633     0.0007102           4        4360           0
   30.412     0.0086416     0.0009174           4        4360           0
   30.581     0.0075410     0.0101317           4        4360           0
   30.751     0.0082867     0.0010633           4        4360           0
   30.920     0.0081842     0.0009432           4        4360           0
   31.089     0.0083668     0.0007357           4        4360           0
   31.259     0.0079965     0.0008355           4        4360           0
   31.428     0.0079812     0.0007209           4        4360           0
   31.597     0.0077006     0.0015851           4        4360           0
   31.767     0.0082247     0.0010695           4        4360           0
   31.936     0.0088435     0.0008239           4        4360           0
   32.105     0.0086007     0.0009487           4        4360           0
   32.275     0.0085323     0.0011050           4        4360           0
   32.444     0.0097952     0.0012576           4        4360           0
   32.614     0.0088117     0.0011144           4        4360           0
   32.783     0.0100673     0.0014222           4        4360           0
   32.952     0.0119101     0.0033877           4        4360           0
   33.122     0.0131684     0.0018236           4        4360           0
   33.291     0.0124115     0.0016850           4        4360           0
   33.460     0.0125111     0.0017439           4        4360           0
   33.630     0.0125267     0.0015138           4        4360           0
   33.799     0.0122579     0.0015194           4        4360           0
   33.968     0.0106981     0.0016440           4        4360           0
   34.138     0.0103399     0.0018292           4        4360           0
   34.307     0.0139475     0.0020568           4        4360           0
   34.477     0.0193065     0.0016606           4        4360           0
   34.646     0.0203501     0.0019946           4        4360           0
   34.815     0.0140830     0.0033142           4        4360           0
   34.985     0.0120600     0.0155536           4        4360           0
   35.154     0.0149556     0.0049007           4        4360           0
   35.323     0.0189770     0.0070053           4        4360           0
   35.493     0.0128369     0.0031809           4        4360           0
   35.662     0.0173094     0.0021484           4        4360           0
   35.831     0.0194426     0.0025624           4        4360           0
   36.001     0.0192774     0.0026614           4        4360           0
   36.170     0.0149599     0.0026663           4        4360           0
   36.339     0.0122356     0.0032964           4        4360           0
   36.509     0.0093600     0.0041158           4        4360           0
   36.678     0.0097081     0.0049293           4        4360           0
   36.847     0.0111607     0.0042962           4        4360           0
   37.017     0.0135451     0.0041718           4        4360           0
   37.186     0.0176275     0.0056210           4        4360           0
   37.355     0.0187730     0.0051518           4        4360           0
   37.525     0.0143235     0.0038719           4        4360           0
   37.694     0.0141295     0.0051520           4        4360           0
   37.864     0.0214965     0.0069062           4        4360           0
   38.033     0.0119750     0.0335904           4        4360           0
   38.202     0.0150578     0.0539244           4        4360           0
   38.372     0.0185079     0.0188051           4        4360           0
   38.541     0.0013681     0.0654922           4        4360           0
   38.710     0.0018051     0.0172755           4        4360           0
   38.880     0.0098190     0.0166226           4        4360           0
   39.049     0.0124666     0.0423711           4        4360           0
   39.218     0.0158646     0.0200227           4        4360           0
   39.388     0.0170607     0.0130004           4        4360           0
   39.557     0.0138124     0.0486708           4        4360           0
   39.727    -0.0005558     0.0886109           4        4360           0
   39.896    -0.0000187     0.0390057           4        4488           0
   40.065    -0.0022589     0.0088563           4        4488           0
   40.235     0.0003708     0.0037899           4        4488           0
   40.404     0.0023468     0.0021730           4        4488           0
   40.573     0.0003267     0.0010068           4        4488           0
   40.743     0.0000144     0.0004829           4        4508           0
   40.912     0.0000125     0.0002389           4        4488           0
   41.081    -0.0000159     0.0001476           4        4488           0
   41.251    -0.0000972     0.0001428           4        4488           0
   41.420    -0.0001389     0.0005108           4        4488           0
   41.589    -0.0008431     0.0002779           4        4488           0
   41.759    -0.0035600     0.0002050           4        4488           0
   41.928     0.0002566     0.0008478           4        4508           0
   42.097    -0.0001093     0.0005534           4        4508           0
   42.267     0.0010471     0.0007109           4        4488           0
