wave flux error channelflag bitflag stitchflag
    5.127     0.0001842     0.0033632           1         392           0
    5.157     0.0006211     0.0019125           1         136           0
    5.187     0.0006104     0.0009864           1         136           0
    5.217     0.0006438     0.0006426           1         136           0
    5.247     0.0008183     0.0005888           1         136           0
    5.278     0.0009411     0.0005737           1         136           0
    5.308     0.0012245     0.0005997           1         136           0
    5.338     0.0008893     0.0005395           1         392           0
    5.368     0.0011025     0.0005312           1         392           0
    5.399     0.0015038     0.0005468           1       16776           0
    5.429     0.0013841     0.0005452           1       16796           0
    5.459     0.0013972     0.0005065           1       16796           0
    5.489     0.0012283     0.0004594           1         392           0
    5.520     0.0013032     0.0004819           1         392           0
    5.550     0.0013466     0.0005022           1         392           0
    5.580     0.0012558     0.0005096           1         392           0
    5.610     0.0010333     0.0005331           1         392           0
    5.641     0.0008303     0.0004725           1        8468           0
    5.671     0.0008478     0.0004597           1        8468           0
    5.701     0.0011829     0.0004790           1         392           0
    5.731     0.0012793     0.0004385           1         392           0
    5.762     0.0012506     0.0004500           1         412           0
    5.792     0.0014200     0.0005096           1         412           0
    5.822     0.0014679     0.0004670           1         392           0
    5.852     0.0016246     0.0004992           1         392           0
    5.883     0.0018874     0.0005078           1         392           0
    5.913     0.0020837     0.0004538           1         136           0
    5.943     0.0017272     0.0005021           1         136           0
    5.973     0.0017174     0.0004266           1         136           0
    6.004     0.0016564     0.0004874           1         136           0
    6.034     0.0017245     0.0005356           1         136           0
    6.064     0.0018420     0.0005413           1         392           0
    6.094     0.0015892     0.0004783           1         392           0
    6.125     0.0021728     0.0004961           1         392           0
    6.155     0.0022819     0.0005078           1         392           0
    6.185     0.0028333     0.0005218           1         392           0
    6.215     0.0029412     0.0005317           1         392           0
    6.245     0.0030126     0.0005180           1         392           0
    6.276     0.0030048     0.0004844           1         392           0
    6.306     0.0034529     0.0005473           1         392           0
    6.336     0.0055130     0.0005671           1         392           0
    6.366     0.0079957     0.0005781           1         392           0
    6.397     0.0095155     0.0005844           1         392           0
    6.427     0.0099931     0.0005345           1         392           0
    6.457     0.0089606     0.0005513           1         392           0
    6.487     0.0079515     0.0006108           1         392           0
    6.518     0.0063306     0.0006078           1         392           0
    6.548     0.0056547     0.0006644           1         392           0
    6.578     0.0047434     0.0007012           1         392           0
    6.608     0.0043174     0.0006867           1         392           0
    6.639     0.0037298     0.0006833           1         136           0
    6.669     0.0036673     0.0006319           1         136           0
    6.699     0.0030890     0.0006268           1         136           0
    6.729     0.0031317     0.0006287           1         136           0
    6.760     0.0034659     0.0007005           1         136           0
    6.790     0.0031995     0.0007158           1         392           0
    6.820     0.0035821     0.0007176           1         392           0
    6.850     0.0035926     0.0007553           1         392           0
    6.881     0.0039162     0.0007697           1         392           0
    6.911     0.0036235     0.0007758           1         392           0
    6.941     0.0036842     0.0008173           1         392           0
    6.971     0.0037721     0.0007888           1         392           0
    7.002     0.0038230     0.0008666           1         392           0
    7.032     0.0035373     0.0008586           1         392           0
    7.062     0.0033965     0.0008528           1         392           0
    7.092     0.0034525     0.0009077           1         392           0
    7.122     0.0046159     0.0008351           1         392           0
    7.153     0.0046774     0.0007421           1         392           0
    7.183     0.0052226     0.0008214           1         392           0
    7.213     0.0063876     0.0007912           1         392           0
    7.243     0.0055817     0.0007618           1         392           0
    7.274     0.0052563     0.0009223           1         392           0
    7.304     0.0053038     0.0009347           1         392           0
    7.334     0.0056551     0.0011197           1       53312           0
    7.395     0.0043596     0.0013201           1       18496           0
    7.455     0.0049051     0.0010978           1       18496           0
    7.516     0.0058464     0.0011508           1       53312           0
    7.576     0.0071094     0.0015292           1      153664           0
    7.637     0.0088517     0.0006523           1         392           0
    7.697     0.0109281     0.0006318           1         392           0
    7.758     0.0133133     0.0007635           1         392           0
    7.818     0.0155328     0.0007382           1         392           0
    7.879     0.0165535     0.0007148           1         392           0
    7.939     0.0157646     0.0006772           1         392           0
    8.000     0.0149371     0.0007088           1         392           0
    8.060     0.0147025     0.0005918           1         392           0
    8.120     0.0139753     0.0005969           1         392           0
    8.181     0.0124127     0.0005677           1         392           0
    8.241     0.0106497     0.0005971           1         392           0
    8.302     0.0093102     0.0006347           1         392           0
    8.362     0.0084091     0.0003482           2       16796           0
    8.423     0.0084513     0.0003984           2       16796           0
    8.483     0.0080107     0.0003844           2       16792           0
    8.544     0.0082295     0.0003894           2       16776           0
    8.604     0.0081471     0.0003773           2         392           0
    8.665     0.0084669     0.0003783           2         392           0
    8.725     0.0089405     0.0003914           2         392           0
    8.786     0.0100711     0.0003619           2         392           0
    8.846     0.0106524     0.0003752           2         392           0
    8.907     0.0107229     0.0003237           2         392           0
    8.967     0.0093534     0.0003678           2         392           0
    9.028     0.0079724     0.0003610           2         136           0
    9.088     0.0067688     0.0003780           2         136           0
    9.149     0.0052732     0.0003708           2         136           0
    9.209     0.0044543     0.0003926           2         136           0
    9.270     0.0042177     0.0003924           2         136           0
    9.330     0.0039385     0.0004092           2         136           0
    9.391     0.0036108     0.0003892           2         392           0
    9.451     0.0037877     0.0004127           2         392           0
    9.512     0.0036720     0.0003742           2         392           0
    9.572     0.0034823     0.0003590           2         392           0
    9.633     0.0033869     0.0003434           2         392           0
    9.693     0.0035905     0.0003961           2         392           0
    9.754     0.0033062     0.0002973           2       16796           0
    9.814     0.0033198     0.0003305           2       16796           0
    9.875     0.0036565     0.0003370           2         392           0
    9.935     0.0039208     0.0003177           2         392           0
    9.995     0.0038310     0.0003197           2         392           0
   10.056     0.0033946     0.0003304           2         392           0
   10.116     0.0032724     0.0003110           2         392           0
   10.177     0.0032925     0.0003165           2         392           0
   10.237     0.0033088     0.0003436           2         392           0
   10.298     0.0027846     0.0002905           2         392           0
   10.358     0.0032974     0.0002207           2         392           0
   10.419     0.0031968     0.0003249           2         392           0
   10.479     0.0031549     0.0003480           2         392           0
   10.540     0.0031120     0.0003598           2         392           0
   10.600     0.0032385     0.0003413           2         392           0
   10.661     0.0035016     0.0002697           2         392           0
   10.721     0.0034072     0.0003594           2         392           0
   10.782     0.0036853     0.0003679           2         392           0
   10.842     0.0040595     0.0003734           2         392           0
   10.903     0.0045113     0.0003973           2         392           0
   10.963     0.0048690     0.0003702           2         392           0
   11.024     0.0046211     0.0004032           2         392           0
   11.084     0.0048663     0.0004233           2         392           0
   11.145     0.0047417     0.0004312           2         392           0
   11.205     0.0050642     0.0004301           2         392           0
   11.266     0.0058299     0.0004113           2         392           0
   11.326     0.0073390     0.0004151           2         392           0
   11.387     0.0083627     0.0004067           2         412           0
   11.447     0.0116700     0.0002030           2         412           0
   11.508     0.0128879     0.0004193           2         392           0
   11.568     0.0216122     0.0003939           2         392           0
   11.628     0.0231183     0.0004519           2         392           0
   11.689     0.0193696     0.0004822           2         392           0
   11.750     0.0154723     0.0004032           2         392           0
   11.810     0.0131704     0.0004177           2         392           0
   11.870     0.0107010     0.0004454           2         392           0
   11.931     0.0093975     0.0004421           2         392           0
   11.991     0.0084717     0.0004443           2         392           0
   12.052     0.0079336     0.0004425           2         392           0
   12.112     0.0078267     0.0004636           2         392           0
   12.173     0.0081538     0.0004393           2         392           0
   12.233     0.0083972     0.0004545           2         392           0
   12.294     0.0088134     0.0004473           2         392           0
   12.354     0.0089746     0.0004907           2         392           0
   12.415     0.0087318     0.0003877           2         392           0
   12.475     0.0090062     0.0004092           2         392           0
   12.536     0.0087236     0.0004659           2         392           0
   12.596     0.0085903     0.0004455           2         392           0
   12.657     0.0092142     0.0004778           2         392           0
   12.717     0.0097928     0.0004531           2         392           0
   12.778     0.0099831     0.0004548           2         392           0
   12.838     0.0107426     0.0004688           2         392           0
   12.899     0.0113196     0.0005056           2         392           0
   12.959     0.0119342     0.0005026           2         392           0
   13.020     0.0124994     0.0005021           2         392           0
   13.080     0.0132001     0.0004982           2         392           0
   13.141     0.0147285     0.0005588           2         392           0
   13.201     0.0190743     0.0004366           2         392           0
   13.262     0.0156397     0.0005787           2         392           0
   13.322     0.0096935     0.0005183           2         392           0
   13.383     0.0084816     0.0006411           2         392           0
   13.443     0.0081011     0.0006060           2         392           0
   13.503     0.0078567     0.0006015           2         392           0
   13.564     0.0072901     0.0006126           2         392           0
   13.625     0.0074344     0.0006169           2         392           0
   13.685     0.0070686     0.0006010           2         392           0
   13.745     0.0075724     0.0006289           2         392           0
   13.806     0.0074638     0.0006492           2         392           0
   13.866     0.0077875     0.0006535           2         392           0
   13.927     0.0076639     0.0006952           2         392           0
   13.987     0.0074175     0.0007244           2         392           0
   14.048     0.0079580     0.0006978           2         392           0
   14.108     0.0075847     0.0007863           2         392           0
   14.169     0.0068497     0.0007957           2         392           0
   14.239     0.0075586     0.0003639           3        4360           0
   14.323     0.0074019     0.0003465           3        4360           0
   14.408     0.0071719     0.0003985           3        4360           0
   14.493     0.0075017     0.0003919           3        4360           0
   14.577     0.0078798     0.0004169           3        4360           0
   14.662     0.0080977     0.0004339           3        4360           0
   14.747     0.0082735     0.0004668           3        4360           0
   14.832     0.0082697     0.0004369           3        4360           0
   14.916     0.0073403     0.0004946           3        4360           0
   15.001     0.0068265     0.0004677           3        4360           0
   15.085     0.0065687     0.0004801           3        4360           0
   15.170     0.0069647     0.0004330           3        4360           0
   15.255     0.0072801     0.0004741           3        4360           0
   15.340     0.0070018     0.0004546           3        4360           0
   15.424     0.0067413     0.0003738           3        4360           0
   15.509     0.0066242     0.0002875           3        4360           0
   15.594     0.0072094     0.0003623           3        4360           0
   15.678     0.0073219     0.0004204           3        4360           0
   15.763     0.0072442     0.0004655           3        4360           0
   15.848     0.0074865     0.0004017           3        4360           0
   15.932     0.0082276     0.0005356           3        4360           0
   16.017     0.0088267     0.0005280           3        4360           0
   16.102     0.0105374     0.0005853           3        4360           0
   16.186     0.0093450     0.0005316           3        4360           0
   16.271     0.0090660     0.0005341           3        4360           0
   16.356     0.0102949     0.0003525           3        4360           0
   16.440     0.0096784     0.0004007           3        4360           0
   16.525     0.0099681     0.0004927           3        4360           0
   16.610     0.0095501     0.0003800           3        4360           0
   16.694     0.0097352     0.0003614           3        4360           0
   16.779     0.0112017     0.0005013           3        4360           0
   16.864     0.0139854     0.0006793           3        4360           0
   16.948     0.0165351     0.0006770           3        4360           0
   17.033     0.0160843     0.0006454           3        4360           0
   17.118     0.0149137     0.0010716           3        4360           0
   17.202     0.0140280     0.0007549           3        4360           0
   17.287     0.0149658     0.0005887           3        4360           0
   17.372     0.0144106     0.0006217           3        4360           0
   17.456     0.0165447     0.0004997           3        4360           0
   17.541     0.0189763     0.0005429           3        4360           0
   17.626     0.0199448     0.0036583           3        4360           0
   17.711     0.0177638     0.0022393           3        4360           0
   17.795     0.0163362     0.0012381           3        4360           0
   17.880     0.0171693     0.0013025           3        4360           0
   17.965     0.0167246     0.0005592           3        4360           0
   18.049     0.0152540     0.0006066           3        4360           0
   18.134     0.0140445     0.0012917           3        4360           0
   18.219     0.0134752     0.0006523           3        4360           0
   18.303     0.0137872     0.0007052           3        4360           0
   18.388     0.0132647     0.0007425           3        4360           0
   18.472     0.0134929     0.0006905           3        4360           0
   18.557     0.0122970     0.0006794           3        4360           0
   18.642     0.0127439     0.0005785           3        4360           0
   18.727     0.0131736     0.0004441           3        4360           0
   18.811     0.0138206     0.0006649           3        4360           0
   18.896     0.0128157     0.0009351           3        4360           0
   18.981     0.0128909     0.0011856           3        4360           0
   19.065     0.0130227     0.0006527           3        4360           0
   19.150     0.0142031     0.0006034           3        4360           0
   19.235     0.0116454     0.0009642           3    19009600           0
   19.404     0.0172696     0.0045086           3    19009600           0
   19.573     0.0159776     0.0012034           3    19009600           0
   19.743     0.0142707     0.0009374           3    19009600           0
   19.912     0.0149249     0.0030531           3    19009600           0
   20.081     0.0148181     0.0032954           3    19009600           0
   20.251     0.0147700     0.0020988           3        4360           0
   20.420     0.0147392     0.0013797           3        4360           0
   20.590     0.0156630     0.0019799           3        4360           0
   20.759     0.0158658     0.0035939           3        4360           0
   20.928     0.0162203     0.0017073           3        4360           0
   21.097     0.0164866     0.0018724           3        4360           0
   21.267     0.0166318     0.0008686           4        4360           0
   21.436     0.0174648     0.0007304           4        4360           0
   21.606     0.0165766     0.0006762           4        4360           0
   21.775     0.0178959     0.0008716           4        4360           0
   21.944     0.0167960     0.0019834           4        4360           0
   22.114     0.0175654     0.0042954           4        4360           0
   22.283     0.0195926     0.0005962           4        4360           0
   22.452     0.0191952     0.0005524           4        4360           0
   22.622     0.0199776     0.0009221           4        4360           0
   22.791     0.0192562     0.0007541           4        4360           0
   22.960     0.0193142     0.0005110           4        4360           0
   23.130     0.0203393     0.0005522           4        4360           0
   23.299     0.0210064     0.0005778           4        4360           0
   23.469     0.0219035     0.0005759           4        4360           0
   23.638     0.0219725     0.0005670           4        4360           0
   23.807     0.0219940     0.0005254           4        4360           0
   23.976     0.0228771     0.0004555           4        4360           0
   24.146     0.0234449     0.0006163           4        4360           0
   24.315     0.0248494     0.0006934           4        4360           0
   24.485     0.0241998     0.0006541           4        4360           0
   24.654     0.0245612     0.0006294           4        4360           0
   24.823     0.0251317     0.0006568           4        4360           0
   24.993     0.0256069     0.0008587           4        4360           0
   25.162     0.0245050     0.0012186           4        4360           0
   25.331     0.0253226     0.0005839           4        4360           0
   25.501     0.0254174     0.0006780           4        4360           0
   25.670     0.0267298     0.0011410           4        4360           0
   25.839     0.0262058     0.0027935           4        4360           0
   26.009     0.0269017     0.0009417           4        4360           0
   26.178     0.0268730     0.0037610           4        4360           0
   26.347     0.0275131     0.0015571           4        4360           0
   26.517     0.0281777     0.0005207           4        4360           0
   26.686     0.0308568     0.0006259           4        4360           0
   26.856     0.0311812     0.0006562           4        4360           0
   27.025     0.0309116     0.0014017           4        4360           0
   27.194     0.0309952     0.0018354           4        4360           0
   27.364     0.0308325     0.0015688           4        4360           0
   27.533     0.0304016     0.0006033           4        4360           0
   27.702     0.0308252     0.0006437           4        4360           0
   27.872     0.0316951     0.0009316           4        4360           0
   28.041     0.0335111     0.0009228           4        4360           0
   28.210     0.0339578     0.0024419           4        4360           0
   28.380     0.0338549     0.0007539           4        4360           0
   28.549     0.0334098     0.0007499           4        4360           0
   28.719     0.0350306     0.0006781           4        4360           0
   28.888     0.0355353     0.0006661           4        4360           0
   29.057     0.0366616     0.0007198           4        4360           0
   29.226     0.0377196     0.0007349           4        4360           0
   29.396     0.0372520     0.0009170           4        4360           0
   29.565     0.0393126     0.0005867           4        4360           0
   29.735     0.0388625     0.0016158           4        4360           0
   29.904     0.0378061     0.0008607           4        4360           0
   30.073     0.0383617     0.0008621           4        4360           0
   30.243     0.0385174     0.0018233           4        4360           0
   30.412     0.0395341     0.0041893           4        4360           0
   30.581     0.0402075     0.0059701           4        4360           0
   30.751     0.0399715     0.0010285           4        4360           0
   30.920     0.0397402     0.0009351           4        4360           0
   31.089     0.0415188     0.0008649           4        4360           0
   31.259     0.0415200     0.0009020           4        4360           0
   31.428     0.0420658     0.0008742           4        4360           0
   31.597     0.0430958     0.0007909           4        4360           0
   31.767     0.0430551     0.0007386           4        4360           0
   31.936     0.0451574     0.0011925           4        4360           0
   32.105     0.0451913     0.0021390           4        4360           0
   32.275     0.0471851     0.0011034           4        4360           0
   32.444     0.0472438     0.0016444           4        4360           0
   32.614     0.0462335     0.0032950           4        4360           0
   32.783     0.0482049     0.0014813           4        4360           0
   32.952     0.0476199     0.0013816           4        4360           0
   33.122     0.0506644     0.0019902           4        4360           0
   33.291     0.0504748     0.0019464           4        4360           0
   33.460     0.0514876     0.0020553           4        4360           0
   33.630     0.0573353     0.0013035           4        4360           0
   33.799     0.0564521     0.0024836           4        4360           0
   33.968     0.0569837     0.0017830           4        4360           0
   34.138     0.0569053     0.0021528           4        4360           0
   34.307     0.0613845     0.0015694           4        4360           0
   34.477     0.0699230     0.0020371           4        4360           0
   34.646     0.0809266     0.0019252           4        4360           0
   34.815     0.0632258     0.0032351           4        4360           0
   34.985     0.0624707     0.0142301           4        4360           0
   35.154     0.0533138     0.0051918           4        4360           0
   35.323     0.0581269     0.0031296           4        4360           0
   35.493     0.0576520     0.0074239           4        4360           0
   35.662     0.0622257     0.0032289           4        4360           0
   35.831     0.0748672     0.0027383           4        4360           0
   36.001     0.0826035     0.0027401           4        4360           0
   36.170     0.0740764     0.0053040           4        4360           0
   36.339     0.0615750     0.0076215           4        4360           0
   36.509     0.0616759     0.0046508           4        4360           0
   36.678     0.0655588     0.0075373           4        4360           0
   36.847     0.0615030     0.0051197           4        4360           0
   37.017     0.0717961     0.0308712           4        4360           0
   37.186     0.0720371     0.0050128           4        4360           0
   37.355     0.0631828     0.0047372           4        4360           0
   37.525     0.0574590     0.0052585           4        4360           0
   37.694     0.0589511     0.0046956           4        4360           0
   37.864     0.0693746     0.0069063           4        4360           0
   38.033     0.0749597     0.0273606           4        4360           0
   38.202     0.0737394     0.0380360           4        4360           0
   38.372     0.0527041     0.0136959           4        4360           0
   38.541     0.0682064     0.0205638           4        4360           0
   38.710     0.0649797     0.0125368           4        4360           0
   38.880     0.0754470     0.0184850           4        4360           0
   39.049     0.0734818     0.0973672           4        4360           0
   39.218     0.0530332     0.0139556           4        4360           0
   39.388     0.0353185     0.0113749           4        4360           0
   39.557     0.0310716     0.0466714           4        4360           0
   39.727     0.0295036     0.0793056           4        4360           0
   39.896     0.0166621     0.0144667           4        4488           0
   40.065     0.0023961     0.0064369           4        4488           0
   40.235     0.0067295     0.0049937           4        4488           0
   40.404     0.0047426     0.0024210           4        4488           0
   40.573     0.0007348     0.0011209           4        4488           0
   40.743     0.0001915     0.0004863           4        4508           0
   40.912     0.0006009     0.0003402           4        4488           0
   41.081     0.0011505     0.0001699           4        4488           0
   41.251     0.0013206     0.0001047           4        4488           0
   41.420    -0.0000605     0.0004053           4        4488           0
   41.589    -0.0003354     0.0003621           4        4488           0
   41.759     0.0014512     0.0002998           4        4488           0
   41.928     0.0004638     0.0007567           4        4508           0
   42.097    -0.0003010     0.0005163           4        4508           0
   42.267     0.0054612     0.0006619           4        4488           0
