wave flux error channelflag bitflag stitchflag
    5.127     0.0008642     0.0033043           1         392           0
    5.157     0.0010893     0.0019493           1         136           0
    5.187     0.0007939     0.0009502           1         136           0
    5.217     0.0006990     0.0006088           1         136           0
    5.247     0.0009078     0.0005678           1         136           0
    5.278     0.0006767     0.0006508           1         136           0
    5.308     0.0003534     0.0005972           1         136           0
    5.338     0.0003285     0.0005330           1         392           0
    5.368     0.0004528     0.0005509           1         392           0
    5.399     0.0006455     0.0005923           1       16776           0
    5.429     0.0006273     0.0005079           1       16796           0
    5.459     0.0005995     0.0004999           1       16796           0
    5.489     0.0007218     0.0004780           1         392           0
    5.520     0.0007690     0.0004709           1         392           0
    5.550     0.0006436     0.0005062           1         392           0
    5.580     0.0004801     0.0004369           1         392           0
    5.610     0.0003514     0.0004954           1         392           0
    5.641     0.0006130     0.0004310           1        8468           0
    5.671     0.0005356     0.0004727           1        8468           0
    5.701     0.0002806     0.0004658           1         392           0
    5.731     0.0006657     0.0004304           1         392           0
    5.762     0.0006293     0.0004572           1         412           0
    5.792     0.0005696     0.0004391           1         412           0
    5.822     0.0008402     0.0004783           1         392           0
    5.852     0.0006775     0.0005076           1         392           0
    5.883     0.0004323     0.0005270           1         392           0
    5.913     0.0006971     0.0004872           1         136           0
    5.943     0.0007460     0.0005331           1         136           0
    5.973     0.0004292     0.0005030           1         136           0
    6.004     0.0006347     0.0005189           1         136           0
    6.034     0.0007177     0.0004916           1         136           0
    6.064     0.0003423     0.0005065           1         392           0
    6.094     0.0003915     0.0004871           1         392           0
    6.125     0.0006146     0.0004850           1         392           0
    6.155     0.0005550     0.0004776           1         392           0
    6.185     0.0005920     0.0004604           1         392           0
    6.215     0.0006635     0.0005223           1         392           0
    6.245     0.0008562     0.0005056           1         392           0
    6.276     0.0008141     0.0005241           1         392           0
    6.306     0.0007125     0.0005165           1         392           0
    6.336     0.0006864     0.0006003           1         392           0
    6.366     0.0007938     0.0005678           1         392           0
    6.397     0.0005850     0.0005737           1         392           0
    6.427     0.0002286     0.0005618           1         392           0
    6.457     0.0002144     0.0005396           1         392           0
    6.487     0.0005345     0.0005210           1         392           0
    6.518     0.0005400     0.0005992           1         392           0
    6.548     0.0005688     0.0006801           1         392           0
    6.578     0.0004995     0.0006855           1         392           0
    6.608     0.0005973     0.0006352           1         392           0
    6.639     0.0007473     0.0006608           1         136           0
    6.669     0.0003337     0.0006407           1         136           0
    6.699     0.0001749     0.0006322           1         136           0
    6.729     0.0006630     0.0006131           1         136           0
    6.760     0.0006608     0.0006122           1         136           0
    6.790     0.0009727     0.0007035           1         392           0
    6.820     0.0005894     0.0007104           1         392           0
    6.850     0.0006445     0.0007853           1         392           0
    6.881     0.0010436     0.0008327           1         392           0
    6.911     0.0013250     0.0007370           1         392           0
    6.941     0.0016093     0.0007692           1         392           0
    6.971     0.0024720     0.0008049           1         392           0
    7.002     0.0024972     0.0008868           1         392           0
    7.032     0.0016845     0.0008285           1         392           0
    7.062     0.0009307     0.0008560           1         392           0
    7.092     0.0009417     0.0007779           1         392           0
    7.122     0.0007753     0.0008246           1         392           0
    7.153     0.0006344     0.0007933           1         392           0
    7.183     0.0009656     0.0007628           1         392           0
    7.213     0.0008893     0.0006299           1         392           0
    7.243     0.0002000     0.0008445           1         392           0
    7.274     0.0008599     0.0009079           1         392           0
    7.304     0.0004980     0.0009601           1         392           0
    7.334     0.0003666     0.0011215           1       53312           0
    7.395     0.0012958     0.0012474           1       18496           0
    7.455     0.0010580     0.0011268           1       18496           0
    7.516     0.0013618     0.0011909           1       53312           0
    7.576     0.0014265     0.0014980           1      153664           0
    7.637     0.0013483     0.0005791           1         392           0
    7.697     0.0013007     0.0005996           1         392           0
    7.758     0.0011444     0.0007039           1         392           0
    7.818     0.0013779     0.0007113           1         392           0
    7.879     0.0014085     0.0007352           1         392           0
    7.939     0.0012204     0.0007048           1         392           0
    8.000     0.0011965     0.0006621           1         392           0
    8.060     0.0012260     0.0006207           1         392           0
    8.120     0.0012403     0.0005883           1         392           0
    8.181     0.0016859     0.0005586           1         392           0
    8.241     0.0017290     0.0005835           1         392           0
    8.302     0.0020286     0.0005982           1         392           0
    8.362     0.0023176     0.0003893           2       16796           0
    8.423     0.0025873     0.0003683           2       16796           0
    8.483     0.0030996     0.0004006           2       16792           0
    8.544     0.0032191     0.0003749           2       16776           0
    8.604     0.0030460     0.0003888           2         392           0
    8.665     0.0031439     0.0003856           2         392           0
    8.725     0.0031285     0.0003848           2         392           0
    8.786     0.0029692     0.0003615           2         392           0
    8.846     0.0026519     0.0003273           2         392           0
    8.907     0.0022859     0.0003720           2         392           0
    8.967     0.0019651     0.0003973           2         392           0
    9.028     0.0018698     0.0003731           2         136           0
    9.088     0.0021087     0.0003850           2         136           0
    9.149     0.0018153     0.0003783           2         136           0
    9.209     0.0019352     0.0003997           2         136           0
    9.270     0.0019672     0.0004036           2         136           0
    9.330     0.0017941     0.0003883           2         136           0
    9.391     0.0016704     0.0004063           2         392           0
    9.451     0.0018853     0.0003974           2         392           0
    9.512     0.0021792     0.0003682           2         392           0
    9.572     0.0020322     0.0003657           2         392           0
    9.633     0.0020448     0.0003292           2         392           0
    9.693     0.0020804     0.0003590           2         392           0
    9.754     0.0015799     0.0003428           2       16796           0
    9.814     0.0014023     0.0003263           2       16796           0
    9.875     0.0013203     0.0003413           2         392           0
    9.935     0.0011191     0.0003186           2         392           0
    9.995     0.0010043     0.0003246           2         392           0
   10.056     0.0008772     0.0003196           2         392           0
   10.116     0.0009900     0.0003096           2         392           0
   10.177     0.0011357     0.0003079           2         392           0
   10.237     0.0011331     0.0002971           2         392           0
   10.298     0.0009258     0.0003112           2         392           0
   10.358     0.0011459     0.0003210           2         392           0
   10.419     0.0010440     0.0003334           2         392           0
   10.479     0.0008556     0.0003385           2         392           0
   10.540     0.0010561     0.0003334           2         392           0
   10.600     0.0010598     0.0003397           2         392           0
   10.661     0.0009737     0.0003390           2         392           0
   10.721     0.0012529     0.0003366           2         392           0
   10.782     0.0011333     0.0003656           2         392           0
   10.842     0.0010565     0.0003660           2         392           0
   10.903     0.0011735     0.0003818           2         392           0
   10.963     0.0011250     0.0003870           2         392           0
   11.024     0.0009607     0.0003731           2         392           0
   11.084     0.0007194     0.0004032           2         392           0
   11.145     0.0010343     0.0004051           2         392           0
   11.205     0.0010121     0.0004267           2         392           0
   11.266     0.0012330     0.0004076           2         392           0
   11.326     0.0011546     0.0004142           2         392           0
   11.387     0.0011372     0.0004208           2         412           0
   11.447     0.0010481     0.0004281           2         412           0
   11.508     0.0010228     0.0004123           2         392           0
   11.568     0.0011437     0.0004167           2         392           0
   11.628     0.0008429     0.0004525           2         392           0
   11.689     0.0011368     0.0004842           2         392           0
   11.750     0.0013089     0.0004395           2         392           0
   11.810     0.0012547     0.0004576           2         392           0
   11.870     0.0012624     0.0004216           2         392           0
   11.931     0.0014439     0.0004546           2         392           0
   11.991     0.0012826     0.0004475           2         392           0
   12.052     0.0008919     0.0004748           2         392           0
   12.112     0.0013209     0.0004572           2         392           0
   12.173     0.0015522     0.0004600           2         392           0
   12.233     0.0014689     0.0004409           2         392           0
   12.294     0.0019237     0.0004690           2         392           0
   12.354     0.0019123     0.0004833           2         392           0
   12.415     0.0017658     0.0004768           2         392           0
   12.475     0.0027294     0.0004593           2         392           0
   12.536     0.0043536     0.0004452           2         392           0
   12.596     0.0048701     0.0004503           2         392           0
   12.657     0.0046201     0.0004442           2         392           0
   12.717     0.0039893     0.0004458           2         392           0
   12.778     0.0032005     0.0004447           2         392           0
   12.838     0.0030817     0.0004737           2         392           0
   12.899     0.0024879     0.0004855           2         392           0
   12.959     0.0019846     0.0004972           2         392           0
   13.020     0.0021907     0.0005164           2         392           0
   13.080     0.0019155     0.0004957           2         392           0
   13.141     0.0016125     0.0005437           2         392           0
   13.201     0.0016094     0.0005616           2         392           0
   13.262     0.0019026     0.0005514           2         392           0
   13.322     0.0020759     0.0005765           2         392           0
   13.383     0.0020565     0.0006094           2         392           0
   13.443     0.0023914     0.0006042           2         392           0
   13.503     0.0019684     0.0006223           2         392           0
   13.564     0.0021749     0.0005958           2         392           0
   13.625     0.0020576     0.0006054           2         392           0
   13.685     0.0019585     0.0006204           2         392           0
   13.745     0.0021899     0.0006445           2         392           0
   13.806     0.0024533     0.0006435           2         392           0
   13.866     0.0023006     0.0006441           2         392           0
   13.927     0.0024774     0.0006894           2         392           0
   13.987     0.0026952     0.0006779           2         392           0
   14.048     0.0026405     0.0007237           2         392           0
   14.108     0.0027413     0.0007522           2         392           0
   14.169     0.0027051     0.0007392           2         392           0
   14.239     0.0026252     0.0003956           3        4360           0
   14.323     0.0041734     0.0004479           3        4360           0
   14.408     0.0042471     0.0003619           3        4360           0
   14.493     0.0025973     0.0003261           3        4360           0
   14.577     0.0016272     0.0003963           3        4360           0
   14.662     0.0016515     0.0004307           3        4360           0
   14.747     0.0014041     0.0004106           3        4360           0
   14.832     0.0005970     0.0004628           3        4360           0
   14.916     0.0009237     0.0005270           3        4360           0
   15.001     0.0010991     0.0004724           3        4360           0
   15.085     0.0012428     0.0004108           3        4360           0
   15.170     0.0013173     0.0004145           3        4360           0
   15.255     0.0012945     0.0004728           3        4360           0
   15.340     0.0007721     0.0004446           3        4360           0
   15.424     0.0005616     0.0003851           3        4360           0
   15.509     0.0003001     0.0003547           3        4360           0
   15.594     0.0004709     0.0003741           3        4360           0
   15.678     0.0010855     0.0003732           3        4360           0
   15.763     0.0011226     0.0003431           3        4360           0
   15.848     0.0009470     0.0003858           3        4360           0
   15.932     0.0013245     0.0005238           3        4360           0
   16.017     0.0012717     0.0005471           3        4360           0
   16.102     0.0014598     0.0005462           3        4360           0
   16.186     0.0008660     0.0005328           3        4360           0
   16.271     0.0011017     0.0004826           3        4360           0
   16.356     0.0004871     0.0004926           3        4360           0
   16.440     0.0007382     0.0004796           3        4360           0
   16.525     0.0017598     0.0003585           3        4360           0
   16.610     0.0008622     0.0003916           3        4360           0
   16.694     0.0002018     0.0003413           3        4360           0
   16.779     0.0009670     0.0004243           3        4360           0
   16.864     0.0010381     0.0009341           3        4360           0
   16.948     0.0010166     0.0018625           3        4360           0
   17.033     0.0009304     0.0004729           3        4360           0
   17.118     0.0006022     0.0012369           3        4360           0
   17.202     0.0010352     0.0007124           3        4360           0
   17.287     0.0009189     0.0005798           3        4360           0
   17.372     0.0012505     0.0005640           3        4360           0
   17.456     0.0015885     0.0005970           3        4360           0
   17.541     0.0013978     0.0004905           3        4360           0
   17.626     0.0014095     0.0004152           3        4360           0
   17.711     0.0010757     0.0005050           3        4360           0
   17.795     0.0012052     0.0005465           3        4360           0
   17.880     0.0009228     0.0004567           3        4360           0
   17.965     0.0015143     0.0004836           3        4360           0
   18.049     0.0012153     0.0005831           3        4360           0
   18.134     0.0015235     0.0006043           3        4360           0
   18.219     0.0024808     0.0006484           3        4360           0
   18.303     0.0025915     0.0007100           3        4360           0
   18.388     0.0031405     0.0007525           3        4360           0
   18.472     0.0023809     0.0006594           3        4360           0
   18.557     0.0019820     0.0006640           3        4360           0
   18.642     0.0021189     0.0005876           3        4360           0
   18.727     0.0027094     0.0005691           3        4360           0
   18.811     0.0033839     0.0005300           3        4360           0
   18.896     0.0027791     0.0005807           3        4360           0
   18.981     0.0027475     0.0005470           3        4360           0
   19.065     0.0031395     0.0005446           3        4360           0
   19.150     0.0036041     0.0006550           3        4360           0
   19.235     0.0018178     0.0009070           3    19009600           0
   19.404     0.0025621     0.0014216           3    19009600           0
   19.573     0.0018459     0.0012888           3    19009600           0
   19.743     0.0026332     0.0009776           3    19009600           0
   19.912     0.0019307     0.0009487           3    19009600           0
   20.081     0.0017174     0.0037100           3        4360           0
   20.251     0.0029946     0.0017236           3        4360           0
   20.420     0.0029337     0.0013755           3        4360           0
   20.590     0.0027023     0.0012645           3        4360           0
   20.759     0.0023404     0.0014137           3        4360           0
   20.928     0.0030472     0.0016563           3        4360           0
   21.097     0.0031470     0.0007647           4        4360           0
   21.267     0.0031696     0.0007095           4        4360           0
   21.436     0.0040891     0.0006208           4        4360           0
   21.606     0.0029610     0.0007294           4        4360           0
   21.775     0.0038530     0.0007591           4        4360           0
   21.944     0.0029813     0.0007233           4        4360           0
   22.114     0.0029868     0.0006994           4        4360           0
   22.283     0.0035869     0.0005606           4        4360           0
   22.452     0.0042646     0.0006621           4        4360           0
   22.622     0.0035272     0.0006567           4        4360           0
   22.791     0.0034331     0.0005247           4        4360           0
   22.960     0.0036334     0.0004299           4        4360           0
   23.130     0.0037206     0.0005118           4        4360           0
   23.299     0.0035610     0.0005365           4        4360           0
   23.469     0.0035954     0.0005260           4        4360           0
   23.638     0.0039263     0.0005384           4        4360           0
   23.807     0.0042036     0.0004944           4        4360           0
   23.976     0.0041121     0.0004593           4        4360           0
   24.146     0.0038521     0.0005447           4        4360           0
   24.315     0.0040342     0.0005374           4        4360           0
   24.485     0.0043355     0.0005413           4        4360           0
   24.654     0.0041053     0.0005647           4        4360           0
   24.823     0.0048118     0.0005794           4        4360           0
   24.993     0.0045706     0.0006532           4        4360           0
   25.162     0.0049705     0.0005761           4        4360           0
   25.331     0.0044621     0.0006246           4        4360           0
   25.501     0.0053062     0.0006315           4        4360           0
   25.670     0.0053614     0.0006554           4        4360           0
   25.839     0.0049668     0.0024009           4        4360           0
   26.009     0.0054359     0.0007712           4        4360           0
   26.178     0.0058738     0.0005513           4        4360           0
   26.347     0.0052741     0.0004947           4        4360           0
   26.517     0.0047352     0.0003998           4        4360           0
   26.686     0.0047629     0.0004625           4        4360           0
   26.856     0.0050516     0.0005355           4        4360           0
   27.025     0.0053920     0.0005308           4        4360           0
   27.194     0.0053248     0.0005418           4        4360           0
   27.364     0.0050076     0.0004975           4        4360           0
   27.533     0.0053188     0.0004975           4        4360           0
   27.702     0.0058265     0.0006954           4        4360           0
   27.872     0.0056394     0.0014690           4        4360           0
   28.041     0.0062234     0.0007165           4        4360           0
   28.210     0.0060689     0.0007761           4        4360           0
   28.380     0.0060830     0.0007092           4        4360           0
   28.549     0.0064675     0.0006367           4        4360           0
   28.719     0.0063346     0.0006170           4        4360           0
   28.888     0.0067164     0.0006329           4        4360           0
   29.057     0.0076754     0.0007070           4        4360           0
   29.226     0.0080240     0.0007192           4        4360           0
   29.396     0.0074559     0.0008784           4        4360           0
   29.565     0.0065270     0.0008563           4        4360           0
   29.735     0.0067998     0.0006678           4        4360           0
   29.904     0.0070247     0.0008069           4        4360           0
   30.073     0.0070443     0.0006448           4        4360           0
   30.243     0.0072621     0.0007479           4        4360           0
   30.412     0.0075690     0.0028478           4        4360           0
   30.581     0.0089896     0.0134709           4        4360           0
   30.751     0.0072762     0.0017338           4        4360           0
   30.920     0.0078654     0.0008031           4        4360           0
   31.089     0.0092485     0.0008166           4        4360           0
   31.259     0.0082998     0.0008626           4        4360           0
   31.428     0.0083283     0.0007686           4        4360           0
   31.597     0.0080661     0.0007561           4        4360           0
   31.767     0.0077624     0.0007922           4        4360           0
   31.936     0.0081454     0.0008283           4        4360           0
   32.105     0.0083777     0.0009242           4        4360           0
   32.275     0.0089647     0.0010570           4        4360           0
   32.444     0.0092486     0.0011356           4        4360           0
   32.614     0.0100975     0.0011964           4        4360           0
   32.783     0.0095157     0.0018503           4        4360           0
   32.952     0.0072373     0.0012783           4        4360           0
   33.122     0.0093446     0.0014857           4        4360           0
   33.291     0.0085220     0.0015014           4        4360           0
   33.460     0.0083220     0.0013547           4        4360           0
   33.630     0.0091625     0.0012586           4        4360           0
   33.799     0.0087101     0.0014318           4        4360           0
   33.968     0.0099313     0.0018828           4        4360           0
   34.138     0.0081804     0.0021836           4        4360           0
   34.307     0.0102363     0.0016154           4        4360           0
   34.477     0.0091429     0.0029665           4        4360           0
   34.646     0.0101613     0.0027445           4        4360           0
   34.815     0.0098804     0.0020386           4        4360           0
   34.985     0.0084880     0.0024056           4        4360           0
   35.154     0.0103718     0.0024944           4        4360           0
   35.323     0.0071361     0.0067813           4        4360           0
   35.493     0.0103957     0.0029645           4        4360           0
   35.662     0.0124196     0.0027571           4        4360           0
   35.831     0.0096162     0.0027041           4        4360           0
   36.001     0.0080732     0.0027132           4        4360           0
   36.170     0.0102811     0.0047358           4        4360           0
   36.339     0.0106732     0.0061695           4        4360           0
   36.509     0.0111389     0.0026246           4        4360           0
   36.678     0.0121543     0.0041435           4        4360           0
   36.847     0.0135351     0.0037369           4        4360           0
   37.017     0.0130368     0.0042511           4        4360           0
   37.186     0.0190018     0.0115437           4        4360           0
   37.355     0.0086976     0.0052110           4        4360           0
   37.525     0.0087807     0.0074127           4        4360           0
   37.694     0.0109988     0.0058694           4        4360           0
   37.864     0.0118754     0.0077021           4        4360           0
   38.033     0.0184230     0.0094137           4        4360           0
   38.202     0.0231708     0.0107480           4        4360           0
   38.372     0.0228712     0.0272424           4        4360           0
   38.541     0.0144830     0.2021855           4        4360           0
   38.710     0.0048888     0.0216796           4        4360           0
   38.880     0.0093556     0.0156759           4        4360           0
   39.049     0.0036812     0.1480718           4        4360           0
   39.218     0.0148724     0.0617368           4        4360           0
   39.388     0.0056394     0.0602311           4        4360           0
   39.557     0.0096625     0.0734078           4        4360           0
   39.727     0.0011120     0.0501485           4        4360           0
   39.896    -0.0004598     0.0145290           4        4488           0
   40.065     0.0023876     0.0080933           4        4488           0
   40.235     0.0003790     0.0037849           4        4488           0
   40.404     0.0005234     0.0021248           4        4488           0
   40.573     0.0004482     0.0009755           4        4488           0
   40.743     0.0002606     0.0004807           4        4508           0
   40.912     0.0000180     0.0003014           4        4488           0
   41.081     0.0000007     0.0001435           4        4488           0
   41.251    -0.0000033     0.0001310           4        4488           0
   41.420     0.0000410     0.0002483           4        4488           0
   41.589     0.0000930     0.0001700           4        4488           0
   41.759     0.0002960     0.0002060           4        4488           0
   41.928     0.0002326     0.0008074           4        4508           0
   42.097     0.0000097     0.0004186           4        4508           0
   42.267     0.0017683     0.0006930           4        4488           0
