wave flux error channelflag bitflag stitchflag
    5.127     0.0002716     0.0031390           1         392           0
    5.157    -0.0004406     0.0021359           1         136           0
    5.187    -0.0006879     0.0009478           1         136           0
    5.217    -0.0000416     0.0005772           1         136           0
    5.247     0.0003758     0.0005519           1         136           0
    5.278     0.0002513     0.0006027           1         136           0
    5.308     0.0004379     0.0005785           1         136           0
    5.338     0.0005256     0.0005545           1         392           0
    5.368     0.0006439     0.0005293           1         392           0
    5.399     0.0006178     0.0005404           1       16776           0
    5.429     0.0005937     0.0005269           1       16796           0
    5.459     0.0005392     0.0004968           1       16796           0
    5.489     0.0004153     0.0004951           1         392           0
    5.520     0.0004330     0.0004749           1         392           0
    5.550     0.0001576     0.0004884           1         392           0
    5.580     0.0002852     0.0004731           1         392           0
    5.610     0.0004531     0.0005077           1         392           0
    5.641     0.0005211     0.0004660           1        8468           0
    5.671     0.0004961     0.0003750           1        8468           0
    5.701     0.0000795     0.0004704           1         392           0
    5.731     0.0003606     0.0004498           1         392           0
    5.762     0.0003892     0.0004801           1         412           0
    5.792     0.0004186     0.0004856           1         412           0
    5.822     0.0002082     0.0004703           1         392           0
    5.852    -0.0000407     0.0004916           1         392           0
    5.883     0.0004737     0.0005172           1         392           0
    5.913     0.0005651     0.0005210           1         136           0
    5.943     0.0004934     0.0004861           1         136           0
    5.973     0.0007810     0.0005083           1         136           0
    6.004     0.0005248     0.0004896           1         136           0
    6.034     0.0003007     0.0004862           1         136           0
    6.064     0.0000405     0.0005375           1         392           0
    6.094    -0.0001393     0.0004679           1         392           0
    6.125     0.0003091     0.0004931           1         392           0
    6.155     0.0000994     0.0004893           1         392           0
    6.185    -0.0001390     0.0005018           1         392           0
    6.215    -0.0000400     0.0005265           1         392           0
    6.245     0.0003839     0.0004795           1         392           0
    6.276     0.0000702     0.0005104           1         392           0
    6.306     0.0001894     0.0005865           1         392           0
    6.336     0.0002642     0.0005626           1         392           0
    6.366     0.0003119     0.0005612           1         392           0
    6.397     0.0004096     0.0005526           1         392           0
    6.427     0.0001669     0.0005439           1         392           0
    6.457     0.0004647     0.0003984           1         392           0
    6.487     0.0009111     0.0005012           1         392           0
    6.518     0.0002587     0.0006378           1         392           0
    6.548     0.0002674     0.0006148           1         392           0
    6.578     0.0001747     0.0006525           1         392           0
    6.608     0.0002653     0.0006462           1         392           0
    6.639     0.0006660     0.0006658           1         136           0
    6.669     0.0005745     0.0007282           1         136           0
    6.699     0.0007983     0.0005416           1         136           0
    6.729     0.0001113     0.0006216           1         136           0
    6.760     0.0003079     0.0006858           1         136           0
    6.790     0.0005224     0.0007030           1         392           0
    6.820     0.0007458     0.0007671           1         392           0
    6.850     0.0007117     0.0007503           1         392           0
    6.881     0.0008490     0.0007560           1         392           0
    6.911     0.0005665     0.0007795           1         392           0
    6.941     0.0006995     0.0007650           1         392           0
    6.971     0.0011609     0.0007997           1         392           0
    7.002     0.0007087     0.0008362           1         392           0
    7.032     0.0003373     0.0008468           1         392           0
    7.062     0.0004703     0.0008818           1         392           0
    7.092     0.0004195     0.0007924           1         392           0
    7.122     0.0010014     0.0008273           1         392           0
    7.153     0.0011641     0.0007848           1         392           0
    7.183     0.0008523     0.0008144           1         392           0
    7.213     0.0011606     0.0008482           1         392           0
    7.243     0.0011468     0.0008357           1         392           0
    7.274     0.0009741     0.0008837           1         392           0
    7.304     0.0008333     0.0008862           1         392           0
    7.334     0.0034589     0.0011623           1       53312           0
    7.395     0.0014648     0.0012404           1       18496           0
    7.455     0.0027104     0.0011971           1       18496           0
    7.516     0.0042895     0.0011503           1       53312           0
    7.576     0.0050734     0.0014368           1      153664           0
    7.637     0.0040939     0.0006190           1         392           0
    7.697     0.0030504     0.0006685           1         392           0
    7.758     0.0024879     0.0007654           1         392           0
    7.818     0.0020268     0.0007266           1         392           0
    7.879     0.0017840     0.0007433           1         392           0
    7.939     0.0015808     0.0007178           1         392           0
    8.000     0.0015429     0.0006617           1         392           0
    8.060     0.0017715     0.0006750           1         392           0
    8.120     0.0017945     0.0006090           1         392           0
    8.181     0.0021289     0.0005869           1         392           0
    8.241     0.0019862     0.0005994           1         392           0
    8.302     0.0019502     0.0005900           1         392           0
    8.362     0.0020204     0.0004044           2       16796           0
    8.423     0.0020193     0.0003852           2       16796           0
    8.483     0.0026917     0.0003868           2       16792           0
    8.544     0.0026333     0.0003942           2       16776           0
    8.604     0.0018812     0.0004081           2         392           0
    8.665     0.0022647     0.0003810           2         392           0
    8.725     0.0022831     0.0003728           2         392           0
    8.786     0.0027568     0.0003496           2         392           0
    8.846     0.0030894     0.0003680           2         392           0
    8.907     0.0033136     0.0003643           2         392           0
    8.967     0.0037781     0.0003948           2         392           0
    9.028     0.0045984     0.0003317           2         136           0
    9.088     0.0056786     0.0004062           2         136           0
    9.149     0.0067968     0.0004137           2         136           0
    9.209     0.0081270     0.0003607           2         136           0
    9.270     0.0092841     0.0003047           2         136           0
    9.330     0.0083343     0.0004144           2         136           0
    9.391     0.0081605     0.0003678           2         392           0
    9.451     0.0083579     0.0003397           2         392           0
    9.512     0.0081153     0.0003369           2         392           0
    9.572     0.0076838     0.0003578           2         392           0
    9.633     0.0072694     0.0003174           2         392           0
    9.693     0.0063789     0.0003706           2         392           0
    9.754     0.0055131     0.0003089           2       16796           0
    9.814     0.0051118     0.0002927           2       16796           0
    9.875     0.0045219     0.0003473           2         392           0
    9.935     0.0042083     0.0003603           2         392           0
    9.995     0.0038273     0.0003219           2         392           0
   10.056     0.0038822     0.0003218           2         392           0
   10.116     0.0040009     0.0002962           2         392           0
   10.177     0.0042562     0.0002810           2         392           0
   10.237     0.0042994     0.0002894           2         392           0
   10.298     0.0046041     0.0003222           2         392           0
   10.358     0.0049299     0.0003312           2         392           0
   10.419     0.0051801     0.0003371           2         392           0
   10.479     0.0053251     0.0004492           2         392           0
   10.540     0.0047908     0.0003608           2         392           0
   10.600     0.0042879     0.0003431           2         392           0
   10.661     0.0038075     0.0003483           2         392           0
   10.721     0.0031370     0.0003570           2         392           0
   10.782     0.0027400     0.0003600           2         392           0
   10.842     0.0020199     0.0003474           2         392           0
   10.903     0.0018155     0.0003730           2         392           0
   10.963     0.0018325     0.0003937           2         392           0
   11.024     0.0015320     0.0004005           2         392           0
   11.084     0.0017859     0.0004132           2         392           0
   11.145     0.0014599     0.0003882           2         392           0
   11.205     0.0016584     0.0004198           2         392           0
   11.266     0.0015696     0.0003805           2         392           0
   11.326     0.0017876     0.0004176           2         392           0
   11.387     0.0014909     0.0004275           2         412           0
   11.447     0.0014957     0.0003863           2         412           0
   11.508     0.0012994     0.0004430           2         392           0
   11.568     0.0011181     0.0004414           2         392           0
   11.628     0.0012221     0.0004502           2         392           0
   11.689     0.0014665     0.0004395           2         392           0
   11.750     0.0015511     0.0004507           2         392           0
   11.810     0.0012913     0.0004259           2         392           0
   11.870     0.0010252     0.0004436           2         392           0
   11.931     0.0009562     0.0004662           2         392           0
   11.991     0.0008801     0.0004310           2         392           0
   12.052     0.0009733     0.0004310           2         392           0
   12.112     0.0012220     0.0004368           2         392           0
   12.173     0.0009321     0.0004485           2         392           0
   12.233     0.0010084     0.0004464           2         392           0
   12.294     0.0012687     0.0004550           2         392           0
   12.354     0.0010584     0.0004673           2         392           0
   12.415     0.0012866     0.0003895           2         392           0
   12.475     0.0011666     0.0004605           2         392           0
   12.536     0.0011784     0.0004844           2         392           0
   12.596     0.0014623     0.0004611           2         392           0
   12.657     0.0013507     0.0004556           2         392           0
   12.717     0.0014034     0.0004272           2         392           0
   12.778     0.0016306     0.0004490           2         392           0
   12.838     0.0017185     0.0004463           2         392           0
   12.899     0.0018982     0.0004847           2         392           0
   12.959     0.0017303     0.0005200           2         392           0
   13.020     0.0016096     0.0005362           2         392           0
   13.080     0.0018268     0.0005000           2         392           0
   13.141     0.0020227     0.0006166           2         392           0
   13.201     0.0021012     0.0005616           2         392           0
   13.262     0.0020835     0.0005530           2         392           0
   13.322     0.0024125     0.0005875           2         392           0
   13.383     0.0031778     0.0005729           2         392           0
   13.443     0.0031271     0.0005464           2         392           0
   13.503     0.0040110     0.0006132           2         392           0
   13.564     0.0058045     0.0006183           2         392           0
   13.625     0.0085768     0.0004994           2         392           0
   13.685     0.0093234     0.0004087           2         392           0
   13.745     0.0107882     0.0005382           2         392           0
   13.806     0.0089641     0.0006542           2         392           0
   13.866     0.0072300     0.0006813           2         392           0
   13.927     0.0059679     0.0006884           2         392           0
   13.987     0.0053194     0.0007247           2         392           0
   14.048     0.0047156     0.0007548           2         392           0
   14.108     0.0044697     0.0008036           2         392           0
   14.169     0.0038259     0.0007909           2         392           0
   14.229     0.0039111     0.0007084           2         392           0
   14.323     0.0036662     0.0004501           3        4360           0
   14.408     0.0039147     0.0003907           3        4360           0
   14.493     0.0039937     0.0003932           3        4360           0
   14.577     0.0044278     0.0004522           3        4360           0
   14.662     0.0044073     0.0004295           3        4360           0
   14.747     0.0036837     0.0003992           3        4360           0
   14.832     0.0039747     0.0004155           3        4360           0
   14.916     0.0036802     0.0004932           3        4360           0
   15.001     0.0046405     0.0004795           3        4360           0
   15.085     0.0042358     0.0004010           3        4360           0
   15.170     0.0041236     0.0004595           3        4360           0
   15.255     0.0053867     0.0004939           3        4360           0
   15.340     0.0059115     0.0005115           3        4360           0
   15.424     0.0062169     0.0004062           3        4360           0
   15.509     0.0082395     0.0003176           3        4360           0
   15.594     0.0081770     0.0003731           3        4360           0
   15.678     0.0060405     0.0003381           3        4360           0
   15.763     0.0027822     0.0003576           3        4360           0
   15.848     0.0026279     0.0003884           3        4360           0
   15.932     0.0041781     0.0004181           3        4360           0
   16.017     0.0030849     0.0005414           3        4360           0
   16.102     0.0032251     0.0005842           3        4360           0
   16.186     0.0026154     0.0006321           3        4360           0
   16.271     0.0029156     0.0005204           3        4360           0
   16.356     0.0024863     0.0004697           3        4360           0
   16.440     0.0020972     0.0004771           3        4360           0
   16.525     0.0021659     0.0004651           3        4360           0
   16.610     0.0031223     0.0003707           3        4360           0
   16.694     0.0023247     0.0003731           3        4360           0
   16.779     0.0020311     0.0004958           3        4360           0
   16.864     0.0016498     0.0006197           3        4360           0
   16.948     0.0021736     0.0006468           3        4360           0
   17.033     0.0021518     0.0005333           3        4360           0
   17.118     0.0026817     0.0010393           3        4360           0
   17.202     0.0046779     0.0043147           3        4360           0
   17.287     0.0029560     0.0008121           3        4360           0
   17.372     0.0024696     0.0006207           3        4360           0
   17.456     0.0023400     0.0006820           3        4360           0
   17.541     0.0023868     0.0005116           3        4360           0
   17.626     0.0019750     0.0004368           3        4360           0
   17.711     0.0018938     0.0005118           3        4360           0
   17.795     0.0017391     0.0005179           3        4360           0
   17.880     0.0020273     0.0005191           3        4360           0
   17.965     0.0017920     0.0005746           3        4360           0
   18.049     0.0016401     0.0006281           3        4360           0
   18.134     0.0023967     0.0006656           3        4360           0
   18.219     0.0018113     0.0006549           3        4360           0
   18.303     0.0014884     0.0007816           3        4360           0
   18.388     0.0017820     0.0007637           3        4360           0
   18.472     0.0029361     0.0005760           3        4360           0
   18.557     0.0010176     0.0007297           3        4360           0
   18.642     0.0016897     0.0006528           3        4360           0
   18.727     0.0022276     0.0005867           3        4360           0
   18.811     0.0013574     0.0005019           3        4360           0
   18.896     0.0022599     0.0004059           3        4360           0
   18.981     0.0038855     0.0003833           3        4360           0
   19.065     0.0017016     0.0013777           3        4360           0
   19.150     0.0012856     0.0023937           3        4360           0
   19.235     0.0013108     0.0009788           3    19009600           0
   19.404     0.0008495     0.0015406           3    19009600           0
   19.573     0.0042348     0.0012473           3    19009600           0
   19.743     0.0030049     0.0009452           3    19009600           0
   19.912     0.0038225     0.0011401           3    19009600           0
   20.081     0.0047415     0.0037540           3        4360           0
   20.251     0.0044022     0.0018520           3        4360           0
   20.420     0.0047480     0.0011363           3        4360           0
   20.590     0.0048010     0.0020423           3        4360           0
   20.759     0.0053594     0.0021249           3        4360           0
   20.928     0.0058167     0.0018447           3        4360           0
   21.097     0.0048335     0.0016712           4        4360           0
   21.267     0.0040761     0.0007835           4        4360           0
   21.436     0.0046141     0.0006411           4        4360           0
   21.606     0.0034949     0.0008013           4        4360           0
   21.775     0.0027169     0.0007590           4        4360           0
   21.944     0.0017767     0.0007285           4        4360           0
   22.114     0.0027635     0.0007731           4        4360           0
   22.283     0.0029528     0.0005782           4        4360           0
   22.452     0.0023930     0.0006409           4        4360           0
   22.622     0.0037946     0.0007432           4        4360           0
   22.791     0.0050545     0.0005111           4        4360           0
   22.960     0.0037548     0.0004504           4        4360           0
   23.130     0.0036978     0.0004991           4        4360           0
   23.299     0.0037491     0.0005541           4        4360           0
   23.469     0.0035059     0.0013800           4        4360           0
   23.638     0.0033396     0.0013806           4        4360           0
   23.807     0.0034267     0.0004897           4        4360           0
   23.976     0.0037583     0.0004749           4        4360           0
   24.146     0.0036584     0.0005513           4        4360           0
   24.315     0.0035657     0.0005629           4        4360           0
   24.485     0.0038476     0.0006546           4        4360           0
   24.654     0.0036949     0.0008308           4        4360           0
   24.823     0.0041342     0.0022794           4        4360           0
   24.993     0.0038988     0.0006838           4        4360           0
   25.162     0.0041349     0.0006362           4        4360           0
   25.331     0.0037823     0.0006223           4        4360           0
   25.501     0.0043186     0.0007358           4        4360           0
   25.670     0.0040962     0.0005629           4        4360           0
   25.839     0.0041915     0.0028659           4        4360           0
   26.009     0.0047814     0.0025127           4        4360           0
   26.178     0.0037038     0.0004831           4        4360           0
   26.347     0.0036923     0.0003281           4        4360           0
   26.517     0.0043546     0.0004586           4        4360           0
   26.686     0.0055177     0.0039469           4        4360           0
   26.856     0.0056525     0.0032412           4        4360           0
   27.025     0.0059023     0.0004599           4        4360           0
   27.194     0.0051512     0.0006451           4        4360           0
   27.364     0.0057769     0.0005999           4        4360           0
   27.533     0.0056937     0.0005981           4        4360           0
   27.702     0.0056990     0.0006019           4        4360           0
   27.872     0.0058593     0.0005904           4        4360           0
   28.041     0.0059650     0.0021136           4        4360           0
   28.210     0.0060532     0.0027763           4        4360           0
   28.380     0.0059821     0.0018430           4        4360           0
   28.549     0.0052806     0.0007827           4        4360           0
   28.719     0.0059892     0.0006438           4        4360           0
   28.888     0.0068710     0.0005339           4        4360           0
   29.057     0.0057620     0.0006775           4        4360           0
   29.226     0.0070405     0.0005456           4        4360           0
   29.396     0.0064980     0.0004200           4        4360           0
   29.565     0.0056577     0.0007804           4        4360           0
   29.735     0.0066988     0.0007254           4        4360           0
   29.904     0.0069842     0.0008225           4        4360           0
   30.073     0.0074191     0.0008933           4        4360           0
   30.243     0.0071475     0.0007487           4        4360           0
   30.412     0.0076157     0.0006192           4        4360           0
   30.581     0.0070222     0.0169753           4        4360           0
   30.751     0.0087654     0.0010337           4        4360           0
   30.920     0.0082141     0.0010176           4        4360           0
   31.089     0.0077149     0.0008896           4        4360           0
   31.259     0.0081149     0.0007357           4        4360           0
   31.428     0.0081801     0.0007689           4        4360           0
   31.597     0.0084187     0.0007650           4        4360           0
   31.767     0.0090268     0.0015778           4        4360           0
   31.936     0.0085238     0.0016830           4        4360           0
   32.105     0.0090072     0.0007374           4        4360           0
   32.275     0.0094442     0.0008779           4        4360           0
   32.444     0.0088651     0.0012355           4        4360           0
   32.614     0.0077762     0.0013509           4        4360           0
   32.783     0.0095261     0.0013314           4        4360           0
   32.952     0.0114854     0.0012159           4        4360           0
   33.122     0.0090165     0.0020562           4        4360           0
   33.291     0.0093350     0.0019133           4        4360           0
   33.460     0.0069768     0.0011258           4        4360           0
   33.630     0.0078783     0.0026615           4        4360           0
   33.799     0.0081866     0.0014680           4        4360           0
   33.968     0.0086181     0.0022641           4        4360           0
   34.138     0.0112045     0.0014237           4        4360           0
   34.307     0.0095070     0.0017750           4        4360           0
   34.477     0.0094908     0.0019612           4        4360           0
   34.646     0.0123468     0.0016791           4        4360           0
   34.815     0.0099372     0.0030678           4        4360           0
   34.985     0.0095227     0.0135149           4        4360           0
   35.154     0.0079679     0.0048669           4        4360           0
   35.323     0.0164251     0.0038145           4        4360           0
   35.493     0.0088153     0.0162828           4        4360           0
   35.662     0.0271297     0.0051309           4        4360           0
   35.831     0.0210907     0.0021363           4        4360           0
   36.001     0.0097825     0.0028506           4        4360           0
   36.170     0.0086011     0.0040314           4        4360           0
   36.339     0.0097928     0.0050481           4        4360           0
   36.509     0.0129028     0.0039548           4        4360           0
   36.678     0.0159648     0.0033867           4        4360           0
   36.847     0.0096986     0.0035602           4        4360           0
   37.017     0.0122058     0.0041282           4        4360           0
   37.186     0.0117472     0.0054434           4        4360           0
   37.355     0.0111358     0.0048410           4        4360           0
   37.525     0.0091478     0.0049807           4        4360           0
   37.694     0.0133587     0.0052336           4        4360           0
   37.864     0.0158980     0.0057452           4        4360           0
   38.033     0.0051421     0.0085334           4        4360           0
   38.202    -0.0007034     0.0109589           4        4360           0
   38.372     0.0121936     0.0087682           4        4360           0
   38.541     0.0081406     0.0179487           4        4360           0
   38.710     0.0092205     0.0157318           4        4360           0
   38.880     0.0036039     0.0161245           4        4360           0
   39.049     0.0048385     0.1251334           4        4360           0
   39.218     0.0174786     0.0529398           4        4360           0
   39.388     0.0064455     0.0157412           4        4360           0
   39.557    -0.0011651     0.0542208           4        4360           0
   39.727     0.0030586     0.0903460           4        4360           0
   39.896     0.0077781     0.0182422           4        4488           0
   40.065     0.0005458     0.0076403           4        4488           0
   40.235     0.0005095     0.0042593           4        4488           0
   40.404     0.0000354     0.0026412           4        4488           0
   40.573     0.0005264     0.0007376           4        4488           0
   40.743     0.0003512     0.0005267           4        4508           0
   40.912     0.0000404     0.0002963           4        4488           0
   41.081     0.0000193     0.0001756           4        4488           0
   41.251     0.0000351     0.0001476           4        4488           0
   41.420     0.0000085     0.0002451           4        4488           0
   41.589     0.0000932     0.0003310           4        4488           0
   41.759     0.0002494     0.0003585           4        4488           0
   41.928     0.0002531     0.0007879           4        4508           0
   42.097    -0.0000867     0.0005571           4        4508           0
   42.267     0.0011808     0.0007056           4        4488           0
