wave flux error channelflag bitflag stitchflag
    5.127     0.0005150     0.0036633           1         392           0
    5.157     0.0003170     0.0021119           1         136           0
    5.187     0.0005254     0.0009671           1         136           0
    5.217     0.0002012     0.0005919           1         136           0
    5.247     0.0001426     0.0006119           1         136           0
    5.278     0.0002697     0.0006749           1         136           0
    5.308     0.0000969     0.0006751           1         136           0
    5.338    -0.0001066     0.0005719           1         392           0
    5.368    -0.0001364     0.0006468           1         392           0
    5.399     0.0001258     0.0006441           1       16776           0
    5.429     0.0000547     0.0006206           1       16796           0
    5.459     0.0000128     0.0006244           1       16796           0
    5.489     0.0002082     0.0005790           1         392           0
    5.520     0.0003548     0.0005338           1         392           0
    5.550    -0.0000965     0.0005771           1         392           0
    5.580    -0.0001494     0.0005185           1         392           0
    5.610     0.0000276     0.0005163           1         392           0
    5.641    -0.0002746     0.0004886           1        8468           0
    5.671     0.0000562     0.0004870           1        8468           0
    5.701     0.0001786     0.0004408           1         392           0
    5.731     0.0002720     0.0004463           1         392           0
    5.762    -0.0000873     0.0004793           1         412           0
    5.792    -0.0000515     0.0004457           1         412           0
    5.822    -0.0001520     0.0004638           1         392           0
    5.852    -0.0000989     0.0004588           1         392           0
    5.883     0.0001290     0.0005103           1         392           0
    5.913     0.0001830     0.0004899           1         136           0
    5.943     0.0000572     0.0004519           1         136           0
    5.973     0.0001870     0.0004724           1         136           0
    6.004     0.0001810     0.0004933           1         136           0
    6.034    -0.0000956     0.0004473           1         136           0
    6.064     0.0000788     0.0004382           1         392           0
    6.094     0.0005084     0.0003860           1         392           0
    6.125     0.0002466     0.0004529           1         392           0
    6.155     0.0002326     0.0004571           1         392           0
    6.185     0.0000829     0.0004843           1         392           0
    6.215     0.0005957     0.0004673           1         392           0
    6.245     0.0002946     0.0004887           1         392           0
    6.276     0.0003645     0.0005065           1         392           0
    6.306    -0.0002191     0.0004360           1         392           0
    6.336     0.0000401     0.0004047           1         392           0
    6.366     0.0001988     0.0004376           1         392           0
    6.397     0.0008801     0.0003659           1         392           0
    6.427     0.0003843     0.0003976           1         392           0
    6.457     0.0004308     0.0003728           1         392           0
    6.487     0.0002988     0.0004112           1         392           0
    6.518     0.0011831     0.0005640           1         392           0
    6.548     0.0008018     0.0006733           1         392           0
    6.578     0.0007331     0.0008659           1         392           0
    6.608     0.0004645     0.0007899           1         392           0
    6.639     0.0002528     0.0007147           1         136           0
    6.669     0.0005888     0.0006905           1         136           0
    6.699     0.0004035     0.0007132           1         136           0
    6.729    -0.0000059     0.0006948           1         136           0
    6.760    -0.0003155     0.0007901           1         136           0
    6.790     0.0001971     0.0008864           1         392           0
    6.820     0.0006219     0.0009772           1         392           0
    6.850     0.0000101     0.0008386           1         392           0
    6.881     0.0003706     0.0008349           1         392           0
    6.911     0.0008831     0.0008107           1         392           0
    6.941     0.0010248     0.0008744           1         392           0
    6.971     0.0000472     0.0008674           1         392           0
    7.002     0.0006707     0.0008431           1         392           0
    7.032     0.0008630     0.0008135           1         392           0
    7.062     0.0005551     0.0008145           1         392           0
    7.092     0.0004521     0.0007536           1         392           0
    7.122     0.0007725     0.0008228           1         392           0
    7.153     0.0000773     0.0006782           1         392           0
    7.183     0.0007348     0.0007546           1         392           0
    7.213    -0.0002797     0.0006663           1         392           0
    7.243     0.0004463     0.0008197           1         392           0
    7.274     0.0005462     0.0008458           1         392           0
    7.304     0.0005083     0.0008339           1         392           0
    7.334     0.0006584     0.0009556           1       53312           0
    7.395     0.0006494     0.0012960           1       18496           0
    7.455     0.0010385     0.0010725           1       18496           0
    7.516     0.0008588     0.0010302           1       53312           0
    7.576     0.0002250     0.0013076           1      153664           0
    7.637     0.0017530     0.0002840           1         392           0
    7.697     0.0032780     0.0003801           1         392           0
    7.758     0.0030779     0.0004740           1         392           0
    7.818     0.0026826     0.0004270           1         392           0
    7.879     0.0026690     0.0003907           1         392           0
    7.939     0.0025604     0.0003756           1         392           0
    8.000     0.0022095     0.0003784           1         392           0
    8.060     0.0023762     0.0003712           1         392           0
    8.120     0.0024951     0.0003660           1         392           0
    8.181     0.0028357     0.0004158           1         392           0
    8.241     0.0016808     0.0004380           1         392           0
    8.302     0.0014550     0.0004889           1         392           0
    8.362     0.0014247     0.0002512           2       16796           0
    8.423     0.0013138     0.0002490           2       16796           0
    8.483     0.0016000     0.0002695           2       16792           0
    8.544     0.0016658     0.0002709           2       16776           0
    8.604     0.0013889     0.0003045           2         392           0
    8.665     0.0017916     0.0002486           2         392           0
    8.725     0.0017385     0.0002630           2         392           0
    8.786     0.0019969     0.0002680           2         392           0
    8.846     0.0023688     0.0002511           2         392           0
    8.907     0.0026855     0.0002849           2         392           0
    8.967     0.0016533     0.0003216           2         392           0
    9.028     0.0016494     0.0003144           2         136           0
    9.088     0.0012606     0.0003260           2         136           0
    9.149     0.0012478     0.0003236           2         136           0
    9.209     0.0011510     0.0003079           2         136           0
    9.270     0.0006261     0.0004363           2         136           0
    9.330     0.0007198     0.0003898           2         136           0
    9.391     0.0011790     0.0002892           2         392           0
    9.451     0.0004684     0.0004320           2         392           0
    9.512     0.0002774     0.0003875           2         392           0
    9.572     0.0004230     0.0003751           2         392           0
    9.633     0.0003160     0.0003389           2         392           0
    9.693     0.0002952     0.0003531           2         392           0
    9.754    -0.0004812     0.0003659           2       16796           0
    9.814     0.0000917     0.0003193           2       16796           0
    9.875     0.0007580     0.0002747           2         392           0
    9.935     0.0013928     0.0002262           2         392           0
    9.995     0.0013793     0.0002235           2         392           0
   10.056     0.0009014     0.0002002           2         392           0
   10.116     0.0002921     0.0002903           2         392           0
   10.177     0.0005191     0.0002397           2         392           0
   10.237     0.0003451     0.0002797           2         392           0
   10.298     0.0004438     0.0002437           2         392           0
   10.358     0.0004694     0.0002888           2         392           0
   10.419     0.0004907     0.0003183           2         392           0
   10.479     0.0005284     0.0002743           2         392           0
   10.540     0.0003199     0.0003086           2         392           0
   10.600     0.0004407     0.0003181           2         392           0
   10.661     0.0003473     0.0003153           2         392           0
   10.721     0.0008778     0.0002502           2         392           0
   10.782     0.0008917     0.0002257           2         392           0
   10.842     0.0007983     0.0003054           2         392           0
   10.903     0.0007718     0.0003052           2         392           0
   10.963     0.0009184     0.0003147           2         392           0
   11.024     0.0008335     0.0003483           2         392           0
   11.084     0.0013686     0.0002963           2         392           0
   11.145     0.0014523     0.0003007           2         392           0
   11.205     0.0008238     0.0003733           2         392           0
   11.266     0.0018545     0.0003094           2         392           0
   11.326     0.0017564     0.0003048           2         392           0
   11.387     0.0022988     0.0003232           2         412           0
   11.447     0.0024119     0.0003431           2         412           0
   11.508     0.0041900     0.0003422           2         392           0
   11.568     0.0062963     0.0003125           2         392           0
   11.628     0.0063253     0.0003324           2         392           0
   11.689     0.0054826     0.0003492           2         392           0
   11.750     0.0034442     0.0003270           2         392           0
   11.810     0.0030710     0.0003104           2         392           0
   11.870     0.0034174     0.0003256           2         392           0
   11.931     0.0025073     0.0002949           2         392           0
   11.991     0.0023231     0.0002900           2         392           0
   12.052     0.0019768     0.0002882           2         392           0
   12.112     0.0020449     0.0003097           2         392           0
   12.173     0.0023883     0.0003005           2         392           0
   12.233     0.0025423     0.0003034           2         392           0
   12.294     0.0020966     0.0003169           2         392           0
   12.354     0.0022567     0.0003359           2         392           0
   12.415     0.0026525     0.0003056           2         392           0
   12.475     0.0024973     0.0002978           2         392           0
   12.536     0.0021792     0.0003044           2         392           0
   12.596     0.0025903     0.0002892           2         392           0
   12.657     0.0021720     0.0002120           2         392           0
   12.717     0.0026728     0.0002978           2         392           0
   12.778     0.0028171     0.0003005           2         392           0
   12.838     0.0032374     0.0003013           2         392           0
   12.899     0.0030237     0.0003217           2         392           0
   12.959     0.0024260     0.0003423           2         392           0
   13.020     0.0032036     0.0003401           2         392           0
   13.080     0.0035995     0.0003416           2         392           0
   13.141     0.0041554     0.0003741           2         392           0
   13.201     0.0046083     0.0003827           2         392           0
   13.262     0.0041537     0.0003628           2         392           0
   13.322     0.0026645     0.0003847           2         392           0
   13.383     0.0016023     0.0004979           2         392           0
   13.443     0.0018132     0.0005198           2         392           0
   13.503     0.0017557     0.0005429           2         392           0
   13.564     0.0012620     0.0005359           2         392           0
   13.625     0.0009311     0.0006313           2         392           0
   13.685     0.0007518     0.0006774           2         392           0
   13.745     0.0014217     0.0005987           2         392           0
   13.806     0.0010264     0.0007669           2         392           0
   13.866     0.0008429     0.0007246           2         392           0
   13.927     0.0013006     0.0006496           2         392           0
   13.987     0.0027685     0.0005445           2         392           0
   14.048     0.0007258     0.0008007           2         392           0
   14.069     0.0029320     0.0005132           3        4360           0
   14.154     0.0023286     0.0014508           3        4360           0
   14.239     0.0021350     0.0013657           3        4360           0
   14.323     0.0021308     0.0015611           3        4360           0
   14.408     0.0021187     0.0011069           3        4360           0
   14.493     0.0021732     0.0003827           3        4360           0
   14.577     0.0020151     0.0007378           3        4360           0
   14.662     0.0025568     0.0013891           3        4360           0
   14.747     0.0020661     0.0017154           3        4360           0
   14.832     0.0020269     0.0018748           3        4360           0
   14.916     0.0024112     0.0004834           3        4360           0
   15.001     0.0013578     0.0004783           3        4360           0
   15.085     0.0020219     0.0004579           3        4360           0
   15.170     0.0020249     0.0004608           3        4360           0
   15.255     0.0017955     0.0004765           3        4360           0
   15.340     0.0019275     0.0004267           3        4360           0
   15.424     0.0013324     0.0004053           3        4360           0
   15.509     0.0016662     0.0003484           3        4360           0
   15.594     0.0018735     0.0003793           3        4360           0
   15.678     0.0016153     0.0003900           3        4360           0
   15.763     0.0013805     0.0003185           3        4360           0
   15.848     0.0014184     0.0003942           3        4360           0
   15.932     0.0021334     0.0004287           3        4360           0
   16.017     0.0025895     0.0004426           3        4360           0
   16.102     0.0022135     0.0005518           3        4360           0
   16.186     0.0015379     0.0005702           3        4360           0
   16.271     0.0023197     0.0005481           3        4360           0
   16.356     0.0028845     0.0005146           3        4360           0
   16.440     0.0020422     0.0005330           3        4360           0
   16.525     0.0018465     0.0004583           3        4360           0
   16.610     0.0014665     0.0003494           3        4360           0
   16.694     0.0021546     0.0003509           3        4360           0
   16.779     0.0025756     0.0004415           3        4360           0
   16.864     0.0035226     0.0006721           3        4360           0
   16.948     0.0047720     0.0004194           3        4360           0
   17.033     0.0042681     0.0022311           3        4360           0
   17.118     0.0029512     0.0012423           3        4360           0
   17.202     0.0032533     0.0005293           3        4360           0
   17.287     0.0044169     0.0010516           3        4360           0
   17.372     0.0035904     0.0006375           3        4360           0
   17.456     0.0044934     0.0006064           3        4360           0
   17.541     0.0047308     0.0005413           3        4360           0
   17.626     0.0048118     0.0015051           3        4360           0
   17.711     0.0039517     0.0010598           3        4360           0
   17.795     0.0037827     0.0005208           3        4360           0
   17.880     0.0042706     0.0005418           3        4360           0
   17.965     0.0038648     0.0005735           3        4360           0
   18.049     0.0032507     0.0005627           3        4360           0
   18.134     0.0025518     0.0005864           3        4360           0
   18.219     0.0026401     0.0006840           3        4360           0
   18.303     0.0036376     0.0004900           3        4360           0
   18.388     0.0034836     0.0007056           3        4360           0
   18.472     0.0032013     0.0006172           3        4360           0
   18.557     0.0025283     0.0007889           3        4360           0
   18.642     0.0029693     0.0006627           3        4360           0
   18.727     0.0024580     0.0005642           3        4360           0
   18.811     0.0024032     0.0006129           3        4360           0
   18.896     0.0024148     0.0006044           3        4360           0
   18.981     0.0025685     0.0005662           3        4360           0
   19.065     0.0025493     0.0006249           3        4360           0
   19.150     0.0028113     0.0006798           3        4360           0
   19.235     0.0021410     0.0010081           3    19009600           0
   19.404     0.0026437     0.0023536           3    19009600           0
   19.573     0.0020642     0.0011457           3    19009600           0
   19.743     0.0022460     0.0010628           3    19009600           0
   19.912     0.0013521     0.0012049           3    19009600           0
   20.081     0.0021145     0.0035289           3        4360           0
   20.251     0.0030086     0.0018714           3        4360           0
   20.420     0.0024473     0.0012113           3        4360           0
   20.590     0.0019409     0.0012141           3        4360           0
   20.759     0.0021559     0.0017921           3        4360           0
   20.928     0.0026486     0.0016938           3        4360           0
   21.097     0.0022930     0.0006186           4        4360           0
   21.267     0.0025732     0.0006784           4        4360           0
   21.436     0.0033843     0.0007936           4        4360           0
   21.606     0.0024158     0.0015630           4        4360           0
   21.775     0.0024603     0.0007224           4        4360           0
   21.944     0.0045472     0.0007450           4        4360           0
   22.114     0.0026997     0.0007330           4        4360           0
   22.283     0.0030945     0.0041828           4        4360           0
   22.452     0.0027814     0.0006480           4        4360           0
   22.622     0.0023218     0.0007174           4        4360           0
   22.791     0.0028549     0.0005879           4        4360           0
   22.960     0.0027749     0.0004566           4        4360           0
   23.130     0.0029941     0.0005213           4        4360           0
   23.299     0.0028036     0.0005539           4        4360           0
   23.469     0.0022143     0.0007344           4        4360           0
   23.638     0.0023874     0.0019980           4        4360           0
   23.807     0.0024622     0.0019047           4        4360           0
   23.976     0.0025230     0.0004854           4        4360           0
   24.146     0.0031717     0.0005702           4        4360           0
   24.315     0.0035277     0.0005702           4        4360           0
   24.485     0.0029351     0.0006680           4        4360           0
   24.654     0.0029270     0.0005535           4        4360           0
   24.823     0.0028187     0.0006206           4        4360           0
   24.993     0.0032517     0.0006957           4        4360           0
   25.162     0.0027125     0.0007282           4        4360           0
   25.331     0.0032511     0.0005229           4        4360           0
   25.501     0.0032003     0.0006736           4        4360           0
   25.670     0.0032315     0.0007176           4        4360           0
   25.839     0.0039893     0.0037386           4        4360           0
   26.009     0.0032935     0.0010729           4        4360           0
   26.178     0.0036364     0.0004573           4        4360           0
   26.347     0.0035926     0.0004090           4        4360           0
   26.517     0.0034170     0.0004747           4        4360           0
   26.686     0.0039739     0.0005760           4        4360           0
   26.856     0.0041767     0.0005710           4        4360           0
   27.025     0.0039903     0.0005611           4        4360           0
   27.194     0.0038263     0.0005941           4        4360           0
   27.364     0.0037601     0.0005790           4        4360           0
   27.533     0.0035781     0.0005293           4        4360           0
   27.702     0.0034933     0.0006245           4        4360           0
   27.872     0.0037157     0.0006232           4        4360           0
   28.041     0.0041097     0.0007073           4        4360           0
   28.210     0.0025391     0.0007730           4        4360           0
   28.380     0.0037834     0.0007598           4        4360           0
   28.549     0.0040622     0.0006916           4        4360           0
   28.719     0.0038772     0.0006158           4        4360           0
   28.888     0.0054372     0.0005529           4        4360           0
   29.057     0.0049802     0.0006689           4        4360           0
   29.226     0.0037181     0.0007081           4        4360           0
   29.396     0.0029096     0.0008820           4        4360           0
   29.565     0.0030847     0.0008601           4        4360           0
   29.735     0.0037539     0.0007621           4        4360           0
   29.904     0.0045362     0.0009065           4        4360           0
   30.073     0.0042144     0.0009567           4        4360           0
   30.243     0.0041037     0.0016366           4        4360           0
   30.412     0.0037163     0.0009700           4        4360           0
   30.581     0.0043722     0.0010942           4        4360           0
   30.751     0.0043478     0.0009569           4        4360           0
   30.920     0.0045451     0.0009711           4        4360           0
   31.089     0.0051313     0.0024483           4        4360           0
   31.259     0.0052132     0.0009999           4        4360           0
   31.428     0.0050327     0.0007663           4        4360           0
   31.597     0.0053892     0.0007341           4        4360           0
   31.767     0.0049358     0.0007751           4        4360           0
   31.936     0.0042011     0.0008527           4        4360           0
   32.105     0.0046387     0.0009393           4        4360           0
   32.275     0.0042241     0.0010644           4        4360           0
   32.444     0.0037870     0.0011362           4        4360           0
   32.614     0.0039042     0.0013640           4        4360           0
   32.783     0.0058428     0.0013002           4        4360           0
   32.952     0.0051179     0.0013543           4        4360           0
   33.122     0.0058931     0.0024864           4        4360           0
   33.291     0.0051241     0.0026601           4        4360           0
   33.460     0.0063730     0.0031282           4        4360           0
   33.630     0.0078538     0.0016288           4        4360           0
   33.799     0.0058979     0.0016297           4        4360           0
   33.968     0.0064762     0.0025003           4        4360           0
   34.138     0.0080568     0.0032025           4        4360           0
   34.307     0.0074042     0.0031928           4        4360           0
   34.477     0.0097058     0.0022835           4        4360           0
   34.646     0.0093351     0.0017614           4        4360           0
   34.815     0.0070014     0.0040024           4        4360           0
   34.985     0.0060435     0.0198675           4        4360           0
   35.154     0.0058720     0.0064689           4        4360           0
   35.323     0.0035471     0.0079083           4        4360           0
   35.493     0.0035505     0.0068565           4        4360           0
   35.662     0.0082302     0.0042754           4        4360           0
   35.831     0.0136514     0.0032726           4        4360           0
   36.001     0.0108794     0.0027005           4        4360           0
   36.170     0.0064291     0.0025274           4        4360           0
   36.339     0.0059821     0.0030668           4        4360           0
   36.509     0.0074829     0.0040646           4        4360           0
   36.678     0.0056703     0.0034558           4        4360           0
   36.847     0.0048643     0.0042328           4        4360           0
   37.017     0.0085215     0.0064809           4        4360           0
   37.186     0.0100674     0.0043511           4        4360           0
   37.355     0.0068027     0.0051357           4        4360           0
   37.525     0.0070362     0.0047513           4        4360           0
   37.694     0.0065795     0.0051977           4        4360           0
   37.864     0.0091181     0.0108349           4        4360           0
   38.033     0.0157067     0.0280593           4        4360           0
   38.202     0.0185642     0.0345721           4        4360           0
   38.372     0.0061863     0.0117230           4        4360           0
   38.541     0.0011249     0.0327454           4        4360           0
   38.710     0.0139440     0.0178539           4        4360           0
   38.880     0.0088015     0.0649405           4        4360           0
   39.049     0.0718121     0.3186716           4        4360           0
   39.218     0.0251633     0.1188371           4        4360           0
   39.388    -0.0023131     0.0255942           4        4360           0
   39.557     0.0050199     0.0429530           4        4360           0
   39.727     0.0066199     0.0742064           4        4360           0
   39.896     0.0042884     0.0245286           4        4488           0
   40.065     0.0012737     0.0082028           4        4488           0
   40.235     0.0013445     0.0038992           4        4488           0
   40.404     0.0014924     0.0019986           4        4488           0
   40.573    -0.0012351     0.0010189           4        4488           0
   40.743    -0.0004198     0.0004112           4        4508           0
   40.912    -0.0000236     0.0001703           4        4488           0
   41.081     0.0000000     0.0001106           4        4488           0
   41.251    -0.0000028     0.0001404           4        4488           0
   41.420    -0.0000090     0.0002439           4        4488           0
   41.589     0.0000027     0.0003337           4        4488           0
   41.759     0.0007524     0.0003237           4        4488           0
   41.928     0.0000378     0.0008685           4        4508           0
   42.097     0.0001112     0.0005206           4        4508           0
   42.267     0.0009111     0.0007355           4        4488           0
