wave flux error channelflag bitflag stitchflag
    5.127     0.0002426     0.0045427           1         392           0
    5.157     0.0002573     0.0030499           1         136           0
    5.187    -0.0002887     0.0011189           1         136           0
    5.217    -0.0000173     0.0006816           1         136           0
    5.247     0.0002793     0.0007009           1         136           0
    5.278     0.0000439     0.0007179           1         136           0
    5.308     0.0002646     0.0006841           1         136           0
    5.338     0.0000983     0.0006691           1         392           0
    5.368     0.0003456     0.0006438           1         392           0
    5.399     0.0004915     0.0007520           1       16776           0
    5.429     0.0009772     0.0006770           1       16796           0
    5.459     0.0004446     0.0006309           1       16796           0
    5.489     0.0004253     0.0005843           1         392           0
    5.520    -0.0001308     0.0005832           1         392           0
    5.550     0.0001126     0.0004802           1         392           0
    5.580    -0.0000459     0.0005848           1         392           0
    5.610    -0.0001950     0.0005999           1         392           0
    5.641     0.0000089     0.0009222           1        8468           0
    5.671     0.0001049     0.0005380           1        8468           0
    5.701     0.0003353     0.0005360           1         392           0
    5.731     0.0000230     0.0005477           1         392           0
    5.762     0.0000082     0.0005140           1         412           0
    5.792    -0.0003282     0.0005370           1         412           0
    5.822    -0.0000140     0.0005334           1         392           0
    5.852     0.0000234     0.0005562           1         392           0
    5.883    -0.0000017     0.0005990           1         392           0
    5.913     0.0000311     0.0005594           1         136           0
    5.943     0.0001403     0.0005823           1         136           0
    5.973     0.0003263     0.0005943           1         136           0
    6.004     0.0000690     0.0006107           1         136           0
    6.034     0.0000813     0.0006118           1         136           0
    6.064     0.0008367     0.0005959           1         392           0
    6.094     0.0010134     0.0004687           1         392           0
    6.125     0.0008336     0.0005935           1         392           0
    6.155     0.0005843     0.0005593           1         392           0
    6.185     0.0003718     0.0005463           1         392           0
    6.215     0.0006411     0.0006139           1         392           0
    6.245     0.0008825     0.0005426           1         392           0
    6.276     0.0009367     0.0005858           1         392           0
    6.306     0.0006436     0.0005976           1         392           0
    6.336     0.0003124     0.0006256           1         392           0
    6.366     0.0003020     0.0006034           1         392           0
    6.397     0.0007717     0.0005515           1         392           0
    6.427     0.0002620     0.0006274           1         392           0
    6.457    -0.0002294     0.0006109           1         392           0
    6.487     0.0002868     0.0006155           1         392           0
    6.518    -0.0000087     0.0006781           1         392           0
    6.548    -0.0000372     0.0007337           1         392           0
    6.578    -0.0000965     0.0008997           1         392           0
    6.608     0.0002663     0.0007932           1         392           0
    6.639     0.0004973     0.0007252           1         136           0
    6.669     0.0005520     0.0007601           1         136           0
    6.699     0.0005529     0.0007343           1         136           0
    6.729     0.0002736     0.0007738           1         136           0
    6.760     0.0003847     0.0008025           1         136           0
    6.790     0.0009139     0.0007041           1         392           0
    6.820     0.0004983     0.0008931           1         392           0
    6.850     0.0005007     0.0008680           1         392           0
    6.881     0.0019808     0.0007706           1         392           0
    6.911     0.0021524     0.0009486           1         392           0
    6.941     0.0035477     0.0007741           1         392           0
    6.971     0.0031196     0.0007662           1         392           0
    7.002     0.0024163     0.0009809           1         392           0
    7.032     0.0019622     0.0009889           1         392           0
    7.062     0.0021749     0.0009822           1         392           0
    7.092     0.0019206     0.0008942           1         392           0
    7.122     0.0016254     0.0008496           1         392           0
    7.153     0.0016557     0.0007801           1         392           0
    7.183     0.0022244     0.0007656           1         392           0
    7.213     0.0008724     0.0009529           1         392           0
    7.243     0.0009593     0.0009264           1         392           0
    7.274     0.0008803     0.0009850           1         392           0
    7.304     0.0008614     0.0010705           1         392           0
    7.334     0.0022116     0.0013081           1       53312           0
    7.395     0.0005885     0.0014373           1       18496           0
    7.455     0.0006651     0.0013441           1       18496           0
    7.516     0.0011483     0.0011944           1       53312           0
    7.576     0.0005752     0.0015316           1      153664           0
    7.637     0.0012916     0.0005684           1         392           0
    7.697     0.0015732     0.0005434           1         392           0
    7.758     0.0014749     0.0007337           1         392           0
    7.818     0.0021072     0.0006838           1         392           0
    7.879     0.0020996     0.0007410           1         392           0
    7.939     0.0014260     0.0007265           1         392           0
    8.000     0.0019125     0.0006300           1         392           0
    8.060     0.0021412     0.0006175           1         392           0
    8.120     0.0022519     0.0005229           1         392           0
    8.181     0.0022989     0.0005303           1         392           0
    8.241     0.0028489     0.0004990           1         392           0
    8.302     0.0033608     0.0005374           1         392           0
    8.362     0.0044716     0.0003524           2       16796           0
    8.423     0.0052000     0.0003566           2       16796           0
    8.483     0.0059577     0.0003655           2       16792           0
    8.544     0.0061950     0.0003670           2       16776           0
    8.604     0.0053439     0.0003797           2         392           0
    8.665     0.0055472     0.0003482           2         392           0
    8.725     0.0056127     0.0003420           2         392           0
    8.786     0.0055457     0.0003740           2         392           0
    8.846     0.0054410     0.0003300           2         392           0
    8.907     0.0048546     0.0003843           2         392           0
    8.967     0.0041857     0.0004002           2         392           0
    9.028     0.0038023     0.0003752           2         136           0
    9.088     0.0035505     0.0003881           2         136           0
    9.149     0.0031273     0.0003973           2         136           0
    9.209     0.0030269     0.0004042           2         136           0
    9.270     0.0033708     0.0003845           2         136           0
    9.330     0.0033716     0.0003954           2         136           0
    9.391     0.0034423     0.0004127           2         392           0
    9.451     0.0040080     0.0004568           2         392           0
    9.512     0.0032012     0.0003296           2         392           0
    9.572     0.0038232     0.0003884           2         392           0
    9.633     0.0035958     0.0003483           2         392           0
    9.693     0.0035045     0.0003541           2         392           0
    9.754     0.0031291     0.0003289           2       16796           0
    9.814     0.0026028     0.0003132           2       16796           0
    9.875     0.0021273     0.0003260           2         392           0
    9.935     0.0020894     0.0003541           2         392           0
    9.995     0.0015601     0.0003280           2         392           0
   10.056     0.0011668     0.0003071           2         392           0
   10.116     0.0012749     0.0003179           2         392           0
   10.177     0.0015002     0.0003363           2         392           0
   10.237     0.0014495     0.0002960           2         392           0
   10.298     0.0016060     0.0003019           2         392           0
   10.358     0.0014388     0.0003112           2         392           0
   10.419     0.0011521     0.0002906           2         392           0
   10.479     0.0010254     0.0003037           2         392           0
   10.540     0.0006060     0.0003513           2         392           0
   10.600     0.0012227     0.0003285           2         392           0
   10.661     0.0012643     0.0003106           2         392           0
   10.721     0.0013227     0.0003353           2         392           0
   10.782     0.0011975     0.0003704           2         392           0
   10.842     0.0011576     0.0003557           2         392           0
   10.903     0.0010008     0.0003559           2         392           0
   10.963     0.0010373     0.0003482           2         392           0
   11.024     0.0012563     0.0003435           2         392           0
   11.084     0.0012540     0.0004557           2         392           0
   11.145     0.0011926     0.0004308           2         392           0
   11.205     0.0009398     0.0004846           2         392           0
   11.266     0.0010062     0.0004555           2         392           0
   11.326     0.0007046     0.0004542           2         392           0
   11.387     0.0005598     0.0004489           2         412           0
   11.447     0.0004183     0.0004996           2         412           0
   11.508     0.0008876     0.0004321           2         392           0
   11.568     0.0011630     0.0004541           2         392           0
   11.628     0.0009991     0.0006705           2         392           0
   11.689     0.0014439     0.0005471           2         392           0
   11.750     0.0014068     0.0005136           2         392           0
   11.810     0.0019688     0.0004655           2         392           0
   11.870     0.0020533     0.0005075           2         392           0
   11.931     0.0012999     0.0005263           2         392           0
   11.991     0.0017718     0.0005587           2         392           0
   12.052     0.0018774     0.0005819           2         392           0
   12.112     0.0012117     0.0005410           2         392           0
   12.173     0.0011786     0.0004554           2         392           0
   12.233     0.0017376     0.0004619           2         392           0
   12.294     0.0023255     0.0004795           2         392           0
   12.354     0.0025256     0.0004694           2         392           0
   12.415     0.0031757     0.0004556           2         392           0
   12.475     0.0047816     0.0004329           2         392           0
   12.536     0.0068808     0.0004784           2         392           0
   12.596     0.0084672     0.0004391           2         392           0
   12.657     0.0078201     0.0004166           2         392           0
   12.717     0.0063774     0.0004292           2         392           0
   12.778     0.0047119     0.0004332           2         392           0
   12.838     0.0040619     0.0004314           2         392           0
   12.899     0.0042423     0.0004246           2         392           0
   12.959     0.0039094     0.0004418           2         392           0
   13.020     0.0033187     0.0004591           2         392           0
   13.080     0.0031733     0.0004581           2         392           0
   13.141     0.0029765     0.0004915           2         392           0
   13.201     0.0025411     0.0005056           2         392           0
   13.262     0.0030202     0.0005442           2         392           0
   13.322     0.0026501     0.0005286           2         392           0
   13.383     0.0018716     0.0006362           2         392           0
   13.443     0.0030027     0.0005307           2         392           0
   13.503     0.0033924     0.0006086           2         392           0
   13.564     0.0034850     0.0005614           2         392           0
   13.625     0.0033691     0.0005961           2         392           0
   13.685     0.0033794     0.0006570           2         392           0
   13.745     0.0031485     0.0007284           2         392           0
   13.806     0.0038968     0.0006555           2         392           0
   13.866     0.0038520     0.0006805           2         392           0
   13.927     0.0043903     0.0007508           2         392           0
   13.987     0.0043238     0.0007384           2         392           0
   14.069     0.0054902     0.0005928           3        4360           0
   14.154     0.0055425     0.0005420           3        4360           0
   14.239     0.0065082     0.0004489           3        4360           0
   14.323     0.0082436     0.0004167           3        4360           0
   14.408     0.0072799     0.0003413           3        4360           0
   14.493     0.0047720     0.0009587           3        4360           0
   14.577     0.0036289     0.0009872           3        4360           0
   14.662     0.0035324     0.0014090           3        4360           0
   14.747     0.0039300     0.0021549           3        4360           0
   14.832     0.0044299     0.0021635           3        4360           0
   14.916     0.0035905     0.0004598           3        4360           0
   15.001     0.0033730     0.0004711           3        4360           0
   15.085     0.0031051     0.0005158           3        4360           0
   15.170     0.0033445     0.0004775           3        4360           0
   15.255     0.0033104     0.0005233           3        4360           0
   15.340     0.0030089     0.0003637           3        4360           0
   15.424     0.0032431     0.0004295           3        4360           0
   15.509     0.0027330     0.0005433           3        4360           0
   15.594     0.0023394     0.0012997           3        4360           0
   15.678     0.0020953     0.0003588           3        4360           0
   15.763     0.0020548     0.0003650           3        4360           0
   15.848     0.0028290     0.0004658           3        4360           0
   15.932     0.0031374     0.0008873           3        4360           0
   16.017     0.0027674     0.0007824           3        4360           0
   16.102     0.0021207     0.0004380           3        4360           0
   16.186     0.0024500     0.0006342           3        4360           0
   16.271     0.0021270     0.0005600           3        4360           0
   16.356     0.0023228     0.0017484           3        4360           0
   16.440     0.0025809     0.0006748           3        4360           0
   16.525     0.0020892     0.0016337           3        4360           0
   16.610     0.0021228     0.0016029           3        4360           0
   16.694     0.0019618     0.0014814           3        4360           0
   16.779     0.0021123     0.0005311           3        4360           0
   16.864     0.0020911     0.0015054           3        4360           0
   16.948     0.0020882     0.0004972           3        4360           0
   17.033     0.0019794     0.0005808           3        4360           0
   17.118     0.0014828     0.0010680           3        4360           0
   17.202     0.0017695     0.0007759           3        4360           0
   17.287     0.0025312     0.0006174           3        4360           0
   17.372     0.0025596     0.0007767           3        4360           0
   17.456     0.0031118     0.0008503           3        4360           0
   17.541     0.0031513     0.0006178           3        4360           0
   17.626     0.0028545     0.0006611           3        4360           0
   17.711     0.0027106     0.0009818           3        4360           0
   17.795     0.0025745     0.0010153           3        4360           0
   17.880     0.0027124     0.0006300           3        4360           0
   17.965     0.0030020     0.0006272           3        4360           0
   18.049     0.0027551     0.0008521           3        4360           0
   18.134     0.0032085     0.0034023           3        4360           0
   18.219     0.0024830     0.0006065           3        4360           0
   18.303     0.0042337     0.0007234           3        4360           0
   18.388     0.0058754     0.0007957           3        4360           0
   18.472     0.0055330     0.0010190           3        4360           0
   18.557     0.0040463     0.0008972           3        4360           0
   18.642     0.0042742     0.0019107           3        4360           0
   18.727     0.0046816     0.0013695           3        4360           0
   18.811     0.0051411     0.0006948           3        4360           0
   18.896     0.0048956     0.0007733           3        4360           0
   18.981     0.0049023     0.0008709           3        4360           0
   19.065     0.0062556     0.0012769           3        4360           0
   19.150     0.0066805     0.0006440           3        4360           0
   19.235     0.0039340     0.0025023           3    19009600           0
   19.404     0.0047114     0.0018052           3    19009600           0
   19.573     0.0024798     0.0011163           3    19009600           0
   19.743     0.0038771     0.0010212           3    19009600           0
   19.912     0.0041079     0.0013144           3    19009600           0
   20.081     0.0030786     0.0040916           3        4360           0
   20.251     0.0018695     0.0035722           3        4360           0
   20.420     0.0031164     0.0020314           3        4360           0
   20.590     0.0032641     0.0020790           3        4360           0
   20.759     0.0038297     0.0015999           3        4360           0
   20.928     0.0053030     0.0023588           3        4360           0
   21.097     0.0056685     0.0005848           4        4360           0
   21.267     0.0044902     0.0008433           4        4360           0
   21.436     0.0040803     0.0007494           4        4360           0
   21.606     0.0043499     0.0006626           4        4360           0
   21.775     0.0025880     0.0006502           4        4360           0
   21.944    -0.0008333     0.0007873           4        4360           0
   22.114     0.0036038     0.0014164           4        4360           0
   22.283     0.0036117     0.0006368           4        4360           0
   22.452     0.0034449     0.0006759           4        4360           0
   22.622     0.0035886     0.0007165           4        4360           0
   22.791     0.0035249     0.0036862           4        4360           0
   22.960     0.0040881     0.0025174           4        4360           0
   23.130     0.0042388     0.0011907           4        4360           0
   23.299     0.0043723     0.0009114           4        4360           0
   23.469     0.0042786     0.0006812           4        4360           0
   23.638     0.0044581     0.0006304           4        4360           0
   23.807     0.0048876     0.0004975           4        4360           0
   23.976     0.0039571     0.0004520           4        4360           0
   24.146     0.0046001     0.0006543           4        4360           0
   24.315     0.0043406     0.0006274           4        4360           0
   24.485     0.0041288     0.0006547           4        4360           0
   24.654     0.0047809     0.0009573           4        4360           0
   24.823     0.0045100     0.0026419           4        4360           0
   24.993     0.0052197     0.0007239           4        4360           0
   25.162     0.0077806     0.0004549           4        4360           0
   25.331     0.0065447     0.0006457           4        4360           0
   25.501     0.0051287     0.0025630           4        4360           0
   25.670     0.0060358     0.0029706           4        4360           0
   25.839     0.0049644     0.0028680           4        4360           0
   26.009     0.0064857     0.0010656           4        4360           0
   26.178     0.0076694     0.0025930           4        4360           0
   26.347     0.0058576     0.0010669           4        4360           0
   26.517     0.0061480     0.0011871           4        4360           0
   26.686     0.0056401     0.0041019           4        4360           0
   26.856     0.0055492     0.0037395           4        4360           0
   27.025     0.0054046     0.0031271           4        4360           0
   27.194     0.0050007     0.0005480           4        4360           0
   27.364     0.0061026     0.0006883           4        4360           0
   27.533     0.0062298     0.0005699           4        4360           0
   27.702     0.0059066     0.0006591           4        4360           0
   27.872     0.0062256     0.0007019           4        4360           0
   28.041     0.0076148     0.0009121           4        4360           0
   28.210     0.0064597     0.0039150           4        4360           0
   28.380     0.0069335     0.0029728           4        4360           0
   28.549     0.0060051     0.0050007           4        4360           0
   28.719     0.0070275     0.0005911           4        4360           0
   28.888     0.0073858     0.0008166           4        4360           0
   29.057     0.0074559     0.0008035           4        4360           0
   29.226     0.0077146     0.0007457           4        4360           0
   29.396     0.0080072     0.0007293           4        4360           0
   29.565     0.0063916     0.0008856           4        4360           0
   29.735     0.0062075     0.0008888           4        4360           0
   29.904     0.0069614     0.0010394           4        4360           0
   30.073     0.0074965     0.0009638           4        4360           0
   30.243     0.0083661     0.0024166           4        4360           0
   30.412     0.0072755     0.0031879           4        4360           0
   30.581     0.0074080     0.0080900           4        4360           0
   30.751     0.0074805     0.0029929           4        4360           0
   30.920     0.0067688     0.0012330           4        4360           0
   31.089     0.0073805     0.0010011           4        4360           0
   31.259     0.0083177     0.0009368           4        4360           0
   31.428     0.0078322     0.0030062           4        4360           0
   31.597     0.0087975     0.0006933           4        4360           0
   31.767     0.0096771     0.0010294           4        4360           0
   31.936     0.0085898     0.0016073           4        4360           0
   32.105     0.0075358     0.0019993           4        4360           0
   32.275     0.0070402     0.0011529           4        4360           0
   32.444     0.0065361     0.0012907           4        4360           0
   32.614     0.0074838     0.0011630           4        4360           0
   32.783     0.0087173     0.0013671           4        4360           0
   32.952     0.0086990     0.0015476           4        4360           0
   33.122     0.0087836     0.0042936           4        4360           0
   33.291     0.0080294     0.0017524           4        4360           0
   33.460     0.0074441     0.0014424           4        4360           0
   33.630     0.0106858     0.0014720           4        4360           0
   33.799     0.0123521     0.0017627           4        4360           0
   33.968     0.0113339     0.0019059           4        4360           0
   34.138     0.0102475     0.0022297           4        4360           0
   34.307     0.0108282     0.0016004           4        4360           0
   34.477     0.0126800     0.0021621           4        4360           0
   34.646     0.0106689     0.0041185           4        4360           0
   34.815     0.0093650     0.0033830           4        4360           0
   34.985     0.0119067     0.0151909           4        4360           0
   35.154     0.0063389     0.0089541           4        4360           0
   35.323     0.0123472     0.0174672           4        4360           0
   35.493     0.0125940     0.0173952           4        4360           0
   35.662     0.0109563     0.0057366           4        4360           0
   35.831     0.0120942     0.0029092           4        4360           0
   36.001     0.0127075     0.0028197           4        4360           0
   36.170     0.0120160     0.0029999           4        4360           0
   36.339     0.0103790     0.0036114           4        4360           0
   36.509     0.0098884     0.0041751           4        4360           0
   36.678     0.0113317     0.0045342           4        4360           0
   36.847     0.0106682     0.0061657           4        4360           0
   37.017     0.0093907     0.0113891           4        4360           0
   37.186     0.0099991     0.0059369           4        4360           0
   37.355     0.0071696     0.0123806           4        4360           0
   37.525     0.0114989     0.0053855           4        4360           0
   37.694     0.0117121     0.0061878           4        4360           0
   37.864     0.0108933     0.0057589           4        4360           0
   38.033     0.0031244     0.0078229           4        4360           0
   38.202     0.0024005     0.0396499           4        4360           0
   38.372     0.0149765     0.0135325           4        4360           0
   38.541    -0.0043213     0.0392457           4        4360           0
   38.710    -0.1526991     0.0117562           4        4360           0
   38.880     0.0083440     0.0161452           4        4360           0
   39.049     0.0349361     0.0570948           4        4360           0
   39.218     0.0271929     0.0277517           4        4360           0
   39.388     0.0155304     0.0187760           4        4360           0
   39.557     0.0171030     0.0156265           4        4360           0
   39.727     0.0142901     0.0264868           4        4360           0
   39.896     0.0064258     0.0287974           4        4488           0
   40.065     0.0028682     0.0092749           4        4488           0
   40.235     0.0019305     0.0047081           4        4488           0
   40.404     0.0007828     0.0029182           4        4488           0
   40.573     0.0045845     0.0040599           4        4488           0
   40.743     0.0000231     0.0013630           4        4508           0
   40.912     0.0000677     0.0008577           4        4488           0
   41.081     0.0003087     0.0004118           4        4488           0
   41.251     0.0000090     0.0006315           4        4488           0
   41.420    -0.0000321     0.0006738           4        4488           0
   41.589     0.0000458     0.0003448           4        4488           0
   41.759     0.0004533     0.0002639           4        4488           0
   41.928     0.0005779     0.0011167           4        4508           0
   42.097    -0.0001115     0.0004765           4        4508           0
   42.267     0.0010865     0.0006623           4        4488           0
