wave flux error channelflag bitflag stitchflag
    5.127     0.0020794     0.0037665           1         392           0
    5.157     0.0017197     0.0025290           1         136           0
    5.187     0.0018706     0.0011206           1         136           0
    5.217     0.0015974     0.0006790           1         136           0
    5.247     0.0018566     0.0007682           1         136           0
    5.278     0.0016382     0.0007392           1         136           0
    5.308     0.0014236     0.0007726           1         136           0
    5.338     0.0012409     0.0005306           1         392           0
    5.368     0.0021171     0.0005957           1         392           0
    5.399     0.0019003     0.0006215           1       16776           0
    5.429     0.0016397     0.0005954           1       16796           0
    5.459     0.0018103     0.0005794           1       16796           0
    5.489     0.0010227     0.0004057           1         392           0
    5.520     0.0011253     0.0004834           1         392           0
    5.550     0.0013768     0.0005681           1         392           0
    5.580     0.0016220     0.0005891           1         392           0
    5.610     0.0017423     0.0005849           1         392           0
    5.641     0.0017445     0.0005580           1        8468           0
    5.671     0.0017716     0.0004573           1        8468           0
    5.701     0.0015972     0.0005516           1         392           0
    5.731     0.0016675     0.0005047           1         392           0
    5.762     0.0016058     0.0005205           1         412           0
    5.792     0.0011809     0.0004466           1         412           0
    5.822     0.0011166     0.0004677           1         392           0
    5.852     0.0014616     0.0005501           1         392           0
    5.883     0.0017486     0.0005751           1         392           0
    5.913     0.0021395     0.0005640           1         136           0
    5.943     0.0021690     0.0005473           1         136           0
    5.973     0.0019218     0.0005684           1         136           0
    6.004     0.0018386     0.0005228           1         136           0
    6.034     0.0015452     0.0005942           1         136           0
    6.064     0.0014730     0.0005740           1         392           0
    6.094     0.0016673     0.0005575           1         392           0
    6.125     0.0015944     0.0005773           1         392           0
    6.155     0.0011095     0.0005842           1         392           0
    6.185     0.0014111     0.0005703           1         392           0
    6.215     0.0014126     0.0006409           1         392           0
    6.245     0.0018511     0.0007031           1         392           0
    6.276     0.0016725     0.0007151           1         392           0
    6.306     0.0013727     0.0006639           1         392           0
    6.336     0.0018045     0.0006361           1         392           0
    6.366     0.0035544     0.0005286           1         392           0
    6.397     0.0018253     0.0006709           1         392           0
    6.427     0.0020011     0.0006984           1         392           0
    6.457     0.0019036     0.0006602           1         392           0
    6.487     0.0018651     0.0006643           1         392           0
    6.518     0.0015425     0.0008064           1         392           0
    6.548     0.0012392     0.0007602           1         392           0
    6.578     0.0016421     0.0008264           1         392           0
    6.608     0.0012287     0.0008766           1         392           0
    6.639     0.0011241     0.0007494           1         136           0
    6.669     0.0012600     0.0007611           1         136           0
    6.699     0.0014258     0.0006871           1         136           0
    6.729     0.0016358     0.0007032           1         136           0
    6.760     0.0014347     0.0007612           1         136           0
    6.790     0.0012831     0.0007988           1         392           0
    6.820     0.0015376     0.0008735           1         392           0
    6.850     0.0017391     0.0008743           1         392           0
    6.881     0.0017659     0.0009106           1         392           0
    6.911     0.0015452     0.0009068           1         392           0
    6.941     0.0011489     0.0008762           1         392           0
    6.971     0.0010907     0.0009560           1         392           0
    7.002     0.0016372     0.0010043           1         392           0
    7.032     0.0017779     0.0009940           1         392           0
    7.062     0.0019252     0.0010726           1         392           0
    7.092     0.0012985     0.0009780           1         392           0
    7.122     0.0006207     0.0009347           1         392           0
    7.153     0.0011870     0.0008341           1         392           0
    7.183     0.0010469     0.0008916           1         392           0
    7.213     0.0021375     0.0009356           1         392           0
    7.243     0.0002557     0.0008094           1         392           0
    7.274     0.0011576     0.0010190           1         392           0
    7.304     0.0014780     0.0011038           1         392           0
    7.334     0.0011865     0.0012618           1       53312           0
    7.395     0.0013679     0.0015394           1       18496           0
    7.455     0.0015512     0.0013776           1       18496           0
    7.516     0.0015785     0.0014186           1       53312           0
    7.576     0.0017161     0.0017797           1      153664           0
    7.637     0.0022416     0.0007088           1         392           0
    7.697     0.0020937     0.0007052           1         392           0
    7.758     0.0019171     0.0008816           1         392           0
    7.818     0.0019276     0.0008484           1         392           0
    7.879     0.0021510     0.0008257           1         392           0
    7.939     0.0021185     0.0008773           1         392           0
    8.000     0.0022192     0.0007155           1         392           0
    8.060     0.0021296     0.0006919           1         392           0
    8.120     0.0022721     0.0006708           1         392           0
    8.181     0.0021951     0.0006854           1         392           0
    8.241     0.0021410     0.0007044           1         392           0
    8.302     0.0018053     0.0006617           1         392           0
    8.362     0.0016977     0.0004588           2       16796           0
    8.423     0.0013471     0.0003712           2       16796           0
    8.483     0.0014103     0.0003653           2       16792           0
    8.544     0.0015148     0.0004292           2       16776           0
    8.604     0.0016853     0.0004694           2         392           0
    8.665     0.0015489     0.0003612           2         392           0
    8.725     0.0015078     0.0004048           2         392           0
    8.786     0.0019212     0.0003971           2         392           0
    8.846     0.0018009     0.0004112           2         392           0
    8.907     0.0015500     0.0004191           2         392           0
    8.967     0.0018517     0.0004423           2         392           0
    9.028     0.0019693     0.0004463           2         136           0
    9.088     0.0016289     0.0004143           2         136           0
    9.149     0.0015286     0.0004322           2         136           0
    9.209     0.0016948     0.0004543           2         136           0
    9.270     0.0013916     0.0004715           2         136           0
    9.330     0.0013766     0.0004675           2         136           0
    9.391     0.0016016     0.0004458           2         392           0
    9.451     0.0014608     0.0004690           2         392           0
    9.512     0.0013681     0.0004161           2         392           0
    9.572     0.0014614     0.0004375           2         392           0
    9.633     0.0013454     0.0004014           2         392           0
    9.693     0.0014514     0.0003923           2         392           0
    9.754     0.0015315     0.0003859           2       16796           0
    9.814     0.0015512     0.0003248           2       16796           0
    9.875     0.0015092     0.0003898           2         392           0
    9.935     0.0014220     0.0003817           2         392           0
    9.995     0.0016850     0.0003634           2         392           0
   10.056     0.0016949     0.0003459           2         392           0
   10.116     0.0018161     0.0003512           2         392           0
   10.177     0.0015616     0.0004137           2         392           0
   10.237     0.0014403     0.0003625           2         392           0
   10.298     0.0015168     0.0003665           2         392           0
   10.358     0.0015085     0.0003699           2         392           0
   10.419     0.0012712     0.0003746           2         392           0
   10.479     0.0014095     0.0003886           2         392           0
   10.540     0.0014119     0.0003856           2         392           0
   10.600     0.0016545     0.0003728           2         392           0
   10.661     0.0014031     0.0003785           2         392           0
   10.721     0.0012963     0.0004034           2         392           0
   10.782     0.0012598     0.0003819           2         392           0
   10.842     0.0015225     0.0004295           2         392           0
   10.903     0.0016330     0.0004577           2         392           0
   10.963     0.0016487     0.0004289           2         392           0
   11.024     0.0017375     0.0004513           2         392           0
   11.084     0.0014058     0.0004477           2         392           0
   11.145     0.0020185     0.0004935           2         392           0
   11.205     0.0019288     0.0004961           2         392           0
   11.266     0.0019097     0.0005025           2         392           0
   11.326     0.0019842     0.0004837           2         392           0
   11.387     0.0022776     0.0004033           2         412           0
   11.447     0.0022855     0.0004882           2         412           0
   11.508     0.0025128     0.0003585           2         392           0
   11.568     0.0030066     0.0005061           2         392           0
   11.628     0.0027980     0.0005275           2         392           0
   11.689     0.0040369     0.0005065           2         392           0
   11.750     0.0053358     0.0005781           2         392           0
   11.810     0.0053470     0.0005356           2         392           0
   11.870     0.0043408     0.0005256           2         392           0
   11.931     0.0036029     0.0005305           2         392           0
   11.991     0.0030928     0.0005398           2         392           0
   12.052     0.0028484     0.0005416           2         392           0
   12.112     0.0021178     0.0005177           2         392           0
   12.173     0.0018135     0.0004770           2         392           0
   12.233     0.0017340     0.0005205           2         392           0
   12.294     0.0023390     0.0005997           2         392           0
   12.354     0.0023818     0.0005984           2         392           0
   12.415     0.0022138     0.0005708           2         392           0
   12.475     0.0025140     0.0005775           2         392           0
   12.536     0.0026633     0.0005373           2         392           0
   12.596     0.0025324     0.0005185           2         392           0
   12.657     0.0024773     0.0005368           2         392           0
   12.717     0.0023470     0.0005385           2         392           0
   12.778     0.0022103     0.0005778           2         392           0
   12.838     0.0022976     0.0005597           2         392           0
   12.899     0.0018636     0.0005483           2         392           0
   12.959     0.0018500     0.0005881           2         392           0
   13.020     0.0022322     0.0007015           2         392           0
   13.080     0.0027312     0.0006614           2         392           0
   13.141     0.0024416     0.0006344           2         392           0
   13.201     0.0022118     0.0006363           2         392           0
   13.262     0.0028632     0.0005509           2         392           0
   13.322     0.0028941     0.0006574           2         392           0
   13.383     0.0028730     0.0006435           2         392           0
   13.443     0.0030667     0.0007060           2         392           0
   13.503     0.0023612     0.0006868           2         392           0
   13.564     0.0018012     0.0006883           2         392           0
   13.625     0.0014421     0.0007334           2         392           0
   13.685     0.0020626     0.0007660           2         392           0
   13.745     0.0016782     0.0008667           2         392           0
   13.806     0.0020113     0.0007426           2         392           0
   13.866     0.0019258     0.0007721           2         392           0
   13.927     0.0018910     0.0007682           2         392           0
   13.987     0.0019106     0.0008341           2         392           0
   14.048     0.0018537     0.0008200           2         392           0
   14.108     0.0020434     0.0009079           2         392           0
   14.169     0.0029668     0.0007668           2         392           0
   14.229     0.0027274     0.0009676           2         392           0
   14.290     0.0026590     0.0007977           2         392           0
   14.350     0.0019972     0.0007098           2         392           0
   14.408     0.0021081     0.0005319           3        4360           0
   14.493     0.0019181     0.0006899           3        4360           0
   14.577     0.0017029     0.0013103           3        4360           0
   14.662     0.0011777     0.0024675           3        4360           0
   14.747     0.0007465     0.0027225           3        4360           0
   14.832     0.0019386     0.0004714           3        4360           0
   14.916     0.0012832     0.0005116           3        4360           0
   15.001     0.0012471     0.0004971           3        4360           0
   15.085     0.0006169     0.0004552           3        4360           0
   15.170     0.0009137     0.0004651           3        4360           0
   15.255     0.0011856     0.0004725           3        4360           0
   15.340     0.0011607     0.0005459           3        4360           0
   15.424     0.0014484     0.0004547           3        4360           0
   15.509     0.0014237     0.0004427           3        4360           0
   15.594     0.0014391     0.0012263           3        4360           0
   15.678     0.0015571     0.0014979           3        4360           0
   15.763     0.0014417     0.0006456           3        4360           0
   15.848     0.0010330     0.0017683           3        4360           0
   15.932     0.0014345     0.0007954           3        4360           0
   16.017     0.0007949     0.0008157           3        4360           0
   16.102     0.0013821     0.0018402           3        4360           0
   16.186     0.0014955     0.0007524           3        4360           0
   16.271     0.0022347     0.0035231           3        4360           0
   16.356     0.0017238     0.0021687           3        4360           0
   16.440     0.0021418     0.0027177           3        4360           0
   16.525     0.0026065     0.0010392           3        4360           0
   16.610     0.0024701     0.0005896           3        4360           0
   16.694     0.0018426     0.0004831           3        4360           0
   16.779     0.0018548     0.0004583           3        4360           0
   16.864     0.0017396     0.0006787           3        4360           0
   16.948     0.0018429     0.0006834           3        4360           0
   17.033     0.0024290     0.0005959           3        4360           0
   17.118     0.0025048     0.0014530           3        4360           0
   17.202     0.0027942     0.0011005           3        4360           0
   17.287     0.0035954     0.0005266           3        4360           0
   17.372     0.0019132     0.0005524           3        4360           0
   17.456     0.0037534     0.0007288           3        4360           0
   17.541     0.0038710     0.0005575           3        4360           0
   17.626     0.0026392     0.0014765           3        4360           0
   17.711     0.0028560     0.0010905           3        4360           0
   17.795     0.0034357     0.0009777           3        4360           0
   17.880     0.0038179     0.0012039           3        4360           0
   17.965     0.0029068     0.0006510           3        4360           0
   18.049     0.0020535     0.0008183           3        4360           0
   18.134     0.0025299     0.0020209           3        4360           0
   18.219     0.0022182     0.0022769           3        4360           0
   18.303     0.0033198     0.0042537           3        4360           0
   18.388     0.0020419     0.0008251           3        4360           0
   18.472     0.0027480     0.0008772           3        4360           0
   18.557     0.0020149     0.0008320           3        4360           0
   18.642     0.0020825     0.0007004           3        4360           0
   18.727     0.0023850     0.0005507           3        4360           0
   18.811     0.0017199     0.0012419           3        4360           0
   18.896     0.0017902     0.0013652           3        4360           0
   18.981     0.0013224     0.0006721           3        4360           0
   19.065     0.0012898     0.0007216           3        4360           0
   19.150     0.0015714     0.0007354           3        4360           0
   19.235     0.0020024     0.0009510           3    19009600           0
   19.404     0.0025068     0.0016294           3    19009600           0
   19.573     0.0021028     0.0022034           3    19009600           0
   19.743     0.0019209     0.0011715           3    19009600           0
   19.912     0.0013137     0.0023220           3    19009600           0
   20.081     0.0013904     0.0014491           3    19009600           0
   20.251     0.0016360     0.0028185           3    19009600           0
   20.420     0.0018002     0.0014515           3    19009600           0
   20.590     0.0017558     0.0007300           4        4360           0
   20.759     0.0025461     0.0023948           4        4360           0
   20.928     0.0031245     0.0071656           4        4360           0
   21.097     0.0023530     0.0007679           4        4360           0
   21.267     0.0041359     0.0020827           4        4360           0
   21.436     0.0034051     0.0009428           4        4360           0
   21.606     0.0037384     0.0022231           4        4360           0
   21.775     0.0012634     0.0008995           4        4360           0
   21.944     0.0001037     0.0009571           4        4360           0
   22.114     0.0004745     0.0009313           4        4360           0
   22.283    -0.0001711     0.0017328           4        4360           0
   22.452     0.0012907     0.0027024           4        4360           0
   22.622     0.0003192     0.0042074           4        4360           0
   22.791    -0.0006435     0.0020324           4        4360           0
   22.960     0.0010218     0.0017316           4        4360           0
   23.130     0.0012643     0.0033326           4        4360           0
   23.299     0.0013982     0.0013954           4        4360           0
   23.469     0.0016848     0.0008935           4        4360           0
   23.638     0.0015913     0.0020952           4        4360           0
   23.807     0.0012685     0.0003523           4        4360           0
   23.976     0.0016915     0.0004313           4        4360           0
   24.146     0.0007464     0.0004583           4        4360           0
   24.315     0.0006806     0.0011905           4        4360           0
   24.485     0.0017572     0.0019900           4        4360           0
   24.654     0.0017516     0.0006392           4        4360           0
   24.823     0.0018150     0.0005999           4        4360           0
   24.993     0.0017939     0.0006064           4        4360           0
   25.162     0.0016850     0.0005518           4        4360           0
   25.331     0.0017410     0.0005756           4        4360           0
   25.501     0.0008891     0.0006366           4        4360           0
   25.670     0.0021380     0.0006317           4        4360           0
   25.839     0.0015353     0.0025456           4        4360           0
   26.009     0.0021067     0.0044557           4        4360           0
   26.178     0.0009683     0.0013052           4        4360           0
   26.347     0.0006253     0.0015980           4        4360           0
   26.517     0.0018612     0.0016664           4        4360           0
   26.686     0.0018168     0.0020608           4        4360           0
   26.856     0.0014325     0.0023859           4        4360           0
   27.025     0.0009902     0.0024509           4        4360           0
   27.194     0.0013962     0.0014098           4        4360           0
   27.364     0.0021043     0.0008397           4        4360           0
   27.533     0.0025708     0.0004833           4        4360           0
   27.702     0.0021417     0.0005348           4        4360           0
   27.872     0.0017354     0.0006458           4        4360           0
   28.041     0.0026377     0.0006524           4        4360           0
   28.210     0.0005958     0.0005765           4        4360           0
   28.380     0.0016209     0.0008143           4        4360           0
   28.549     0.0015591     0.0008222           4        4360           0
   28.719     0.0023923     0.0005716           4        4360           0
   28.888     0.0019474     0.0005245           4        4360           0
   29.057     0.0007632     0.0008231           4        4360           0
   29.226     0.0015256     0.0009412           4        4360           0
   29.396     0.0025771     0.0008472           4        4360           0
   29.565     0.0025031     0.0007609           4        4360           0
   29.735     0.0024222     0.0006325           4        4360           0
   29.904     0.0017936     0.0015257           4        4360           0
   30.073     0.0027324     0.0041079           4        4360           0
   30.243     0.0026031     0.0025123           4        4360           0
   30.412     0.0022352     0.0011178           4        4360           0
   30.581     0.0003497     0.0015180           4        4360           0
   30.751     0.0013290     0.0011027           4        4360           0
   30.920     0.0016592     0.0012136           4        4360           0
   31.089     0.0018131     0.0034618           4        4360           0
   31.259     0.0011196     0.0016288           4        4360           0
   31.428     0.0020212     0.0008720           4        4360           0
   31.597     0.0016118     0.0008175           4        4360           0
   31.767     0.0014573     0.0022905           4        4360           0
   31.936     0.0019058     0.0029670           4        4360           0
   32.105     0.0019376     0.0026069           4        4360           0
   32.275     0.0018794     0.0018768           4        4360           0
   32.444     0.0001813     0.0057458           4        4360           0
   32.614     0.0004882     0.0010961           4        4360           0
   32.783     0.0026694     0.0038817           4        4360           0
   32.952     0.0033712     0.0084706           4        4360           0
   33.122     0.0008605     0.0031551           4        4360           0
   33.291     0.0036264     0.0034006           4        4360           0
   33.460     0.0029454     0.0016671           4        4360           0
   33.630     0.0031405     0.0014565           4        4360           0
   33.799    -0.0002520     0.0018361           4        4360           0
   33.968     0.0024648     0.0020435           4        4360           0
   34.138     0.0058862     0.0025065           4        4360           0
   34.307     0.0057658     0.0021929           4        4360           0
   34.477     0.0041208     0.0027704           4        4360           0
   34.646     0.0045294     0.0033760           4        4360           0
   34.815     0.0051704     0.0044260           4        4360           0
   34.985     0.0005951     0.0145510           4        4360           0
   35.154     0.0076902     0.0065965           4        4360           0
   35.323     0.0024678     0.0047840           4        4360           0
   35.493     0.0003859     0.0163185           4        4360           0
   35.662    -0.0006834     0.0064729           4        4360           0
   35.831     0.0055198     0.0030127           4        4360           0
   36.001     0.0038668     0.0025632           4        4360           0
   36.170     0.0013878     0.0034963           4        4360           0
   36.339     0.0025622     0.0035262           4        4360           0
   36.509     0.0064085     0.0037814           4        4360           0
   36.678     0.0111975     0.0039766           4        4360           0
   36.847     0.0054199     0.0277611           4        4360           0
   37.017    -0.0064244     0.0979984           4        4360           0
   37.186     0.0059908     0.0318940           4        4360           0
   37.355     0.0009030     0.0060465           4        4360           0
   37.525     0.0062312     0.0049423           4        4360           0
   37.694     0.0082801     0.0056555           4        4360           0
   37.864     0.0092273     0.0067129           4        4360           0
   38.033     0.0016568     0.0061873           4        4360           0
   38.202     0.0145955     0.0108428           4        4360           0
   38.372     0.0176399     0.0184637           4        4360           0
   38.541     0.0251179     0.0843986           4        4360           0
   38.710     0.0295447     0.0168009           4        4360           0
   38.880     0.0040395     0.0486430           4        4360           0
   39.049    -0.0028383     0.2661837           4        4360           0
   39.218     0.0013694     0.0827020           4        4360           0
   39.388     0.0223593     0.0387549           4        4360           0
   39.557     0.0091109     0.0573768           4        4360           0
   39.727     0.0073096     0.0823297           4        4360           0
   39.896     0.0146636     0.0368666           4        4488           0
   40.065     0.0456732     0.0091546           4        4488           0
   40.235     0.0030396     0.0037063           4        4488           0
   40.404     0.0014868     0.0019514           4        4488           0
   40.573     0.0031629     0.0009775           4        4488           0
   40.743     0.0006145     0.0003763           4        4508           0
   40.912     0.0000051     0.0001378           4        4488           0
   41.081     0.0000015     0.0001709           4        4488           0
   41.251    -0.0000493     0.0003527           4        4488           0
   41.420     0.0000325     0.0003414           4        4488           0
   41.589     0.0022090     0.0001640           4        4488           0
   41.759     0.0025090     0.0001780           4        4488           0
   41.928     0.0009332     0.0016243           4        4508           0
   42.097    -0.0000805     0.0006670           4        4508           0
   42.267     0.0051720     0.0003840           4        4488           0
