wave flux error channelflag bitflag stitchflag
    5.127    -0.0000090     0.0031876           1         392           0
    5.157    -0.0000820     0.0020207           1         136           0
    5.187     0.0003395     0.0009755           1         136           0
    5.217     0.0005341     0.0006579           1         136           0
    5.247     0.0002839     0.0006488           1         136           0
    5.278     0.0003216     0.0006101           1         136           0
    5.308     0.0002146     0.0006202           1         136           0
    5.338     0.0005067     0.0005860           1         392           0
    5.368     0.0004715     0.0005410           1         392           0
    5.399     0.0002812     0.0005857           1       16776           0
    5.429     0.0003590     0.0005626           1       16796           0
    5.459     0.0003045     0.0005381           1       16796           0
    5.489     0.0002017     0.0004645           1         392           0
    5.520     0.0002379     0.0004954           1         392           0
    5.550     0.0004915     0.0004878           1         392           0
    5.580     0.0007176     0.0004558           1         392           0
    5.610     0.0003738     0.0004975           1         392           0
    5.641     0.0005721     0.0005282           1        8468           0
    5.671     0.0004468     0.0004764           1        8468           0
    5.701     0.0005057     0.0005000           1         392           0
    5.731     0.0003718     0.0004434           1         392           0
    5.762     0.0001891     0.0004734           1         412           0
    5.792     0.0002849     0.0005040           1         412           0
    5.822     0.0005057     0.0004883           1         392           0
    5.852     0.0002137     0.0004881           1         392           0
    5.883     0.0002589     0.0004932           1         392           0
    5.913     0.0005913     0.0004616           1         136           0
    5.943     0.0002703     0.0004954           1         136           0
    5.973     0.0007240     0.0004579           1         136           0
    6.004     0.0008771     0.0005232           1         136           0
    6.034     0.0008327     0.0005239           1         136           0
    6.064     0.0006081     0.0005204           1         392           0
    6.094     0.0007508     0.0004948           1         392           0
    6.125     0.0009355     0.0004891           1         392           0
    6.155     0.0006965     0.0005140           1         392           0
    6.185     0.0003752     0.0004757           1         392           0
    6.215     0.0007366     0.0004835           1         392           0
    6.245     0.0007212     0.0005138           1         392           0
    6.276     0.0008271     0.0005316           1         392           0
    6.306     0.0007762     0.0005468           1         392           0
    6.336     0.0008468     0.0006298           1         392           0
    6.366     0.0010375     0.0006064           1         392           0
    6.397     0.0013634     0.0005927           1         392           0
    6.427     0.0014226     0.0005418           1         392           0
    6.457     0.0012686     0.0005219           1         392           0
    6.487     0.0016113     0.0005339           1         392           0
    6.518     0.0024465     0.0006506           1         392           0
    6.548     0.0034137     0.0006931           1         392           0
    6.578     0.0038596     0.0007117           1         392           0
    6.608     0.0038778     0.0006655           1         392           0
    6.639     0.0039513     0.0007116           1         136           0
    6.669     0.0034214     0.0006924           1         136           0
    6.699     0.0024859     0.0005747           1         136           0
    6.729     0.0018480     0.0006505           1         136           0
    6.760     0.0017412     0.0006735           1         136           0
    6.790     0.0016100     0.0006704           1         392           0
    6.820     0.0010307     0.0007300           1         392           0
    6.850     0.0009908     0.0007490           1         392           0
    6.881     0.0012415     0.0007526           1         392           0
    6.911     0.0006761     0.0006684           1         392           0
    6.941     0.0010494     0.0008112           1         392           0
    6.971     0.0013782     0.0007627           1         392           0
    7.002     0.0012894     0.0008304           1         392           0
    7.032     0.0014309     0.0009020           1         392           0
    7.062     0.0008972     0.0008208           1         392           0
    7.092     0.0016709     0.0008104           1         392           0
    7.122     0.0012259     0.0007819           1         392           0
    7.153     0.0010070     0.0007232           1         392           0
    7.183     0.0009046     0.0007987           1         392           0
    7.213     0.0009619     0.0008286           1         392           0
    7.243     0.0012853     0.0008087           1         392           0
    7.274     0.0014719     0.0008349           1         392           0
    7.304     0.0015000     0.0009395           1         392           0
    7.334     0.0017669     0.0012454           1       53312           0
    7.395     0.0018395     0.0013328           1       18496           0
    7.455     0.0016443     0.0011370           1       18496           0
    7.516     0.0016776     0.0011384           1       53312           0
    7.576     0.0016408     0.0015852           1      153664           0
    7.637     0.0018865     0.0006142           1         392           0
    7.697     0.0023660     0.0005922           1         392           0
    7.758     0.0028080     0.0007140           1         392           0
    7.818     0.0034593     0.0006984           1         392           0
    7.879     0.0044973     0.0006371           1         392           0
    7.939     0.0052012     0.0006692           1         392           0
    8.000     0.0063443     0.0005845           1         392           0
    8.060     0.0068439     0.0005398           1         392           0
    8.120     0.0063293     0.0005732           1         392           0
    8.181     0.0061648     0.0005610           1         392           0
    8.241     0.0059808     0.0006033           1         392           0
    8.302     0.0058989     0.0006014           1         392           0
    8.362     0.0054175     0.0003333           2       16796           0
    8.423     0.0048181     0.0003561           2       16796           0
    8.483     0.0042381     0.0003603           2       16792           0
    8.544     0.0037592     0.0003435           2       16776           0
    8.604     0.0032527     0.0003875           2         392           0
    8.665     0.0033545     0.0003648           2         392           0
    8.725     0.0029820     0.0003176           2         392           0
    8.786     0.0030175     0.0003289           2         392           0
    8.846     0.0033862     0.0003383           2         392           0
    8.907     0.0033894     0.0003107           2         392           0
    8.967     0.0035861     0.0003465           2         392           0
    9.028     0.0041026     0.0003580           2         136           0
    9.088     0.0040753     0.0003458           2         136           0
    9.149     0.0040663     0.0003359           2         136           0
    9.209     0.0037045     0.0003511           2         136           0
    9.270     0.0029889     0.0003313           2         136           0
    9.330     0.0022107     0.0003260           2         136           0
    9.391     0.0017860     0.0003331           2         392           0
    9.451     0.0015434     0.0003339           2         392           0
    9.512     0.0016143     0.0003409           2         392           0
    9.572     0.0012687     0.0003005           2         392           0
    9.633     0.0011393     0.0002677           2         392           0
    9.693     0.0010634     0.0002815           2         392           0
    9.754     0.0013529     0.0003486           2       16796           0
    9.814     0.0011881     0.0002640           2       16796           0
    9.875     0.0010617     0.0002651           2         392           0
    9.935     0.0012215     0.0002624           2         392           0
    9.995     0.0011573     0.0002507           2         392           0
   10.056     0.0010772     0.0002634           2         392           0
   10.116     0.0012202     0.0002645           2         392           0
   10.177     0.0012233     0.0002668           2         392           0
   10.237     0.0011767     0.0002588           2         392           0
   10.298     0.0010217     0.0002761           2         392           0
   10.358     0.0009784     0.0002808           2         392           0
   10.419     0.0006894     0.0003162           2         392           0
   10.479     0.0010802     0.0002849           2         392           0
   10.540     0.0012071     0.0002996           2         392           0
   10.600     0.0010550     0.0003011           2         392           0
   10.661     0.0011323     0.0003025           2         392           0
   10.721     0.0008426     0.0003066           2         392           0
   10.782     0.0010665     0.0003476           2         392           0
   10.842     0.0012131     0.0003517           2         392           0
   10.903     0.0009984     0.0003775           2         392           0
   10.963     0.0009261     0.0003962           2         392           0
   11.024     0.0006878     0.0004055           2         392           0
   11.084     0.0012734     0.0003855           2         392           0
   11.145     0.0009198     0.0004070           2         392           0
   11.205     0.0018656     0.0003620           2         392           0
   11.266     0.0017627     0.0003858           2         392           0
   11.326     0.0014235     0.0004271           2         392           0
   11.387     0.0015619     0.0004043           2         412           0
   11.447     0.0014938     0.0003956           2         412           0
   11.508     0.0019725     0.0004050           2         392           0
   11.568     0.0027707     0.0003817           2         392           0
   11.628     0.0024991     0.0003922           2         392           0
   11.689     0.0026074     0.0003882           2         392           0
   11.750     0.0031917     0.0003861           2         392           0
   11.810     0.0046553     0.0003930           2         392           0
   11.870     0.0066788     0.0003607           2         392           0
   11.931     0.0081613     0.0003702           2         392           0
   11.991     0.0071587     0.0003902           2         392           0
   12.052     0.0056940     0.0003644           2         392           0
   12.112     0.0045615     0.0003623           2         392           0
   12.173     0.0036063     0.0003849           2         392           0
   12.233     0.0031770     0.0003845           2         392           0
   12.294     0.0030165     0.0003246           2         392           0
   12.354     0.0023390     0.0003730           2         392           0
   12.415     0.0024177     0.0003740           2         392           0
   12.475     0.0024200     0.0003839           2         392           0
   12.536     0.0026148     0.0003880           2         392           0
   12.596     0.0028541     0.0003707           2         392           0
   12.657     0.0029699     0.0003641           2         392           0
   12.717     0.0029635     0.0003807           2         392           0
   12.778     0.0029446     0.0003924           2         392           0
   12.838     0.0024851     0.0004098           2         392           0
   12.899     0.0026303     0.0004125           2         392           0
   12.959     0.0028013     0.0004711           2         392           0
   13.020     0.0027210     0.0004578           2         392           0
   13.080     0.0030788     0.0004608           2         392           0
   13.141     0.0036746     0.0005097           2         392           0
   13.201     0.0038579     0.0005253           2         392           0
   13.262     0.0039121     0.0005124           2         392           0
   13.322     0.0037338     0.0005391           2         392           0
   13.383     0.0041689     0.0005384           2         392           0
   13.443     0.0051491     0.0005266           2         392           0
   13.503     0.0051250     0.0005898           2         392           0
   13.564     0.0055454     0.0005547           2         392           0
   13.625     0.0049235     0.0005799           2         392           0
   13.685     0.0028761     0.0005463           2         392           0
   13.745     0.0024265     0.0005849           2         392           0
   13.806     0.0024830     0.0006067           2         392           0
   13.866     0.0026258     0.0005790           2         392           0
   13.927     0.0021473     0.0006855           2         392           0
   13.987     0.0024284     0.0006390           2         392           0
   14.048     0.0016339     0.0007565           2         392           0
   14.108     0.0021940     0.0007156           2         392           0
   14.169     0.0018370     0.0007930           2         392           0
   14.239     0.0031956     0.0005682           3        4360           0
   14.323     0.0025799     0.0005788           3        4360           0
   14.408     0.0025755     0.0005379           3        4360           0
   14.493     0.0025244     0.0005164           3        4360           0
   14.577     0.0026502     0.0005260           3        4360           0
   14.662     0.0027490     0.0005383           3        4360           0
   14.747     0.0023645     0.0005993           3        4360           0
   14.832     0.0028516     0.0006167           3        4360           0
   14.916     0.0023332     0.0006502           3        4360           0
   15.001     0.0016879     0.0006290           3        4360           0
   15.085     0.0024896     0.0006340           3        4360           0
   15.170     0.0018486     0.0005149           3        4360           0
   15.255     0.0018951     0.0005938           3        4360           0
   15.340     0.0019141     0.0006285           3        4360           0
   15.424     0.0018766     0.0019007           3        4360           0
   15.509     0.0020131     0.0028101           3        4360           0
   15.594     0.0020705     0.0031101           3        4360           0
   15.678     0.0011817     0.0010209           3        4360           0
   15.763     0.0015901     0.0004059           3        4360           0
   15.848     0.0015064     0.0005792           3        4360           0
   15.932     0.0020694     0.0007323           3        4360           0
   16.017     0.0018794     0.0007046           3        4360           0
   16.102     0.0013882     0.0006459           3        4360           0
   16.186     0.0041988     0.0004526           3        4360           0
   16.271     0.0019908     0.0007755           3        4360           0
   16.356     0.0019994     0.0007017           3        4360           0
   16.440     0.0032149     0.0008191           3        4360           0
   16.525     0.0029599     0.0006773           3        4360           0
   16.610     0.0014457     0.0004971           3        4360           0
   16.694     0.0013025     0.0005194           3        4360           0
   16.779     0.0020439     0.0006841           3        4360           0
   16.864     0.0016616     0.0008902           3        4360           0
   16.948     0.0015864     0.0009105           3        4360           0
   17.033     0.0022754     0.0006629           3        4360           0
   17.118     0.0020034     0.0014107           3        4360           0
   17.202     0.0034980     0.0047793           3        4360           0
   17.287     0.0027451     0.0009975           3        4360           0
   17.372     0.0045498     0.0009009           3        4360           0
   17.456     0.0052631     0.0007991           3        4360           0
   17.541     0.0040802     0.0006625           3        4360           0
   17.626     0.0032643     0.0007317           3        4360           0
   17.711     0.0033708     0.0007622           3        4360           0
   17.795     0.0035210     0.0008240           3        4360           0
   17.880     0.0036116     0.0008460           3        4360           0
   17.965     0.0043002     0.0008269           3        4360           0
   18.049     0.0052054     0.0008195           3        4360           0
   18.134     0.0050764     0.0008201           3        4360           0
   18.219     0.0040962     0.0008298           3        4360           0
   18.303     0.0041311     0.0010398           3        4360           0
   18.388     0.0050639     0.0058733           3        4360           0
   18.472     0.0038752     0.0009200           3        4360           0
   18.557     0.0034816     0.0009932           3        4360           0
   18.642     0.0028047     0.0008546           3        4360           0
   18.727     0.0035022     0.0008211           3        4360           0
   18.811     0.0040662     0.0007167           3        4360           0
   18.896     0.0031449     0.0008530           3        4360           0
   18.981     0.0030921     0.0008424           3        4360           0
   19.065     0.0028756     0.0008795           3        4360           0
   19.150     0.0024075     0.0009828           3        4360           0
   19.235     0.0012145     0.0013397           3    19009600           0
   19.404     0.0026679     0.0020731           3    19009600           0
   19.573     0.0026323     0.0056993           3    19009600           0
   19.743     0.0038302     0.0015017           3    19009600           0
   19.912     0.0038307     0.0016371           3    19009600           0
   20.081     0.0020153     0.0041973           3        4360           0
   20.251     0.0020968     0.0023053           3        4360           0
   20.420     0.0021969     0.0018819           3        4360           0
   20.590     0.0023332     0.0018300           3        4360           0
   20.759     0.0023861     0.0019116           3        4360           0
   20.928     0.0013063     0.0021323           3        4360           0
   21.097     0.0020347     0.0008298           4        4360           0
   21.267     0.0022138     0.0010186           4        4360           0
   21.436     0.0027544     0.0010854           4        4360           0
   21.606     0.0030570     0.0011711           4        4360           0
   21.775     0.0025995     0.0009278           4        4360           0
   21.944     0.0060780     0.0011142           4        4360           0
   22.114     0.0035630     0.0011438           4        4360           0
   22.283     0.0036050     0.0008381           4        4360           0
   22.452     0.0032196     0.0013334           4        4360           0
   22.622     0.0054916     0.0078957           4        4360           0
   22.791     0.0027044     0.0019164           4        4360           0
   22.960     0.0034194     0.0019700           4        4360           0
   23.130     0.0033999     0.0009616           4        4360           0
   23.299     0.0030588     0.0008427           4        4360           0
   23.469     0.0030694     0.0007389           4        4360           0
   23.638     0.0035551     0.0006975           4        4360           0
   23.807     0.0033931     0.0006235           4        4360           0
   23.976     0.0028904     0.0006435           4        4360           0
   24.146     0.0030673     0.0007432           4        4360           0
   24.315     0.0031822     0.0007280           4        4360           0
   24.485     0.0031352     0.0008902           4        4360           0
   24.654     0.0034702     0.0008049           4        4360           0
   24.823     0.0038305     0.0008817           4        4360           0
   24.993     0.0043916     0.0009518           4        4360           0
   25.162     0.0058602     0.0006762           4        4360           0
   25.331     0.0047518     0.0008346           4        4360           0
   25.501     0.0035870     0.0008745           4        4360           0
   25.670     0.0029889     0.0009587           4        4360           0
   25.839     0.0042487     0.0034420           4        4360           0
   26.009     0.0027852     0.0010929           4        4360           0
   26.178     0.0041194     0.0006728           4        4360           0
   26.347     0.0046171     0.0005592           4        4360           0
   26.517     0.0045253     0.0006929           4        4360           0
   26.686     0.0048242     0.0008042           4        4360           0
   26.856     0.0042058     0.0008170           4        4360           0
   27.025     0.0039831     0.0007750           4        4360           0
   27.194     0.0048701     0.0007701           4        4360           0
   27.364     0.0052685     0.0027584           4        4360           0
   27.533     0.0047352     0.0041891           4        4360           0
   27.702     0.0041243     0.0008562           4        4360           0
   27.872     0.0038950     0.0009488           4        4360           0
   28.041     0.0046518     0.0010267           4        4360           0
   28.210     0.0053751     0.0012888           4        4360           0
   28.380     0.0050171     0.0009859           4        4360           0
   28.549     0.0054339     0.0009704           4        4360           0
   28.719     0.0047763     0.0008762           4        4360           0
   28.888     0.0047927     0.0008578           4        4360           0
   29.057     0.0056628     0.0008670           4        4360           0
   29.226     0.0044090     0.0007705           4        4360           0
   29.396     0.0056944     0.0009839           4        4360           0
   29.565     0.0072913     0.0037823           4        4360           0
   29.735     0.0059362     0.0034133           4        4360           0
   29.904     0.0063458     0.0009364           4        4360           0
   30.073     0.0061006     0.0007665           4        4360           0
   30.243     0.0057723     0.0008391           4        4360           0
   30.412     0.0052122     0.0014629           4        4360           0
   30.581     0.0070813     0.0013592           4        4360           0
   30.751     0.0046978     0.0013122           4        4360           0
   30.920     0.0046934     0.0014007           4        4360           0
   31.089     0.0057835     0.0012391           4        4360           0
   31.259     0.0055170     0.0011654           4        4360           0
   31.428     0.0064060     0.0009865           4        4360           0
   31.597     0.0064622     0.0010461           4        4360           0
   31.767     0.0078716     0.0009107           4        4360           0
   31.936     0.0066060     0.0011471           4        4360           0
   32.105     0.0059039     0.0013336           4        4360           0
   32.275     0.0063263     0.0015429           4        4360           0
   32.444     0.0066476     0.0016039           4        4360           0
   32.614     0.0068243     0.0018178           4        4360           0
   32.783     0.0067277     0.0017562           4        4360           0
   32.952     0.0089945     0.0019255           4        4360           0
   33.122     0.0062054     0.0024390           4        4360           0
   33.291     0.0056931     0.0023384           4        4360           0
   33.460     0.0070820     0.0062310           4        4360           0
   33.630     0.0064985     0.0046598           4        4360           0
   33.799     0.0084076     0.0029069           4        4360           0
   33.968     0.0062497     0.0023213           4        4360           0
   34.138     0.0068495     0.0028271           4        4360           0
   34.307     0.0082047     0.0030567           4        4360           0
   34.477     0.0099749     0.0023669           4        4360           0
   34.646     0.0079656     0.0025923           4        4360           0
   34.815     0.0093896     0.0052106           4        4360           0
   34.985     0.0114287     0.0255558           4        4360           0
   35.154     0.0101717     0.0079165           4        4360           0
   35.323     0.0090400     0.0075869           4        4360           0
   35.493     0.0092651     0.0331350           4        4360           0
   35.662     0.0078177     0.0101317           4        4360           0
   35.831     0.0077048     0.0030793           4        4360           0
   36.001     0.0077692     0.0028766           4        4360           0
   36.170     0.0050258     0.0086045           4        4360           0
   36.339     0.0058546     0.0097851           4        4360           0
   36.509     0.0063109     0.0055748           4        4360           0
   36.678     0.0090820     0.0049526           4        4360           0
   36.847     0.0118280     0.0048907           4        4360           0
   37.017     0.0152478     0.0118735           4        4360           0
   37.186     0.0111545     0.0127892           4        4360           0
   37.355     0.0065539     0.0072944           4        4360           0
   37.525     0.0050396     0.0064551           4        4360           0
   37.694     0.0048039     0.0128444           4        4360           0
   37.864     0.0229045     0.0161869           4        4360           0
   38.033     0.0030702     0.0405634           4        4360           0
   38.202    -0.0315230     0.0637276           4        4360           0
   38.372    -0.0131315     0.0289168           4        4360           0
   38.541    -0.0695652     0.0479352           4        4360           0
   38.710     0.0174625     0.0248880           4        4360           0
   38.880    -0.0159593     0.0224339           4        4360           0
   39.049     0.2454130     0.0217450           4        4360           0
   39.218     0.1887330     0.0133820           4        4360           0
   39.388     0.0281596     0.2045634           4        4360           0
   39.557    -0.0159956     0.2479470           4        4360           0
   39.727    -0.0232905     0.1484396           4        4360           0
   39.896    -0.0001935     0.0478213           4        4488           0
   40.065     0.0000209     0.0106244           4        4488           0
   40.235    -0.0002449     0.0087093           4        4488           0
   40.404     0.0016924     0.0033426           4        4488           0
   40.573    -0.0008451     0.0023114           4        4488           0
   40.743     0.0001239     0.0014120           4        4508           0
   40.912     0.0000496     0.0005302           4        4488           0
   41.081     0.0001551     0.0002516           4        4488           0
   41.251     0.0001159     0.0003654           4        4488           0
   41.420    -0.0000442     0.0004584           4        4488           0
   41.589     0.0001403     0.0005339           4        4488           0
   41.759     0.0001298     0.0004458           4        4488           0
   41.928     0.0000605     0.0011897           4        4508           0
   42.097     0.0002271     0.0007101           4        4508           0
   42.267     0.0017887     0.0023043           4        4488           0
