wave flux error channelflag bitflag stitchflag
    5.127     0.0006058     0.0034341           1         392           0
    5.157     0.0003229     0.0022414           1         136           0
    5.187     0.0004229     0.0009405           1         136           0
    5.217     0.0004821     0.0006211           1         136           0
    5.247     0.0005805     0.0004463           1         136           0
    5.278     0.0001319     0.0005595           1         136           0
    5.308     0.0000103     0.0005958           1         136           0
    5.338     0.0003312     0.0005384           1         392           0
    5.368     0.0000530     0.0005369           1         392           0
    5.399     0.0003228     0.0005770           1       16776           0
    5.429     0.0002647     0.0005836           1       16796           0
    5.459     0.0001329     0.0005019           1       16796           0
    5.489     0.0000606     0.0004881           1         392           0
    5.520     0.0001962     0.0005045           1         392           0
    5.550     0.0004158     0.0004968           1         392           0
    5.580     0.0005157     0.0005133           1         392           0
    5.610     0.0004117     0.0006162           1         392           0
    5.641     0.0000567     0.0005223           1        8468           0
    5.671     0.0001560     0.0004642           1        8468           0
    5.701     0.0001830     0.0005633           1         392           0
    5.731     0.0001565     0.0004625           1         392           0
    5.762     0.0002929     0.0004556           1         412           0
    5.792     0.0003045     0.0005154           1         412           0
    5.822     0.0003972     0.0004933           1         392           0
    5.852     0.0000100     0.0005256           1         392           0
    5.883     0.0002228     0.0005601           1         392           0
    5.913     0.0005675     0.0005424           1         136           0
    5.943     0.0003550     0.0006271           1         136           0
    5.973     0.0002276     0.0005324           1         136           0
    6.004     0.0002606     0.0006538           1         136           0
    6.034     0.0004882     0.0005197           1         136           0
    6.064     0.0000617     0.0005169           1         392           0
    6.094     0.0003636     0.0004700           1         392           0
    6.125     0.0004076     0.0005004           1         392           0
    6.155     0.0007298     0.0005271           1         392           0
    6.185     0.0005314     0.0005039           1         392           0
    6.215     0.0005376     0.0005258           1         392           0
    6.245     0.0006410     0.0005070           1         392           0
    6.276     0.0005504     0.0005113           1         392           0
    6.306     0.0005925     0.0005607           1         392           0
    6.336     0.0004264     0.0005895           1         392           0
    6.366     0.0005819     0.0005991           1         392           0
    6.397     0.0005670     0.0005745           1         392           0
    6.427     0.0007007     0.0005657           1         392           0
    6.457     0.0004975     0.0005627           1         392           0
    6.487     0.0004789     0.0005609           1         392           0
    6.518     0.0006222     0.0006592           1         392           0
    6.548     0.0004575     0.0006586           1         392           0
    6.578     0.0003591     0.0006643           1         392           0
    6.608     0.0003935     0.0006960           1         392           0
    6.639     0.0001598     0.0006473           1         136           0
    6.669     0.0003971     0.0007132           1         136           0
    6.699     0.0006927     0.0006306           1         136           0
    6.729     0.0007420     0.0006563           1         136           0
    6.760     0.0006214     0.0007109           1         136           0
    6.790     0.0008076     0.0007228           1         392           0
    6.820     0.0010108     0.0007624           1         392           0
    6.850     0.0006864     0.0007177           1         392           0
    6.881     0.0009086     0.0007541           1         392           0
    6.911     0.0010512     0.0008092           1         392           0
    6.941     0.0007079     0.0007835           1         392           0
    6.971     0.0007851     0.0008519           1         392           0
    7.002     0.0004182     0.0007982           1         392           0
    7.032     0.0006726     0.0008775           1         392           0
    7.062     0.0008846     0.0008487           1         392           0
    7.092     0.0007114     0.0008113           1         392           0
    7.122     0.0011609     0.0008918           1         392           0
    7.153     0.0013059     0.0007658           1         392           0
    7.183     0.0007889     0.0007823           1         392           0
    7.213     0.0007242     0.0006174           1         392           0
    7.243     0.0013289     0.0008586           1         392           0
    7.274     0.0011289     0.0009074           1         392           0
    7.304     0.0011127     0.0010032           1         392           0
    7.334     0.0046458     0.0012004           1       53312           0
    7.395     0.0034779     0.0013626           1       18496           0
    7.455     0.0048225     0.0012229           1       18496           0
    7.516     0.0040777     0.0012326           1       53312           0
    7.576     0.0029191     0.0013830           1      153664           0
    7.637     0.0022646     0.0006563           1         392           0
    7.697     0.0019491     0.0006680           1         392           0
    7.758     0.0019062     0.0008035           1         392           0
    7.818     0.0015401     0.0007826           1         392           0
    7.879     0.0015084     0.0007608           1         392           0
    7.939     0.0016709     0.0007630           1         392           0
    8.000     0.0016855     0.0007040           1         392           0
    8.060     0.0014912     0.0006624           1         392           0
    8.120     0.0017093     0.0006467           1         392           0
    8.181     0.0017860     0.0006294           1         392           0
    8.241     0.0016430     0.0006138           1         392           0
    8.302     0.0018312     0.0006288           1         392           0
    8.362     0.0025939     0.0004066           2       16796           0
    8.423     0.0024653     0.0003813           2       16796           0
    8.483     0.0022112     0.0003967           2       16792           0
    8.544     0.0021459     0.0003819           2       16776           0
    8.604     0.0022581     0.0004510           2         392           0
    8.665     0.0025419     0.0003903           2         392           0
    8.725     0.0030683     0.0003655           2         392           0
    8.786     0.0035018     0.0003704           2         392           0
    8.846     0.0039037     0.0002898           2         392           0
    8.907     0.0047544     0.0003615           2         392           0
    8.967     0.0057659     0.0004599           2         392           0
    9.028     0.0065810     0.0003928           2         136           0
    9.088     0.0077651     0.0004101           2         136           0
    9.149     0.0081832     0.0003895           2         136           0
    9.209     0.0079139     0.0004014           2         136           0
    9.270     0.0079887     0.0003940           2         136           0
    9.330     0.0077845     0.0003731           2         136           0
    9.391     0.0072536     0.0003936           2         392           0
    9.451     0.0067886     0.0003234           2         392           0
    9.512     0.0062617     0.0003168           2         392           0
    9.572     0.0053437     0.0003107           2         392           0
    9.633     0.0049095     0.0003726           2         392           0
    9.693     0.0045316     0.0003519           2         392           0
    9.754     0.0037810     0.0001890           2       16796           0
    9.814     0.0036767     0.0003571           2       16796           0
    9.875     0.0039264     0.0003658           2         392           0
    9.935     0.0037262     0.0003287           2         392           0
    9.995     0.0039667     0.0003194           2         392           0
   10.056     0.0040492     0.0003406           2         392           0
   10.116     0.0042030     0.0003192           2         392           0
   10.177     0.0044187     0.0003134           2         392           0
   10.237     0.0047698     0.0003108           2         392           0
   10.298     0.0052219     0.0002569           2         392           0
   10.358     0.0048761     0.0002713           2         392           0
   10.419     0.0042971     0.0003386           2         392           0
   10.479     0.0038724     0.0004139           2         392           0
   10.540     0.0029769     0.0003652           2         392           0
   10.600     0.0025705     0.0003416           2         392           0
   10.661     0.0023568     0.0003377           2         392           0
   10.721     0.0019437     0.0003331           2         392           0
   10.782     0.0018862     0.0003708           2         392           0
   10.842     0.0019480     0.0003618           2         392           0
   10.903     0.0016291     0.0003697           2         392           0
   10.963     0.0014916     0.0003895           2         392           0
   11.024     0.0014550     0.0004035           2         392           0
   11.084     0.0014660     0.0003924           2         392           0
   11.145     0.0013849     0.0004157           2         392           0
   11.205     0.0013871     0.0004180           2         392           0
   11.266     0.0012833     0.0004252           2         392           0
   11.326     0.0013735     0.0004148           2         392           0
   11.387     0.0014416     0.0004028           2         412           0
   11.447     0.0012848     0.0004314           2         412           0
   11.508     0.0013703     0.0004316           2         392           0
   11.568     0.0014509     0.0004491           2         392           0
   11.628     0.0015166     0.0004351           2         392           0
   11.689     0.0015459     0.0004292           2         392           0
   11.750     0.0016182     0.0004475           2         392           0
   11.810     0.0014648     0.0004415           2         392           0
   11.870     0.0012165     0.0004315           2         392           0
   11.931     0.0012046     0.0004302           2         392           0
   11.991     0.0010002     0.0004685           2         392           0
   12.052     0.0011356     0.0004684           2         392           0
   12.112     0.0013451     0.0004362           2         392           0
   12.173     0.0013311     0.0004431           2         392           0
   12.233     0.0015536     0.0004644           2         392           0
   12.294     0.0014827     0.0004590           2         392           0
   12.354     0.0014092     0.0004663           2         392           0
   12.415     0.0013613     0.0004757           2         392           0
   12.475     0.0013530     0.0004526           2         392           0
   12.536     0.0016846     0.0004661           2         392           0
   12.596     0.0016303     0.0004336           2         392           0
   12.657     0.0015549     0.0004342           2         392           0
   12.717     0.0017321     0.0004260           2         392           0
   12.778     0.0016373     0.0004482           2         392           0
   12.838     0.0016782     0.0004619           2         392           0
   12.899     0.0016025     0.0004921           2         392           0
   12.959     0.0016113     0.0004872           2         392           0
   13.020     0.0022631     0.0004954           2         392           0
   13.080     0.0024658     0.0005233           2         392           0
   13.141     0.0028504     0.0005433           2         392           0
   13.201     0.0032158     0.0005691           2         392           0
   13.262     0.0033715     0.0005446           2         392           0
   13.322     0.0036589     0.0005914           2         392           0
   13.383     0.0058402     0.0005279           2         392           0
   13.443     0.0099828     0.0004018           2         392           0
   13.503     0.0091377     0.0006179           2         392           0
   13.564     0.0091499     0.0006055           2         392           0
   13.625     0.0086924     0.0005241           2         392           0
   13.685     0.0062936     0.0006468           2         392           0
   13.745     0.0053212     0.0007511           2         392           0
   13.806     0.0048029     0.0006695           2         392           0
   13.866     0.0040005     0.0007028           2         392           0
   13.927     0.0036475     0.0007050           2         392           0
   13.987     0.0041654     0.0007119           2         392           0
   14.048     0.0035919     0.0007103           2         392           0
   14.108     0.0034776     0.0007914           2         392           0
   14.169     0.0036397     0.0007797           2         392           0
   14.229     0.0036435     0.0008199           2         392           0
   14.323     0.0045861     0.0005502           3        4360           0
   14.408     0.0042537     0.0005261           3        4360           0
   14.493     0.0038234     0.0005432           3        4360           0
   14.577     0.0036082     0.0005733           3        4360           0
   14.662     0.0037158     0.0005827           3        4360           0
   14.747     0.0045163     0.0007065           3        4360           0
   14.832     0.0046062     0.0006954           3        4360           0
   14.916     0.0048126     0.0007070           3        4360           0
   15.001     0.0055993     0.0006155           3        4360           0
   15.085     0.0057725     0.0007742           3        4360           0
   15.170     0.0064275     0.0006984           3        4360           0
   15.255     0.0056332     0.0006923           3        4360           0
   15.340     0.0085835     0.0004858           3        4360           0
   15.424     0.0061967     0.0004759           3        4360           0
   15.509     0.0044341     0.0004312           3        4360           0
   15.594     0.0030458     0.0005000           3        4360           0
   15.678     0.0030395     0.0004708           3        4360           0
   15.763     0.0033958     0.0004486           3        4360           0
   15.848     0.0034474     0.0006118           3        4360           0
   15.932     0.0033077     0.0006945           3        4360           0
   16.017     0.0034761     0.0006765           3        4360           0
   16.102     0.0027383     0.0008067           3        4360           0
   16.186     0.0028979     0.0008067           3        4360           0
   16.271     0.0027375     0.0007254           3        4360           0
   16.356     0.0026192     0.0006971           3        4360           0
   16.440     0.0026249     0.0006483           3        4360           0
   16.525     0.0026111     0.0006169           3        4360           0
   16.610     0.0029050     0.0005867           3        4360           0
   16.694     0.0023469     0.0004822           3        4360           0
   16.779     0.0029423     0.0007576           3        4360           0
   16.864     0.0025791     0.0010314           3        4360           0
   16.948     0.0032301     0.0008702           3        4360           0
   17.033     0.0030278     0.0006979           3        4360           0
   17.118     0.0027300     0.0013845           3        4360           0
   17.202     0.0032094     0.0010399           3        4360           0
   17.287     0.0025049     0.0007978           3        4360           0
   17.372     0.0030785     0.0008686           3        4360           0
   17.456     0.0028563     0.0008844           3        4360           0
   17.541     0.0025167     0.0005731           3        4360           0
   17.626     0.0023999     0.0005919           3        4360           0
   17.711     0.0022748     0.0006581           3        4360           0
   17.795     0.0017989     0.0006837           3        4360           0
   17.880     0.0017647     0.0007212           3        4360           0
   17.965     0.0023270     0.0007598           3        4360           0
   18.049     0.0027241     0.0007881           3        4360           0
   18.134     0.0023788     0.0007967           3        4360           0
   18.219     0.0012877     0.0007844           3        4360           0
   18.303     0.0027102     0.0009221           3        4360           0
   18.388     0.0021582     0.0010341           3        4360           0
   18.472     0.0026610     0.0009075           3        4360           0
   18.557     0.0031009     0.0012231           3        4360           0
   18.642     0.0040598     0.0008781           3        4360           0
   18.727     0.0028895     0.0008422           3        4360           0
   18.811     0.0024496     0.0009093           3        4360           0
   18.896     0.0030140     0.0008954           3        4360           0
   18.981     0.0034159     0.0008280           3        4360           0
   19.065     0.0039217     0.0008877           3        4360           0
   19.150     0.0030513     0.0009788           3        4360           0
   19.235     0.0019121     0.0016049           3    19009600           0
   19.404     0.0026883     0.0059060           3    19009600           0
   19.573     0.0041439     0.0016150           3    19009600           0
   19.743     0.0048108     0.0015773           3    19009600           0
   19.912     0.0034592     0.0014350           3    19009600           0
   20.081     0.0028188     0.0060442           3        4360           0
   20.251     0.0062316     0.0043109           3        4360           0
   20.420     0.0052792     0.0019847           3        4360           0
   20.590     0.0047267     0.0027612           3        4360           0
   20.759     0.0042810     0.0065362           3        4360           0
   20.928     0.0037082     0.0031359           3        4360           0
   21.097     0.0031176     0.0008987           4        4360           0
   21.267     0.0033787     0.0009910           4        4360           0
   21.436     0.0036942     0.0010522           4        4360           0
   21.606     0.0032331     0.0011764           4        4360           0
   21.775     0.0042420     0.0010785           4        4360           0
   21.944     0.0047012     0.0011195           4        4360           0
   22.114     0.0035928     0.0011589           4        4360           0
   22.283     0.0046541     0.0009086           4        4360           0
   22.452     0.0050261     0.0009135           4        4360           0
   22.622     0.0045700     0.0010701           4        4360           0
   22.791     0.0038694     0.0008250           4        4360           0
   22.960     0.0035726     0.0006964           4        4360           0
   23.130     0.0040649     0.0007820           4        4360           0
   23.299     0.0035264     0.0009975           4        4360           0
   23.469     0.0037951     0.0041896           4        4360           0
   23.638     0.0042335     0.0036730           4        4360           0
   23.807     0.0041699     0.0034091           4        4360           0
   23.976     0.0041483     0.0029351           4        4360           0
   24.146     0.0037223     0.0008510           4        4360           0
   24.315     0.0041703     0.0008916           4        4360           0
   24.485     0.0044469     0.0010109           4        4360           0
   24.654     0.0046469     0.0008500           4        4360           0
   24.823     0.0041602     0.0008168           4        4360           0
   24.993     0.0043731     0.0009991           4        4360           0
   25.162     0.0042280     0.0008082           4        4360           0
   25.331     0.0047208     0.0008426           4        4360           0
   25.501     0.0048082     0.0009226           4        4360           0
   25.670     0.0046631     0.0009548           4        4360           0
   25.839     0.0034072     0.0035836           4        4360           0
   26.009     0.0046576     0.0011396           4        4360           0
   26.178     0.0039311     0.0006247           4        4360           0
   26.347     0.0039220     0.0006843           4        4360           0
   26.517     0.0047809     0.0007646           4        4360           0
   26.686     0.0054499     0.0008695           4        4360           0
   26.856     0.0064986     0.0007425           4        4360           0
   27.025     0.0059977     0.0008786           4        4360           0
   27.194     0.0056592     0.0009127           4        4360           0
   27.364     0.0058997     0.0007907           4        4360           0
   27.533     0.0055329     0.0006780           4        4360           0
   27.702     0.0057869     0.0008332           4        4360           0
   27.872     0.0067053     0.0009138           4        4360           0
   28.041     0.0078184     0.0009003           4        4360           0
   28.210     0.0067397     0.0012115           4        4360           0
   28.380     0.0071419     0.0012072           4        4360           0
   28.549     0.0069659     0.0058534           4        4360           0
   28.719     0.0071366     0.0012720           4        4360           0
   28.888     0.0070055     0.0008489           4        4360           0
   29.057     0.0071680     0.0009448           4        4360           0
   29.226     0.0077997     0.0009316           4        4360           0
   29.396     0.0073787     0.0013003           4        4360           0
   29.565     0.0084260     0.0012923           4        4360           0
   29.735     0.0080528     0.0008091           4        4360           0
   29.904     0.0067208     0.0009616           4        4360           0
   30.073     0.0072716     0.0013696           4        4360           0
   30.243     0.0084346     0.0009584           4        4360           0
   30.412     0.0081983     0.0011079           4        4360           0
   30.581     0.0069017     0.0015823           4        4360           0
   30.751     0.0066552     0.0013541           4        4360           0
   30.920     0.0077611     0.0013118           4        4360           0
   31.089     0.0094356     0.0014870           4        4360           0
   31.259     0.0076810     0.0054770           4        4360           0
   31.428     0.0084285     0.0017016           4        4360           0
   31.597     0.0078965     0.0011125           4        4360           0
   31.767     0.0079644     0.0010958           4        4360           0
   31.936     0.0084157     0.0010270           4        4360           0
   32.105     0.0083520     0.0011742           4        4360           0
   32.275     0.0120660     0.0013635           4        4360           0
   32.444     0.0255278     0.0016735           4        4360           0
   32.614     0.0070739     0.0019636           4        4360           0
   32.783     0.0089102     0.0017820           4        4360           0
   32.952     0.0092544     0.0018687           4        4360           0
   33.122     0.0049557     0.0027568           4        4360           0
   33.291     0.0098986     0.0027121           4        4360           0
   33.460     0.0081304     0.0021997           4        4360           0
   33.630     0.0076379     0.0017425           4        4360           0
   33.799     0.0082973     0.0022027           4        4360           0
   33.968     0.0073483     0.0020483           4        4360           0
   34.138     0.0103328     0.0027512           4        4360           0
   34.307     0.0102222     0.0026375           4        4360           0
   34.477     0.0084821     0.0026817           4        4360           0
   34.646     0.0101869     0.0025928           4        4360           0
   34.815     0.0113582     0.0043686           4        4360           0
   34.985     0.0092871     0.0197322           4        4360           0
   35.154     0.0098777     0.0072994           4        4360           0
   35.323     0.0104557     0.0089971           4        4360           0
   35.493     0.0078684     0.0041788           4        4360           0
   35.662     0.0073180     0.0036707           4        4360           0
   35.831     0.0070000     0.0036699           4        4360           0
   36.001     0.0079397     0.0037172           4        4360           0
   36.170     0.0132538     0.0045109           4        4360           0
   36.339     0.0156729     0.0054905           4        4360           0
   36.509     0.0096609     0.0045996           4        4360           0
   36.678     0.0088162     0.0060663           4        4360           0
   36.847     0.0140196     0.0054784           4        4360           0
   37.017     0.0076595     0.0069332           4        4360           0
   37.186     0.0113698     0.0074330           4        4360           0
   37.355     0.0111632     0.0068143           4        4360           0
   37.525     0.0104258     0.0064026           4        4360           0
   37.694     0.0081650     0.0084000           4        4360           0
   37.864     0.0035972     0.0162415           4        4360           0
   38.033    -0.0070120     0.0628977           4        4360           0
   38.202    -0.0115452     0.0992864           4        4360           0
   38.372     0.0055371     0.0197225           4        4360           0
   38.541     0.0080972     0.0282662           4        4360           0
   38.710     0.0079099     0.0219318           4        4360           0
   38.880    -0.0128715     0.0383593           4        4360           0
   39.049    -0.0045187     0.2060887           4        4360           0
   39.218     0.0077863     0.0793045           4        4360           0
   39.388     0.0053537     0.0192844           4        4360           0
   39.557     0.0012217     0.0569008           4        4360           0
   39.727     0.0073212     0.0963577           4        4360           0
   39.896     0.0071345     0.0220023           4        4488           0
   40.065     0.0025285     0.0105904           4        4488           0
   40.235     0.0021529     0.0063051           4        4488           0
   40.404     0.0027748     0.0034544           4        4488           0
   40.573     0.0016953     0.0019446           4        4488           0
   40.743     0.0005764     0.0010563           4        4508           0
   40.912     0.0000281     0.0004376           4        4488           0
   41.081     0.0002820     0.0001902           4        4488           0
   41.251    -0.0000520     0.0001371           4        4488           0
   41.420     0.0000749     0.0003561           4        4488           0
   41.589     0.0001910     0.0002750           4        4488           0
   41.759     0.0015337     0.0004357           4        4488           0
   41.928     0.0000952     0.0013076           4        4508           0
   42.097    -0.0000701     0.0007477           4        4508           0
   42.267     0.0005354     0.0009907           4        4488           0
