wave flux error channelflag bitflag stitchflag
    5.127    -0.0000693     0.0032960           1         392           0
    5.157    -0.0000802     0.0020518           1         136           0
    5.187    -0.0005479     0.0010040           1         136           0
    5.217     0.0001604     0.0005747           1         136           0
    5.247     0.0000567     0.0006132           1         136           0
    5.278     0.0000062     0.0006162           1         136           0
    5.308     0.0002579     0.0006362           1         136           0
    5.338     0.0003806     0.0005485           1         392           0
    5.368     0.0003105     0.0005332           1         392           0
    5.399    -0.0001264     0.0005979           1       16776           0
    5.429     0.0002281     0.0005264           1       16796           0
    5.459     0.0003226     0.0005187           1       16796           0
    5.489     0.0003391     0.0004856           1         392           0
    5.520     0.0004880     0.0004895           1         392           0
    5.550     0.0003832     0.0005103           1         392           0
    5.580    -0.0000350     0.0004879           1         392           0
    5.610     0.0000615     0.0004833           1         392           0
    5.641     0.0001080     0.0005006           1        8468           0
    5.671     0.0002407     0.0004395           1        8468           0
    5.701     0.0003374     0.0004660           1         392           0
    5.731     0.0003447     0.0004358           1         392           0
    5.762     0.0007300     0.0004347           1         412           0
    5.792     0.0006050     0.0004845           1         412           0
    5.822     0.0000848     0.0005075           1         392           0
    5.852     0.0001228     0.0005133           1         392           0
    5.883     0.0001488     0.0005415           1         392           0
    5.913     0.0004459     0.0005060           1         136           0
    5.943     0.0005058     0.0005298           1         136           0
    5.973     0.0006091     0.0005672           1         136           0
    6.004     0.0005582     0.0005017           1         136           0
    6.034     0.0004122     0.0005103           1         136           0
    6.064     0.0002724     0.0005106           1         392           0
    6.094     0.0004073     0.0005121           1         392           0
    6.125     0.0004401     0.0005776           1         392           0
    6.155     0.0006918     0.0004753           1         392           0
    6.185     0.0007051     0.0005448           1         392           0
    6.215     0.0005822     0.0005585           1         392           0
    6.245     0.0004946     0.0005156           1         392           0
    6.276     0.0005232     0.0005760           1         392           0
    6.306     0.0003294     0.0005752           1         392           0
    6.336     0.0001550     0.0005926           1         392           0
    6.366     0.0002293     0.0005525           1         392           0
    6.397     0.0003967     0.0006243           1         392           0
    6.427     0.0000843     0.0005806           1         392           0
    6.457     0.0005856     0.0004794           1         392           0
    6.487     0.0004161     0.0005937           1         392           0
    6.518     0.0002700     0.0006347           1         392           0
    6.548     0.0005076     0.0006646           1         392           0
    6.578     0.0004134     0.0007177           1         392           0
    6.608     0.0005697     0.0007361           1         392           0
    6.639     0.0009252     0.0006469           1         136           0
    6.669     0.0002527     0.0006338           1         136           0
    6.699     0.0007844     0.0005684           1         136           0
    6.729     0.0008817     0.0005799           1         136           0
    6.760     0.0009308     0.0006863           1         136           0
    6.790     0.0014080     0.0006924           1         392           0
    6.820     0.0019573     0.0006990           1         392           0
    6.850     0.0021980     0.0008338           1         392           0
    6.881     0.0020803     0.0008460           1         392           0
    6.911     0.0018163     0.0007542           1         392           0
    6.941     0.0014585     0.0008273           1         392           0
    6.971     0.0019392     0.0008427           1         392           0
    7.002     0.0016352     0.0008754           1         392           0
    7.032     0.0008237     0.0008921           1         392           0
    7.062     0.0009921     0.0008853           1         392           0
    7.092     0.0008605     0.0008089           1         392           0
    7.122     0.0010948     0.0008775           1         392           0
    7.153     0.0011799     0.0008664           1         392           0
    7.183     0.0013547     0.0009322           1         392           0
    7.213     0.0011233     0.0009015           1         392           0
    7.243     0.0009310     0.0008862           1         392           0
    7.274     0.0011972     0.0010088           1         392           0
    7.304     0.0014579     0.0009286           1         392           0
    7.334     0.0009510     0.0013987           1       53312           0
    7.395     0.0009141     0.0014254           1       18496           0
    7.455     0.0008733     0.0013143           1       18496           0
    7.516     0.0008422     0.0012516           1       53312           0
    7.576     0.0007538     0.0016290           1      153664           0
    7.637     0.0005374     0.0006671           1         392           0
    7.697     0.0005185     0.0006637           1         392           0
    7.758     0.0008562     0.0007965           1         392           0
    7.818     0.0007931     0.0007431           1         392           0
    7.879     0.0007385     0.0006983           1         392           0
    7.939     0.0007088     0.0007360           1         392           0
    8.000     0.0011966     0.0006356           1         392           0
    8.060     0.0014339     0.0005821           1         392           0
    8.120     0.0017767     0.0005815           1         392           0
    8.181     0.0021634     0.0005680           1         392           0
    8.241     0.0025059     0.0005427           1         392           0
    8.302     0.0027225     0.0005550           1         392           0
    8.362     0.0033476     0.0003222           2       16796           0
    8.423     0.0032199     0.0003335           2       16796           0
    8.483     0.0029968     0.0003280           2       16792           0
    8.544     0.0028834     0.0003071           2       16776           0
    8.604     0.0029014     0.0003299           2         392           0
    8.665     0.0030632     0.0002885           2         392           0
    8.725     0.0023866     0.0003007           2         392           0
    8.786     0.0022597     0.0002936           2         392           0
    8.846     0.0021490     0.0002904           2         392           0
    8.907     0.0019169     0.0002628           2         392           0
    8.967     0.0019895     0.0002713           2         392           0
    9.028     0.0015429     0.0003509           2         136           0
    9.088     0.0015791     0.0003106           2         136           0
    9.149     0.0017960     0.0003362           2         136           0
    9.209     0.0012083     0.0004071           2         136           0
    9.270     0.0013694     0.0003171           2         136           0
    9.330     0.0017648     0.0003598           2         136           0
    9.391     0.0022234     0.0003548           2         392           0
    9.451     0.0021563     0.0003473           2         392           0
    9.512     0.0022529     0.0003443           2         392           0
    9.572     0.0017834     0.0003263           2         392           0
    9.633     0.0014354     0.0002934           2         392           0
    9.693     0.0015283     0.0003154           2         392           0
    9.754     0.0009671     0.0002722           2       16796           0
    9.814     0.0009877     0.0002447           2       16796           0
    9.875     0.0010071     0.0002420           2         392           0
    9.935     0.0008761     0.0002941           2         392           0
    9.995     0.0008497     0.0002752           2         392           0
   10.056     0.0007286     0.0002787           2         392           0
   10.116     0.0009257     0.0002607           2         392           0
   10.177     0.0010970     0.0002627           2         392           0
   10.237     0.0011236     0.0002570           2         392           0
   10.298     0.0008959     0.0002602           2         392           0
   10.358     0.0008428     0.0002593           2         392           0
   10.419     0.0009173     0.0002777           2         392           0
   10.479     0.0010183     0.0002911           2         392           0
   10.540     0.0005848     0.0003251           2         392           0
   10.600     0.0005233     0.0003208           2         392           0
   10.661     0.0005296     0.0003289           2         392           0
   10.721     0.0007492     0.0003444           2         392           0
   10.782     0.0008909     0.0002863           2         392           0
   10.842     0.0006578     0.0003500           2         392           0
   10.903     0.0010346     0.0003016           2         392           0
   10.963     0.0005312     0.0003711           2         392           0
   11.024     0.0008874     0.0003445           2         392           0
   11.084     0.0011284     0.0003881           2         392           0
   11.145     0.0007686     0.0003842           2         392           0
   11.205     0.0005979     0.0004384           2         392           0
   11.266     0.0003681     0.0004035           2         392           0
   11.326     0.0002920     0.0004182           2         392           0
   11.387     0.0006819     0.0004219           2         412           0
   11.447     0.0007072     0.0004310           2         412           0
   11.508     0.0006325     0.0004326           2         392           0
   11.568     0.0006405     0.0004724           2         392           0
   11.628     0.0007281     0.0004555           2         392           0
   11.689     0.0011145     0.0004654           2         392           0
   11.750     0.0007999     0.0004612           2         392           0
   11.810     0.0008180     0.0004720           2         392           0
   11.870     0.0008534     0.0004025           2         392           0
   11.931     0.0006064     0.0004652           2         392           0
   11.991     0.0009110     0.0004785           2         392           0
   12.052     0.0007978     0.0004560           2         392           0
   12.112     0.0013223     0.0004024           2         392           0
   12.173     0.0019602     0.0003998           2         392           0
   12.233     0.0016818     0.0004037           2         392           0
   12.294     0.0031687     0.0004087           2         392           0
   12.354     0.0046805     0.0004132           2         392           0
   12.415     0.0043650     0.0004068           2         392           0
   12.475     0.0040208     0.0004007           2         392           0
   12.536     0.0030331     0.0004241           2         392           0
   12.596     0.0026617     0.0003860           2         392           0
   12.657     0.0024511     0.0003632           2         392           0
   12.717     0.0021009     0.0003782           2         392           0
   12.778     0.0016505     0.0003589           2         392           0
   12.838     0.0017620     0.0003632           2         392           0
   12.899     0.0015613     0.0003949           2         392           0
   12.959     0.0016293     0.0003979           2         392           0
   13.020     0.0017890     0.0003951           2         392           0
   13.080     0.0018236     0.0004117           2         392           0
   13.141     0.0017963     0.0004448           2         392           0
   13.201     0.0014780     0.0005358           2         392           0
   13.262     0.0011219     0.0005251           2         392           0
   13.322     0.0018957     0.0004489           2         392           0
   13.383     0.0020430     0.0004789           2         392           0
   13.443     0.0021008     0.0004633           2         392           0
   13.503     0.0014774     0.0005990           2         392           0
   13.564     0.0012765     0.0005819           2         392           0
   13.625     0.0016947     0.0005348           2         392           0
   13.685     0.0011781     0.0006142           2         392           0
   13.745     0.0019374     0.0005474           2         392           0
   13.806     0.0022081     0.0005795           2         392           0
   13.866     0.0022193     0.0005738           2         392           0
   13.927     0.0025600     0.0006321           2         392           0
   13.985     0.0046507     0.0006374           3        4488           0
   14.069     0.0046392     0.0005721           3        4360           0
   14.154     0.0044915     0.0004255           3        4360           0
   14.239     0.0026894     0.0004561           3        4360           0
   14.323     0.0019159     0.0004559           3        4360           0
   14.408     0.0019032     0.0004110           3        4360           0
   14.493     0.0021524     0.0004776           3        4360           0
   14.577     0.0021940     0.0004993           3        4360           0
   14.662     0.0021056     0.0004514           3        4360           0
   14.747     0.0021123     0.0004803           3        4360           0
   14.832     0.0020261     0.0004674           3        4360           0
   14.916     0.0008671     0.0005650           3        4360           0
   15.001     0.0013173     0.0004922           3        4360           0
   15.085     0.0019678     0.0005153           3        4360           0
   15.170     0.0018587     0.0004605           3        4360           0
   15.255     0.0016176     0.0005038           3        4360           0
   15.340     0.0011216     0.0004706           3        4360           0
   15.424     0.0011017     0.0004509           3        4360           0
   15.509     0.0017418     0.0004189           3        4360           0
   15.594     0.0021010     0.0004375           3        4360           0
   15.678     0.0019316     0.0004152           3        4360           0
   15.763     0.0017306     0.0003730           3        4360           0
   15.848     0.0013747     0.0003926           3        4360           0
   15.932     0.0016400     0.0003510           3        4360           0
   16.017     0.0010878     0.0005599           3        4360           0
   16.102     0.0016878     0.0005648           3        4360           0
   16.186     0.0012332     0.0005551           3        4360           0
   16.271     0.0018872     0.0006415           3        4360           0
   16.356     0.0011796     0.0005219           3        4360           0
   16.440     0.0004305     0.0005304           3        4360           0
   16.525     0.0006081     0.0004728           3        4360           0
   16.610     0.0010567     0.0004305           3        4360           0
   16.694     0.0014619     0.0004398           3        4360           0
   16.779     0.0017688     0.0004585           3        4360           0
   16.864     0.0014299     0.0005424           3        4360           0
   16.948     0.0012784     0.0006256           3        4360           0
   17.033     0.0015843     0.0005238           3        4360           0
   17.118     0.0008227     0.0011606           3        4360           0
   17.202     0.0012992     0.0006715           3        4360           0
   17.287     0.0014450     0.0006362           3        4360           0
   17.372     0.0013323     0.0006028           3        4360           0
   17.456     0.0018661     0.0006447           3        4360           0
   17.541     0.0021209     0.0005379           3        4360           0
   17.626     0.0020037     0.0005138           3        4360           0
   17.711     0.0015610     0.0005233           3        4360           0
   17.795     0.0017420     0.0005736           3        4360           0
   17.880     0.0021506     0.0005628           3        4360           0
   17.965     0.0024543     0.0005934           3        4360           0
   18.049     0.0029422     0.0006024           3        4360           0
   18.134     0.0026689     0.0006323           3        4360           0
   18.219     0.0030915     0.0006779           3        4360           0
   18.303     0.0025985     0.0007520           3        4360           0
   18.388     0.0025711     0.0004623           3        4360           0
   18.472     0.0034055     0.0005525           3        4360           0
   18.557     0.0023832     0.0008011           3        4360           0
   18.642     0.0024824     0.0006680           3        4360           0
   18.727     0.0041348     0.0006247           3        4360           0
   18.811     0.0044304     0.0005232           3        4360           0
   18.896     0.0035240     0.0005087           3        4360           0
   18.981     0.0035732     0.0004706           3        4360           0
   19.065     0.0028929     0.0005857           3        4360           0
   19.150     0.0027919     0.0007479           3        4360           0
   19.235     0.0020093     0.0009785           3    19009600           0
   19.404     0.0021321     0.0015059           3    19009600           0
   19.573     0.0030558     0.0011928           3    19009600           0
   19.743     0.0023594     0.0012306           3    19009600           0
   19.912     0.0017465     0.0012297           3    19009600           0
   20.081     0.0020338     0.0040465           3        4360           0
   20.251     0.0023548     0.0019206           3        4360           0
   20.420     0.0027386     0.0014005           3        4360           0
   20.590     0.0027341     0.0012551           3        4360           0
   20.759     0.0026698     0.0014435           3        4360           0
   20.928     0.0029883     0.0014007           3        4360           0
   21.097     0.0026152     0.0005723           4        4360           0
   21.267     0.0011915     0.0007997           4        4360           0
   21.436     0.0023378     0.0008473           4        4360           0
   21.606     0.0023413     0.0008047           4        4360           0
   21.775     0.0029725     0.0008095           4        4360           0
   21.944     0.0028256     0.0006435           4        4360           0
   22.114     0.0019959     0.0008296           4        4360           0
   22.283     0.0023295     0.0006131           4        4360           0
   22.452     0.0028357     0.0005815           4        4360           0
   22.622     0.0022651     0.0008071           4        4360           0
   22.791     0.0023749     0.0005689           4        4360           0
   22.960     0.0021487     0.0004432           4        4360           0
   23.130     0.0022181     0.0004980           4        4360           0
   23.299     0.0017671     0.0004986           4        4360           0
   23.469     0.0024495     0.0005887           4        4360           0
   23.638     0.0025206     0.0006105           4        4360           0
   23.807     0.0022886     0.0005383           4        4360           0
   23.976     0.0020170     0.0005011           4        4360           0
   24.146     0.0021303     0.0006211           4        4360           0
   24.315     0.0025951     0.0006231           4        4360           0
   24.485     0.0035880     0.0004264           4        4360           0
   24.654     0.0024478     0.0006110           4        4360           0
   24.823     0.0026911     0.0006380           4        4360           0
   24.993     0.0026892     0.0007494           4        4360           0
   25.162     0.0027330     0.0005668           4        4360           0
   25.331     0.0030003     0.0006483           4        4360           0
   25.501     0.0023863     0.0006881           4        4360           0
   25.670     0.0021052     0.0006841           4        4360           0
   25.839     0.0023398     0.0025703           4        4360           0
   26.009     0.0031973     0.0008322           4        4360           0
   26.178     0.0031915     0.0004698           4        4360           0
   26.347     0.0035893     0.0004633           4        4360           0
   26.517     0.0030217     0.0005623           4        4360           0
   26.686     0.0028160     0.0006025           4        4360           0
   26.856     0.0025882     0.0005932           4        4360           0
   27.025     0.0028063     0.0005641           4        4360           0
   27.194     0.0035136     0.0006233           4        4360           0
   27.364     0.0042825     0.0012843           4        4360           0
   27.533     0.0027928     0.0028423           4        4360           0
   27.702     0.0020510     0.0006580           4        4360           0
   27.872     0.0026074     0.0008236           4        4360           0
   28.041     0.0034890     0.0027839           4        4360           0
   28.210     0.0046614     0.0007418           4        4360           0
   28.380     0.0031398     0.0023178           4        4360           0
   28.549     0.0031496     0.0008019           4        4360           0
   28.719     0.0040345     0.0006389           4        4360           0
   28.888     0.0031595     0.0006162           4        4360           0
   29.057     0.0030800     0.0008084           4        4360           0
   29.226     0.0033118     0.0008660           4        4360           0
   29.396     0.0020652     0.0009589           4        4360           0
   29.565     0.0021147     0.0009066           4        4360           0
   29.735     0.0038619     0.0006101           4        4360           0
   29.904     0.0035776     0.0007673           4        4360           0
   30.073     0.0027943     0.0006875           4        4360           0
   30.243     0.0036437     0.0008033           4        4360           0
   30.412     0.0036550     0.0037621           4        4360           0
   30.581     0.0025311     0.0128456           4        4360           0
   30.751     0.0028466     0.0011339           4        4360           0
   30.920     0.0035459     0.0009266           4        4360           0
   31.089     0.0056185     0.0008737           4        4360           0
   31.259     0.0039931     0.0018588           4        4360           0
   31.428     0.0030579     0.0010589           4        4360           0
   31.597     0.0036957     0.0006493           4        4360           0
   31.767     0.0035466     0.0007655           4        4360           0
   31.936     0.0030994     0.0008177           4        4360           0
   32.105     0.0032173     0.0009371           4        4360           0
   32.275     0.0034933     0.0010887           4        4360           0
   32.444     0.0036382     0.0013614           4        4360           0
   32.614     0.0050048     0.0012991           4        4360           0
   32.783     0.0035657     0.0013284           4        4360           0
   32.952     0.0045762     0.0013812           4        4360           0
   33.122     0.0036690     0.0029536           4        4360           0
   33.291     0.0033431     0.0014702           4        4360           0
   33.460     0.0068701     0.0012442           4        4360           0
   33.630     0.0064884     0.0024381           4        4360           0
   33.799     0.0047424     0.0017509           4        4360           0
   33.968     0.0015211     0.0014635           4        4360           0
   34.138     0.0028004     0.0020517           4        4360           0
   34.307     0.0051758     0.0026827           4        4360           0
   34.477     0.0060954     0.0023016           4        4360           0
   34.646     0.0032314     0.0019457           4        4360           0
   34.815     0.0044671     0.0020584           4        4360           0
   34.985     0.0075528     0.0021211           4        4360           0
   35.154     0.0049629     0.0025727           4        4360           0
   35.323     0.0040541     0.0054535           4        4360           0
   35.493     0.0035796     0.0041746           4        4360           0
   35.662     0.0045748     0.0161374           4        4360           0
   35.831     0.0040238     0.0073211           4        4360           0
   36.001     0.0036926     0.0026450           4        4360           0
   36.170     0.0035512     0.0026685           4        4360           0
   36.339     0.0041594     0.0031333           4        4360           0
   36.509     0.0057094     0.0036108           4        4360           0
   36.678     0.0058976     0.0046427           4        4360           0
   36.847     0.0085869     0.0043508           4        4360           0
   37.017     0.0057347     0.0069153           4        4360           0
   37.186     0.0060504     0.0057729           4        4360           0
   37.355     0.0052963     0.0044934           4        4360           0
   37.525     0.0051327     0.0046712           4        4360           0
   37.694     0.0022750     0.0070893           4        4360           0
   37.864     0.0037900     0.0086966           4        4360           0
   38.033     0.0069585     0.0091380           4        4360           0
   38.202     0.0048511     0.0096817           4        4360           0
   38.372     0.0123225     0.0117457           4        4360           0
   38.541     0.0123132     0.0182524           4        4360           0
   38.710     0.0127046     0.0217836           4        4360           0
   38.880     0.0007188     0.0215092           4        4360           0
   39.049     0.0045469     0.1849472           4        4360           0
   39.218     0.0003642     0.0757836           4        4360           0
   39.388     0.0057693     0.0144260           4        4360           0
   39.557     0.0039211     0.0098190           4        4360           0
   39.727     0.0015889     0.0137692           4        4360           0
   39.896     0.0028522     0.0187400           4        4488           0
   40.065     0.0012533     0.0088633           4        4488           0
   40.235     0.0013375     0.0040887           4        4488           0
   40.404     0.0005069     0.0018222           4        4488           0
   40.573     0.0005326     0.0011261           4        4488           0
   40.743     0.0032335     0.0005032           4        4508           0
   40.912     0.0012655     0.0002125           4        4488           0
   41.081     0.0001226     0.0001713           4        4488           0
   41.251     0.0000526     0.0001539           4        4488           0
   41.420     0.0000451     0.0002561           4        4488           0
   41.589     0.0004632     0.0003470           4        4488           0
   41.759     0.0019270     0.0001770           4        4488           0
   41.928     0.0001128     0.0008633           4        4508           0
   42.097     0.0001405     0.0006052           4        4508           0
   42.267     0.0007348     0.0007419           4        4488           0
