wave flux error channelflag bitflag stitchflag
    5.127     0.0023401     0.0040512           1         392           0
    5.157     0.0022846     0.0024898           1         136           0
    5.187     0.0005697     0.0012596           1         136           0
    5.217     0.0007699     0.0007085           1         136           0
    5.247     0.0003711     0.0007462           1         136           0
    5.278    -0.0001462     0.0007263           1         136           0
    5.308     0.0012432     0.0006618           1         136           0
    5.338     0.0001482     0.0007716           1         392           0
    5.368    -0.0002757     0.0005877           1         392           0
    5.399     0.0004885     0.0007407           1       16776           0
    5.429     0.0008869     0.0006447           1       16796           0
    5.459    -0.0000007     0.0006268           1       16796           0
    5.489    -0.0005745     0.0005825           1         392           0
    5.520    -0.0001490     0.0005911           1         392           0
    5.550     0.0007148     0.0005040           1         392           0
    5.580     0.0001876     0.0006029           1         392           0
    5.610    -0.0001042     0.0006002           1         392           0
    5.641     0.0003612     0.0005708           1        8468           0
    5.671     0.0002860     0.0005607           1        8468           0
    5.701     0.0002732     0.0005550           1         392           0
    5.731     0.0000738     0.0005045           1         392           0
    5.762    -0.0000223     0.0005656           1         412           0
    5.792     0.0001889     0.0005682           1         412           0
    5.822    -0.0000838     0.0006573           1         392           0
    5.852     0.0004295     0.0007500           1         392           0
    5.883     0.0009812     0.0007001           1         392           0
    5.913     0.0006404     0.0006696           1         136           0
    5.943     0.0010064     0.0007813           1         136           0
    5.973     0.0010841     0.0006706           1         136           0
    6.004     0.0006209     0.0006796           1         136           0
    6.034     0.0004726     0.0006529           1         136           0
    6.064     0.0001552     0.0006664           1         392           0
    6.094     0.0001760     0.0005145           1         392           0
    6.125     0.0024662     0.0005504           1         392           0
    6.155     0.0010687     0.0007520           1         392           0
    6.185     0.0006145     0.0007366           1         392           0
    6.215     0.0009257     0.0007724           1         392           0
    6.245     0.0009426     0.0007464           1         392           0
    6.276     0.0005722     0.0005759           1         392           0
    6.306     0.0009684     0.0008385           1         392           0
    6.336     0.0010541     0.0008004           1         392           0
    6.366     0.0006790     0.0006908           1         392           0
    6.397     0.0004540     0.0007216           1         392           0
    6.427     0.0004065     0.0006893           1         392           0
    6.457     0.0001712     0.0006926           1         392           0
    6.487     0.0010187     0.0006698           1         392           0
    6.518     0.0005203     0.0008070           1         392           0
    6.548     0.0007069     0.0008652           1         392           0
    6.578     0.0017093     0.0009420           1         392           0
    6.608     0.0013908     0.0009474           1         392           0
    6.639     0.0012153     0.0009010           1         136           0
    6.669     0.0014434     0.0008938           1         136           0
    6.699     0.0007904     0.0008030           1         136           0
    6.729     0.0013909     0.0009068           1         136           0
    6.760     0.0014646     0.0012304           1         136           0
    6.790     0.0009999     0.0008988           1         392           0
    6.820     0.0001175     0.0008810           1         392           0
    6.850     0.0001936     0.0008827           1         392           0
    6.881     0.0004228     0.0009184           1         392           0
    6.911    -0.0004441     0.0006434           1         392           0
    6.941    -0.0006194     0.0011733           1         392           0
    6.971    -0.0007669     0.0008641           1         392           0
    7.002     0.0003826     0.0011047           1         392           0
    7.032     0.0001330     0.0011714           1         392           0
    7.062    -0.0007527     0.0012282           1         392           0
    7.092    -0.0000111     0.0009423           1         392           0
    7.122     0.0000427     0.0008401           1         392           0
    7.153    -0.0000036     0.0010514           1         392           0
    7.183    -0.0007723     0.0010255           1         392           0
    7.213    -0.0013966     0.0010901           1         392           0
    7.243    -0.0013535     0.0008902           1         392           0
    7.274    -0.0009304     0.0011628           1         392           0
    7.304    -0.0006591     0.0011456           1         392           0
    7.334     0.0008156     0.0015316           1       53312           0
    7.395     0.0008617     0.0014774           1       18496           0
    7.455     0.0014722     0.0016445           1       18496           0
    7.516     0.0019965     0.0015847           1       53312           0
    7.576     0.0011545     0.0020048           1      153664           0
    7.637     0.0005299     0.0006372           1         392           0
    7.697     0.0017327     0.0004990           1         392           0
    7.758     0.0009422     0.0009805           1         392           0
    7.818     0.0012256     0.0009998           1         392           0
    7.879     0.0011583     0.0008406           1         392           0
    7.939     0.0014020     0.0008689           1         392           0
    8.000     0.0017666     0.0009101           1         392           0
    8.060     0.0018954     0.0008101           1         392           0
    8.120     0.0017482     0.0007996           1         392           0
    8.181     0.0023321     0.0008068           1         392           0
    8.241     0.0026975     0.0008275           1         392           0
    8.302     0.0023344     0.0008041           1         392           0
    8.362     0.0024667     0.0005150           2       16796           0
    8.423     0.0024601     0.0004994           2       16796           0
    8.483     0.0021642     0.0004867           2       16792           0
    8.544     0.0019722     0.0005348           2       16776           0
    8.604     0.0016817     0.0005808           2         392           0
    8.665     0.0011788     0.0004029           2         392           0
    8.725     0.0012972     0.0004857           2         392           0
    8.786     0.0008280     0.0004757           2         392           0
    8.846     0.0010189     0.0004431           2         392           0
    8.907     0.0007405     0.0004669           2         392           0
    8.967     0.0005788     0.0004641           2         392           0
    9.028     0.0008489     0.0004827           2         136           0
    9.088     0.0010036     0.0004905           2         136           0
    9.149     0.0012234     0.0005123           2         136           0
    9.209     0.0017439     0.0004728           2         136           0
    9.270     0.0012493     0.0004387           2         136           0
    9.330     0.0012588     0.0004643           2         136           0
    9.391     0.0013396     0.0004927           2         392           0
    9.451     0.0010578     0.0005291           2         392           0
    9.512     0.0006553     0.0003825           2         392           0
    9.572     0.0007108     0.0004653           2         392           0
    9.633     0.0005697     0.0004295           2         392           0
    9.693     0.0007977     0.0004233           2         392           0
    9.754     0.0006530     0.0002917           2       16796           0
    9.814     0.0007593     0.0003567           2       16796           0
    9.875     0.0001079     0.0003572           2         392           0
    9.935     0.0006800     0.0004250           2         392           0
    9.995     0.0006298     0.0003866           2         392           0
   10.056     0.0007009     0.0003931           2         392           0
   10.116     0.0008714     0.0004238           2         392           0
   10.177     0.0006074     0.0004290           2         392           0
   10.237     0.0005083     0.0004187           2         392           0
   10.298     0.0007976     0.0003890           2         392           0
   10.358     0.0007719     0.0004145           2         392           0
   10.419     0.0007340     0.0004706           2         392           0
   10.479     0.0009694     0.0004484           2         392           0
   10.540     0.0005867     0.0004622           2         392           0
   10.600     0.0003439     0.0004086           2         392           0
   10.661     0.0001741     0.0004233           2         392           0
   10.721     0.0001037     0.0004187           2         392           0
   10.782    -0.0000491     0.0004476           2         392           0
   10.842     0.0003973     0.0004719           2         392           0
   10.903     0.0001448     0.0004590           2         392           0
   10.963     0.0000083     0.0004965           2         392           0
   11.024     0.0005518     0.0004866           2         392           0
   11.084     0.0003915     0.0004863           2         392           0
   11.145     0.0003507     0.0005010           2         392           0
   11.205     0.0006097     0.0005036           2         392           0
   11.266     0.0008707     0.0005529           2         392           0
   11.326     0.0001483     0.0004164           2         392           0
   11.387     0.0005087     0.0004691           2         412           0
   11.447     0.0002372     0.0004505           2         412           0
   11.508     0.0007924     0.0005338           2         392           0
   11.568     0.0008744     0.0004752           2         392           0
   11.628     0.0017752     0.0005252           2         392           0
   11.689     0.0015040     0.0006120           2         392           0
   11.750     0.0008603     0.0006952           2         392           0
   11.810     0.0026892     0.0004650           2         392           0
   11.870     0.0032739     0.0005588           2         392           0
   11.931     0.0023825     0.0004215           2         392           0
   11.991     0.0019462     0.0004489           2         392           0
   12.052     0.0027154     0.0004504           2         392           0
   12.112     0.0033142     0.0005488           2         392           0
   12.173     0.0037474     0.0003658           2         392           0
   12.233     0.0023316     0.0005430           2         392           0
   12.294     0.0017735     0.0005877           2         392           0
   12.354     0.0018543     0.0006118           2         392           0
   12.415     0.0016881     0.0005748           2         392           0
   12.475     0.0012095     0.0005849           2         392           0
   12.536     0.0012983     0.0006282           2         392           0
   12.596     0.0015359     0.0006066           2         392           0
   12.657     0.0017560     0.0005509           2         392           0
   12.717     0.0020141     0.0005462           2         392           0
   12.778     0.0019415     0.0006161           2         392           0
   12.838     0.0022650     0.0006310           2         392           0
   12.899     0.0020496     0.0006359           2         392           0
   12.959     0.0022733     0.0006360           2         392           0
   13.020     0.0022864     0.0006596           2         392           0
   13.080     0.0016264     0.0006719           2         392           0
   13.141     0.0015239     0.0007237           2         392           0
   13.201     0.0024397     0.0005954           2         392           0
   13.262     0.0022292     0.0005810           2         392           0
   13.322     0.0019221     0.0007349           2         392           0
   13.383     0.0026520     0.0008000           2         392           0
   13.443     0.0026791     0.0007849           2         392           0
   13.503     0.0022061     0.0008511           2         392           0
   13.564     0.0023317     0.0008261           2         392           0
   13.625     0.0017617     0.0007521           2         392           0
   13.685     0.0032885     0.0006801           2         392           0
   13.745     0.0017528     0.0007993           2         392           0
   13.806     0.0031191     0.0007980           2         392           0
   13.866     0.0028416     0.0008121           2         392           0
   13.927     0.0020928     0.0008575           2         392           0
   13.987     0.0022065     0.0008964           2         392           0
   14.048     0.0017640     0.0008926           2         392           0
   14.108     0.0017717     0.0008148           2         392           0
   14.154     0.0014253     0.0027701           3        4360           0
   14.239     0.0009265     0.0006404           3        4360           0
   14.323     0.0010058     0.0005980           3        4360           0
   14.408     0.0010719     0.0005689           3        4360           0
   14.493     0.0012129     0.0005794           3        4360           0
   14.577     0.0013930     0.0007357           3        4360           0
   14.662     0.0017918     0.0009173           3        4360           0
   14.747     0.0015405     0.0006638           3        4360           0
   14.832     0.0012013     0.0008500           3        4360           0
   14.916     0.0013866     0.0047590           3        4360           0
   15.001     0.0014610     0.0008203           3        4360           0
   15.085     0.0008983     0.0005894           3        4360           0
   15.170     0.0008538     0.0006675           3        4360           0
   15.255     0.0004466     0.0006944           3        4360           0
   15.340     0.0005926     0.0006141           3        4360           0
   15.424     0.0007251     0.0005635           3        4360           0
   15.509     0.0010520     0.0006575           3        4360           0
   15.594     0.0008081     0.0007463           3        4360           0
   15.678     0.0021618     0.0006499           3        4360           0
   15.763     0.0010071     0.0005268           3        4360           0
   15.848     0.0008533     0.0007535           3        4360           0
   15.932     0.0008379     0.0009533           3        4360           0
   16.017     0.0001740     0.0008280           3        4360           0
   16.102     0.0000721     0.0009138           3        4360           0
   16.186     0.0021805     0.0007398           3        4360           0
   16.271     0.0008212     0.0006196           3        4360           0
   16.356     0.0008805     0.0006886           3        4360           0
   16.440     0.0009280     0.0007451           3        4360           0
   16.525     0.0014747     0.0005681           3        4360           0
   16.610     0.0020069     0.0004890           3        4360           0
   16.694     0.0006861     0.0007116           3        4360           0
   16.779     0.0010760     0.0007112           3        4360           0
   16.864     0.0008771     0.0010504           3        4360           0
   16.948     0.0012706     0.0018114           3        4360           0
   17.033     0.0010711     0.0007172           3        4360           0
   17.118     0.0004221     0.0013788           3        4360           0
   17.202     0.0011602     0.0009531           3        4360           0
   17.287     0.0011754     0.0008316           3        4360           0
   17.372     0.0017375     0.0009972           3        4360           0
   17.456     0.0010644     0.0008921           3        4360           0
   17.541     0.0013777     0.0006083           3        4360           0
   17.626     0.0016318     0.0006882           3        4360           0
   17.711     0.0013321     0.0010320           3        4360           0
   17.795     0.0030249     0.0009572           3        4360           0
   17.880     0.0029698     0.0007326           3        4360           0
   17.965     0.0019980     0.0009468           3        4360           0
   18.049     0.0030483     0.0011050           3        4360           0
   18.134     0.0022861     0.0009855           3        4360           0
   18.219     0.0013544     0.0010949           3        4360           0
   18.303     0.0015545     0.0032337           3        4360           0
   18.388     0.0039464     0.0012315           3        4360           0
   18.472     0.0026785     0.0016467           3        4360           0
   18.557     0.0023990     0.0011667           3        4360           0
   18.642     0.0025629     0.0008028           3        4360           0
   18.727     0.0022757     0.0013663           3        4360           0
   18.811     0.0024983     0.0007478           3        4360           0
   18.896     0.0027994     0.0007385           3        4360           0
   18.981     0.0025200     0.0013041           3        4360           0
   19.065     0.0019220     0.0015444           3        4360           0
   19.150     0.0026629     0.0014923           3        4360           0
   19.235     0.0029526     0.0016129           3    19009600           0
   19.404     0.0043504     0.0026699           3    19009600           0
   19.573     0.0023453     0.0017761           3    19009600           0
   19.743     0.0021279     0.0014880           3    19009600           0
   19.912     0.0025828     0.0050197           3    19009600           0
   20.081     0.0025570     0.0033435           3    19009600           0
   20.251     0.0028943     0.0036400           3    19009600           0
   20.420     0.0020203     0.0015208           3    19009600           0
   20.590     0.0025708     0.0015371           3    19009600           0
   20.759     0.0038657     0.0020509           3    19009600           0
   20.928     0.0022880     0.0019798           3    19009600           0
   21.097     0.0021315     0.0022194           3    19009600           0
   21.267     0.0026350     0.0015664           4        4360           0
   21.436     0.0022767     0.0010618           4        4360           0
   21.606     0.0009612     0.0011715           4        4360           0
   21.775     0.0019570     0.0010502           4        4360           0
   21.944     0.0017938     0.0025638           4        4360           0
   22.114     0.0015521     0.0013469           4        4360           0
   22.283     0.0006496     0.0055915           4        4360           0
   22.452     0.0016292     0.0060010           4        4360           0
   22.622     0.0023733     0.0016169           4        4360           0
   22.791     0.0022152     0.0008981           4        4360           0
   22.960     0.0027545     0.0007039           4        4360           0
   23.130     0.0030142     0.0008942           4        4360           0
   23.299     0.0030618     0.0010233           4        4360           0
   23.469     0.0030796     0.0043887           4        4360           0
   23.638     0.0028128     0.0057212           4        4360           0
   23.807     0.0032687     0.0033396           4        4360           0
   23.976     0.0025728     0.0032163           4        4360           0
   24.146     0.0030568     0.0032064           4        4360           0
   24.315     0.0035974     0.0018167           4        4360           0
   24.485     0.0031628     0.0020305           4        4360           0
   24.654     0.0033505     0.0050382           4        4360           0
   24.823     0.0029402     0.0054728           4        4360           0
   24.993     0.0018068     0.0042126           4        4360           0
   25.162     0.0030890     0.0009312           4        4360           0
   25.331     0.0027591     0.0013116           4        4360           0
   25.501     0.0029366     0.0011519           4        4360           0
   25.670     0.0027267     0.0008414           4        4360           0
   25.839     0.0026581     0.0036154           4        4360           0
   26.009     0.0039943     0.0012858           4        4360           0
   26.178     0.0030715     0.0012814           4        4360           0
   26.347     0.0040670     0.0024516           4        4360           0
   26.517     0.0024209     0.0019927           4        4360           0
   26.686     0.0042682     0.0017114           4        4360           0
   26.856     0.0024233     0.0016652           4        4360           0
   27.025     0.0027374     0.0011549           4        4360           0
   27.194     0.0034564     0.0007602           4        4360           0
   27.364     0.0043200     0.0007153           4        4360           0
   27.533     0.0043375     0.0007822           4        4360           0
   27.702     0.0042346     0.0008851           4        4360           0
   27.872     0.0047389     0.0010854           4        4360           0
   28.041     0.0038695     0.0011019           4        4360           0
   28.210     0.0003249     0.0010748           4        4360           0
   28.380     0.0033570     0.0011797           4        4360           0
   28.549     0.0038571     0.0008606           4        4360           0
   28.719     0.0046873     0.0008107           4        4360           0
   28.888     0.0048178     0.0067051           4        4360           0
   29.057     0.0054789     0.0015515           4        4360           0
   29.226     0.0040859     0.0011796           4        4360           0
   29.396     0.0095161     0.0011370           4        4360           0
   29.565     0.0104217     0.0056738           4        4360           0
   29.735     0.0049217     0.0044790           4        4360           0
   29.904     0.0041767     0.0025951           4        4360           0
   30.073     0.0037112     0.0053085           4        4360           0
   30.243     0.0037340     0.0055567           4        4360           0
   30.412     0.0053992     0.0019914           4        4360           0
   30.581     0.0056068     0.0073150           4        4360           0
   30.751     0.0056092     0.0013598           4        4360           0
   30.920     0.0060724     0.0013459           4        4360           0
   31.089     0.0044446     0.0032472           4        4360           0
   31.259     0.0043166     0.0015177           4        4360           0
   31.428     0.0043823     0.0039441           4        4360           0
   31.597     0.0051855     0.0073775           4        4360           0
   31.767     0.0052632     0.0056510           4        4360           0
   31.936     0.0065972     0.0039427           4        4360           0
   32.105     0.0058572     0.0022502           4        4360           0
   32.275     0.0032333     0.0021518           4        4360           0
   32.444     0.0042489     0.0024832           4        4360           0
   32.614     0.0053340     0.0013069           4        4360           0
   32.783     0.0043666     0.0019336           4        4360           0
   32.952     0.0019893     0.0020100           4        4360           0
   33.122     0.0061917     0.0024550           4        4360           0
   33.291     0.0053188     0.0026966           4        4360           0
   33.460     0.0063434     0.0023793           4        4360           0
   33.630     0.0039604     0.0022087           4        4360           0
   33.799     0.0051956     0.0021959           4        4360           0
   33.968     0.0069356     0.0022885           4        4360           0
   34.138     0.0052297     0.0027914           4        4360           0
   34.307     0.0008631     0.0019012           4        4360           0
   34.477     0.0052260     0.0026610           4        4360           0
   34.646     0.0084760     0.0030675           4        4360           0
   34.815     0.0064701     0.0049136           4        4360           0
   34.985     0.0109342     0.0192793           4        4360           0
   35.154     0.0026694     0.0757318           4        4360           0
   35.323     0.0015735     0.0091937           4        4360           0
   35.493     0.0047418     0.0562356           4        4360           0
   35.662     0.0067982     0.0271234           4        4360           0
   35.831     0.0061108     0.0122962           4        4360           0
   36.001     0.0084976     0.0054360           4        4360           0
   36.170     0.0057197     0.0044048           4        4360           0
   36.339     0.0061453     0.0073995           4        4360           0
   36.509     0.0038828     0.0072363           4        4360           0
   36.678    -0.0002578     0.0086479           4        4360           0
   36.847    -0.0026259     0.0127514           4        4360           0
   37.017    -0.0054438     0.0084293           4        4360           0
   37.186     0.0023353     0.0117514           4        4360           0
   37.355     0.0045966     0.0086917           4        4360           0
   37.525     0.0275087     0.0070922           4        4360           0
   37.694     0.0119416     0.0389325           4        4360           0
   37.864     0.0031818     0.0323933           4        4360           0
   38.033    -0.0009003     0.0410770           4        4360           0
   38.202     0.0068376     0.0629861           4        4360           0
   38.372     0.0154128     0.0384094           4        4360           0
   38.541     0.2086135     0.1587347           4        4360           0
   38.710    -0.0214877     0.0412511           4        4360           0
   38.880     0.0076187     0.0194106           4        4360           0
   39.049    -0.0309316     0.1562352           4        4360           0
   39.218    -0.0401285     0.0585028           4        4360           0
   39.388    -0.0235945     0.0264719           4        4360           0
   39.557    -0.0151415     0.1793051           4        4360           0
   39.727     0.0075114     0.3029467           4        4360           0
   39.896    -0.0057080     0.0574777           4        4488           0
   40.065    -0.0000993     0.0104827           4        4488           0
   40.235    -0.0001016     0.0123296           4        4488           0
   40.404    -0.0000480     0.0039652           4        4488           0
   40.573     0.0004912     0.0018882           4        4488           0
   40.743     0.0002270     0.0380486           4        4508           0
   40.912     0.0006642     0.0067349           4        4488           0
   41.081    -0.0000311     0.0006919           4        4488           0
   41.251    -0.0000080     0.0006901           4        4488           0
   41.420    -0.0000354     0.0003801           4        4488           0
   41.589    -0.0002282     0.0005615           4        4488           0
   41.759    -0.0002858     0.0083465           4        4488           0
   41.928    -0.0000587     0.0269784           4        4508           0
   42.097    -0.0000654     0.0065684           4        4508           0
   42.267    -0.0016431     0.0062796           4        4488           0
