wave flux error channelflag bitflag stitchflag
    5.127     0.0002664     0.0036594           1         392           0
    5.157     0.0010762     0.0020014           1         136           0
    5.187     0.0008300     0.0012334           1         136           0
    5.217     0.0001223     0.0007293           1         136           0
    5.247     0.0008452     0.0008010           1         136           0
    5.278     0.0004332     0.0006865           1         136           0
    5.308     0.0003943     0.0006646           1         136           0
    5.338     0.0005422     0.0006127           1         392           0
    5.368     0.0007647     0.0006654           1         392           0
    5.399    -0.0001186     0.0005081           1       16776           0
    5.429     0.0003840     0.0006071           1       16796           0
    5.459     0.0005709     0.0005673           1       16796           0
    5.489     0.0002927     0.0005497           1         392           0
    5.520     0.0002427     0.0005517           1         392           0
    5.550     0.0003294     0.0005128           1         392           0
    5.580     0.0005443     0.0005473           1         392           0
    5.610     0.0004393     0.0006241           1         392           0
    5.641    -0.0001034     0.0005308           1        8468           0
    5.671     0.0000207     0.0005414           1        8468           0
    5.701     0.0003803     0.0005462           1         392           0
    5.731     0.0001583     0.0005001           1         392           0
    5.762     0.0002686     0.0004981           1         412           0
    5.792     0.0003505     0.0005454           1         412           0
    5.822     0.0001312     0.0005425           1         392           0
    5.852    -0.0000676     0.0005543           1         392           0
    5.883     0.0003580     0.0006462           1         392           0
    5.913     0.0006271     0.0005498           1         136           0
    5.943     0.0003802     0.0006994           1         136           0
    5.973     0.0001011     0.0005930           1         136           0
    6.004    -0.0002355     0.0005491           1         136           0
    6.034    -0.0002221     0.0005810           1         136           0
    6.064     0.0003604     0.0005327           1         392           0
    6.094     0.0008158     0.0005786           1         392           0
    6.125     0.0006148     0.0005912           1         392           0
    6.155     0.0006144     0.0005923           1         392           0
    6.185     0.0004412     0.0005706           1         392           0
    6.215     0.0004953     0.0005995           1         392           0
    6.245     0.0007713     0.0006226           1         392           0
    6.276     0.0007372     0.0005566           1         392           0
    6.306     0.0006155     0.0006144           1         392           0
    6.336     0.0008340     0.0007213           1         392           0
    6.366     0.0008680     0.0006855           1         392           0
    6.397     0.0008384     0.0006197           1         392           0
    6.427     0.0007045     0.0006605           1         392           0
    6.457     0.0005218     0.0006390           1         392           0
    6.487     0.0003795     0.0006264           1         392           0
    6.518     0.0001169     0.0007102           1         392           0
    6.548     0.0000270     0.0007352           1         392           0
    6.578     0.0003731     0.0009182           1         392           0
    6.608     0.0001638     0.0007978           1         392           0
    6.639     0.0000793     0.0007057           1         136           0
    6.669     0.0013069     0.0007406           1         136           0
    6.699     0.0015913     0.0007075           1         136           0
    6.729     0.0000773     0.0006889           1         136           0
    6.760     0.0010670     0.0007998           1         136           0
    6.790     0.0009800     0.0008532           1         392           0
    6.820     0.0015949     0.0008601           1         392           0
    6.850     0.0019317     0.0008344           1         392           0
    6.881     0.0028272     0.0008764           1         392           0
    6.911     0.0038391     0.0008015           1         392           0
    6.941     0.0045798     0.0008609           1         392           0
    6.971     0.0033624     0.0009788           1         392           0
    7.002     0.0020719     0.0009404           1         392           0
    7.032     0.0018320     0.0009661           1         392           0
    7.062     0.0026650     0.0010544           1         392           0
    7.092     0.0022170     0.0009752           1         392           0
    7.122     0.0016936     0.0009205           1         392           0
    7.153     0.0008587     0.0007267           1         392           0
    7.183     0.0011572     0.0009042           1         392           0
    7.213     0.0010324     0.0009500           1         392           0
    7.243     0.0013412     0.0009892           1         392           0
    7.274     0.0009797     0.0009364           1         392           0
    7.304     0.0008392     0.0010322           1         392           0
    7.334     0.0015338     0.0013659           1       53312           0
    7.395     0.0007101     0.0016026           1       18496           0
    7.455     0.0010590     0.0013717           1       18496           0
    7.516     0.0010304     0.0013850           1       53312           0
    7.576     0.0014333     0.0018554           1      153664           0
    7.637     0.0013738     0.0007245           1         392           0
    7.697     0.0024367     0.0006347           1         392           0
    7.758     0.0019837     0.0008689           1         392           0
    7.818     0.0020091     0.0008505           1         392           0
    7.879     0.0016582     0.0008124           1         392           0
    7.939     0.0019277     0.0007592           1         392           0
    8.000     0.0021422     0.0008003           1         392           0
    8.060     0.0023807     0.0007268           1         392           0
    8.120     0.0027648     0.0007123           1         392           0
    8.181     0.0031459     0.0006806           1         392           0
    8.241     0.0037589     0.0006714           1         392           0
    8.302     0.0052327     0.0006545           1         392           0
    8.362     0.0058181     0.0004446           2       16796           0
    8.423     0.0065668     0.0003751           2       16796           0
    8.483     0.0065722     0.0004183           2       16792           0
    8.544     0.0059178     0.0003949           2       16776           0
    8.604     0.0057602     0.0002911           2         392           0
    8.665     0.0063991     0.0003370           2         392           0
    8.725     0.0060987     0.0004313           2         392           0
    8.786     0.0051376     0.0004494           2         392           0
    8.846     0.0047465     0.0003912           2         392           0
    8.907     0.0046798     0.0004402           2         392           0
    8.967     0.0036291     0.0003448           2         392           0
    9.028     0.0033142     0.0004828           2         136           0
    9.088     0.0028787     0.0004493           2         136           0
    9.149     0.0027032     0.0004088           2         136           0
    9.209     0.0030134     0.0004014           2         136           0
    9.270     0.0027797     0.0004303           2         136           0
    9.330     0.0027392     0.0005339           2         136           0
    9.391     0.0031745     0.0004379           2         392           0
    9.451     0.0036846     0.0004592           2         392           0
    9.512     0.0032538     0.0004156           2         392           0
    9.572     0.0035278     0.0004278           2         392           0
    9.633     0.0032425     0.0004171           2         392           0
    9.693     0.0031054     0.0003771           2         392           0
    9.754     0.0030943     0.0003678           2       16796           0
    9.814     0.0021477     0.0003600           2       16796           0
    9.875     0.0018319     0.0003738           2         392           0
    9.935     0.0014664     0.0003616           2         392           0
    9.995     0.0014554     0.0003407           2         392           0
   10.056     0.0012360     0.0003628           2         392           0
   10.116     0.0011139     0.0003549           2         392           0
   10.177     0.0010728     0.0003579           2         392           0
   10.237     0.0011641     0.0003333           2         392           0
   10.298     0.0011282     0.0003621           2         392           0
   10.358     0.0010058     0.0003755           2         392           0
   10.419     0.0012194     0.0003682           2         392           0
   10.479     0.0011912     0.0003924           2         392           0
   10.540     0.0013244     0.0004085           2         392           0
   10.600     0.0014715     0.0003257           2         392           0
   10.661     0.0011057     0.0004081           2         392           0
   10.721     0.0011519     0.0003958           2         392           0
   10.782     0.0009043     0.0004093           2         392           0
   10.842     0.0009615     0.0003207           2         392           0
   10.903     0.0006810     0.0004083           2         392           0
   10.963     0.0010002     0.0004320           2         392           0
   11.024     0.0013359     0.0004576           2         392           0
   11.084     0.0010644     0.0004640           2         392           0
   11.145     0.0010507     0.0004723           2         392           0
   11.205     0.0009052     0.0004735           2         392           0
   11.266     0.0011802     0.0004729           2         392           0
   11.326     0.0010459     0.0004742           2         392           0
   11.387     0.0010855     0.0004765           2         412           0
   11.447     0.0010847     0.0004904           2         412           0
   11.508     0.0013887     0.0004884           2         392           0
   11.568     0.0013947     0.0005223           2         392           0
   11.628     0.0013788     0.0005693           2         392           0
   11.689     0.0011744     0.0005262           2         392           0
   11.750     0.0012189     0.0005308           2         392           0
   11.810     0.0015740     0.0005106           2         392           0
   11.870     0.0014846     0.0004837           2         392           0
   11.931     0.0011191     0.0004974           2         392           0
   11.991     0.0009360     0.0005138           2         392           0
   12.052     0.0020298     0.0005097           2         392           0
   12.112     0.0018826     0.0005309           2         392           0
   12.173     0.0020689     0.0005481           2         392           0
   12.233     0.0024924     0.0005107           2         392           0
   12.294     0.0029452     0.0005108           2         392           0
   12.354     0.0031927     0.0004458           2         392           0
   12.415     0.0039549     0.0005269           2         392           0
   12.475     0.0071251     0.0003522           2         392           0
   12.536     0.0078362     0.0004505           2         392           0
   12.596     0.0065001     0.0005010           2         392           0
   12.657     0.0050859     0.0005045           2         392           0
   12.717     0.0045098     0.0004927           2         392           0
   12.778     0.0038129     0.0004391           2         392           0
   12.838     0.0036754     0.0004914           2         392           0
   12.899     0.0031011     0.0005240           2         392           0
   12.959     0.0030718     0.0006095           2         392           0
   13.020     0.0032080     0.0005924           2         392           0
   13.080     0.0033447     0.0005732           2         392           0
   13.141     0.0033150     0.0006487           2         392           0
   13.201     0.0033678     0.0006095           2         392           0
   13.262     0.0035157     0.0006224           2         392           0
   13.322     0.0028254     0.0005615           2         392           0
   13.383     0.0034935     0.0006971           2         392           0
   13.443     0.0053736     0.0004804           2         392           0
   13.503     0.0027323     0.0005632           2         392           0
   13.564     0.0027341     0.0005703           2         392           0
   13.625     0.0038027     0.0006826           2         392           0
   13.685     0.0041088     0.0007269           2         392           0
   13.745     0.0034756     0.0006555           2         392           0
   13.806     0.0047063     0.0006322           2         392           0
   13.866     0.0046131     0.0007821           2         392           0
   13.927     0.0049444     0.0007640           2         392           0
   13.987     0.0051779     0.0007956           2         392           0
   14.048     0.0051091     0.0008153           2         392           0
   14.108     0.0047469     0.0008298           2         392           0
   14.169     0.0054785     0.0009413           2         392           0
   14.229     0.0078683     0.0008012           2         392           0
   14.290     0.0048887     0.0005803           2         392           0
   14.350     0.0060150     0.0004090           2         392           0
   14.411     0.0043490     0.0002520           2         392           0
   14.493     0.0037060     0.0003609           3        4360           0
   14.577     0.0031146     0.0003707           3        4360           0
   14.662     0.0026963     0.0004836           3        4360           0
   14.747     0.0030943     0.0004599           3        4360           0
   14.832     0.0030831     0.0004484           3        4360           0
   14.916     0.0031484     0.0005467           3        4360           0
   15.001     0.0024390     0.0004963           3        4360           0
   15.085     0.0029278     0.0006322           3        4360           0
   15.170     0.0040121     0.0003513           3        4360           0
   15.255     0.0033850     0.0004537           3        4360           0
   15.340     0.0024848     0.0004446           3        4360           0
   15.424     0.0024557     0.0003499           3        4360           0
   15.509     0.0026485     0.0018187           3        4360           0
   15.594     0.0026024     0.0012561           3        4360           0
   15.678     0.0027001     0.0009038           3        4360           0
   15.763     0.0031587     0.0015676           3        4360           0
   15.848     0.0036366     0.0004349           3        4360           0
   15.932     0.0033827     0.0005245           3        4360           0
   16.017     0.0027337     0.0006004           3        4360           0
   16.102     0.0028747     0.0017848           3        4360           0
   16.186     0.0029024     0.0006518           3        4360           0
   16.271     0.0029523     0.0006467           3        4360           0
   16.356     0.0032547     0.0005814           3        4360           0
   16.440     0.0027319     0.0005283           3        4360           0
   16.525     0.0027888     0.0005469           3        4360           0
   16.610     0.0024112     0.0005060           3        4360           0
   16.694     0.0023791     0.0004831           3        4360           0
   16.779     0.0030213     0.0004763           3        4360           0
   16.864     0.0026703     0.0004388           3        4360           0
   16.948     0.0029046     0.0006714           3        4360           0
   17.033     0.0030513     0.0005783           3        4360           0
   17.118     0.0022371     0.0010571           3        4360           0
   17.202     0.0030220     0.0007847           3        4360           0
   17.287     0.0048906     0.0005557           3        4360           0
   17.372     0.0052251     0.0023360           3        4360           0
   17.456     0.0039304     0.0007522           3        4360           0
   17.541     0.0038595     0.0007360           3        4360           0
   17.626     0.0037936     0.0007429           3        4360           0
   17.711     0.0035279     0.0006368           3        4360           0
   17.795     0.0033126     0.0010508           3        4360           0
   17.880     0.0040871     0.0019761           3        4360           0
   17.965     0.0044549     0.0005438           3        4360           0
   18.049     0.0035962     0.0009054           3        4360           0
   18.134     0.0033272     0.0007094           3        4360           0
   18.219     0.0050088     0.0007666           3        4360           0
   18.303     0.0057842     0.0005924           3        4360           0
   18.388     0.0054030     0.0007644           3        4360           0
   18.472     0.0057415     0.0040577           3        4360           0
   18.557     0.0047979     0.0010298           3        4360           0
   18.642     0.0060011     0.0034173           3        4360           0
   18.727     0.0065075     0.0023619           3        4360           0
   18.811     0.0054836     0.0017500           3        4360           0
   18.896     0.0056544     0.0013098           3        4360           0
   18.981     0.0056534     0.0005607           3        4360           0
   19.065     0.0062552     0.0007218           3        4360           0
   19.150     0.0064561     0.0008804           3        4360           0
   19.235     0.0038560     0.0013260           3    19009600           0
   19.404     0.0059906     0.0023354           3    19009600           0
   19.573     0.0052056     0.0016539           3    19009600           0
   19.743     0.0053580     0.0010286           3    19009600           0
   19.912     0.0045231     0.0042116           3    19009600           0
   20.081     0.0037066     0.0033563           3        4360           0
   20.251     0.0042698     0.0022943           3        4360           0
   20.420     0.0046168     0.0017109           3        4360           0
   20.590     0.0059744     0.0026078           3        4360           0
   20.759     0.0076101     0.0015453           3        4360           0
   20.928     0.0074896     0.0018289           3        4360           0
   21.097     0.0066857     0.0006567           4        4360           0
   21.267     0.0060686     0.0008744           4        4360           0
   21.436     0.0055412     0.0008093           4        4360           0
   21.606     0.0060461     0.0008032           4        4360           0
   21.775     0.0065388     0.0008498           4        4360           0
   21.944     0.0051533     0.0007536           4        4360           0
   22.114     0.0048370     0.0008874           4        4360           0
   22.283     0.0063625     0.0004588           4        4360           0
   22.452     0.0057789     0.0009415           4        4360           0
   22.622     0.0068504     0.0006194           4        4360           0
   22.791     0.0066307     0.0004204           4        4360           0
   22.960     0.0071772     0.0004539           4        4360           0
   23.130     0.0065200     0.0005936           4        4360           0
   23.299     0.0068786     0.0005701           4        4360           0
   23.469     0.0072885     0.0004863           4        4360           0
   23.638     0.0079244     0.0004337           4        4360           0
   23.807     0.0068472     0.0004624           4        4360           0
   23.976     0.0071939     0.0004228           4        4360           0
   24.146     0.0075490     0.0018688           4        4360           0
   24.315     0.0081941     0.0006807           4        4360           0
   24.485     0.0083360     0.0007216           4        4360           0
   24.654     0.0081484     0.0005155           4        4360           0
   24.823     0.0089316     0.0033453           4        4360           0
   24.993     0.0097923     0.0007473           4        4360           0
   25.162     0.0087519     0.0006325           4        4360           0
   25.331     0.0087028     0.0006982           4        4360           0
   25.501     0.0093192     0.0007798           4        4360           0
   25.670     0.0097323     0.0008326           4        4360           0
   25.839     0.0070299     0.0027959           4        4360           0
   26.009     0.0100405     0.0008707           4        4360           0
   26.178     0.0101984     0.0005423           4        4360           0
   26.347     0.0100893     0.0004416           4        4360           0
   26.517     0.0105548     0.0005409           4        4360           0
   26.686     0.0101877     0.0005181           4        4360           0
   26.856     0.0120203     0.0005334           4        4360           0
   27.025     0.0105038     0.0022532           4        4360           0
   27.194     0.0102717     0.0031006           4        4360           0
   27.364     0.0106746     0.0007563           4        4360           0
   27.533     0.0112808     0.0005535           4        4360           0
   27.702     0.0115258     0.0005303           4        4360           0
   27.872     0.0117224     0.0006925           4        4360           0
   28.041     0.0126234     0.0007088           4        4360           0
   28.210     0.0133029     0.0007079           4        4360           0
   28.380     0.0128919     0.0008291           4        4360           0
   28.549     0.0131420     0.0011934           4        4360           0
   28.719     0.0129644     0.0007125           4        4360           0
   28.888     0.0132375     0.0006886           4        4360           0
   29.057     0.0125543     0.0010982           4        4360           0
   29.226     0.0137025     0.0007322           4        4360           0
   29.396     0.0134893     0.0009848           4        4360           0
   29.565     0.0117003     0.0025418           4        4360           0
   29.735     0.0141690     0.0026603           4        4360           0
   29.904     0.0140532     0.0019194           4        4360           0
   30.073     0.0150034     0.0012919           4        4360           0
   30.243     0.0145553     0.0018797           4        4360           0
   30.412     0.0153528     0.0017285           4        4360           0
   30.581     0.0154705     0.0162909           4        4360           0
   30.751     0.0158624     0.0043508           4        4360           0
   30.920     0.0150062     0.0052285           4        4360           0
   31.089     0.0152772     0.0009981           4        4360           0
   31.259     0.0158443     0.0009787           4        4360           0
   31.428     0.0160240     0.0007339           4        4360           0
   31.597     0.0161849     0.0034643           4        4360           0
   31.767     0.0154513     0.0017531           4        4360           0
   31.936     0.0167839     0.0008522           4        4360           0
   32.105     0.0189609     0.0021538           4        4360           0
   32.275     0.0178140     0.0030123           4        4360           0
   32.444     0.0180106     0.0014592           4        4360           0
   32.614     0.0136881     0.0041417           4        4360           0
   32.783     0.0183330     0.0014609           4        4360           0
   32.952     0.0174620     0.0049061           4        4360           0
   33.122     0.0149129     0.0017188           4        4360           0
   33.291     0.0179927     0.0015481           4        4360           0
   33.460     0.0162730     0.0010588           4        4360           0
   33.630     0.0154053     0.0015610           4        4360           0
   33.799     0.0167971     0.0016737           4        4360           0
   33.968     0.0182328     0.0027649           4        4360           0
   34.138     0.0204556     0.0056638           4        4360           0
   34.307     0.0226388     0.0089650           4        4360           0
   34.477     0.0219950     0.0039160           4        4360           0
   34.646     0.0177835     0.0026538           4        4360           0
   34.815     0.0219494     0.0061337           4        4360           0
   34.985     0.0228165     0.0145278           4        4360           0
   35.154     0.0186566     0.0056315           4        4360           0
   35.323     0.0204630     0.0070790           4        4360           0
   35.493     0.0198683     0.0163951           4        4360           0
   35.662     0.0188322     0.0061583           4        4360           0
   35.831     0.0198231     0.0036730           4        4360           0
   36.001     0.0217974     0.0029248           4        4360           0
   36.170     0.0189637     0.0046489           4        4360           0
   36.339     0.0193776     0.0065847           4        4360           0
   36.509     0.0261883     0.0039282           4        4360           0
   36.678     0.0232756     0.0033701           4        4360           0
   36.847     0.0223724     0.0060581           4        4360           0
   37.017     0.0141067     0.0080362           4        4360           0
   37.186     0.0328571     0.0055067           4        4360           0
   37.355     0.0362328     0.0053860           4        4360           0
   37.525     0.0255933     0.0044955           4        4360           0
   37.694     0.0273876     0.0065379           4        4360           0
   37.864     0.0354620     0.0099278           4        4360           0
   38.033     0.0349558     0.0264809           4        4360           0
   38.202     0.0312792     0.0575779           4        4360           0
   38.372     0.0170443     0.0197247           4        4360           0
   38.541     0.0179600     0.0756269           4        4360           0
   38.710     0.0187957     0.0201876           4        4360           0
   38.880     0.0503167     0.0261621           4        4360           0
   39.049     0.0378993     0.3748338           4        4360           0
   39.218     0.0225261     0.1651189           4        4360           0
   39.388     0.0162843     0.0203857           4        4360           0
   39.557     0.0255326     0.0536244           4        4360           0
   39.727     0.0094212     0.0884939           4        4360           0
   39.896     0.0176446     0.0256846           4        4488           0
   40.065     0.0024958     0.0118488           4        4488           0
   40.235     0.0053454     0.0057910           4        4488           0
   40.404     0.0027491     0.0032944           4        4488           0
   40.573     0.0002092     0.0012381           4        4488           0
   40.743     0.0058750     0.0003770           4        4508           0
   40.912     0.0028079     0.0002831           4        4488           0
   41.081     0.0000065     0.0002139           4        4488           0
   41.251    -0.0000522     0.0001812           4        4488           0
   41.420    -0.0000150     0.0002692           4        4488           0
   41.589    -0.0004971     0.0002969           4        4488           0
   41.759     0.0004840     0.0001740           4        4488           0
   41.928     0.0008659     0.0009727           4        4508           0
   42.097    -0.0000404     0.0012796           4        4508           0
   42.267     0.0016931     0.0015612           4        4488           0
