wave flux error channelflag bitflag stitchflag
    5.127     0.0003146     0.0031302           1         392           0
    5.157     0.0000927     0.0019198           1         136           0
    5.187     0.0004310     0.0010501           1         136           0
    5.217     0.0000319     0.0006480           1         136           0
    5.247     0.0003953     0.0005844           1         136           0
    5.278    -0.0000179     0.0006189           1         136           0
    5.308     0.0003018     0.0006118           1         136           0
    5.338     0.0002388     0.0005601           1         392           0
    5.368     0.0002269     0.0004215           1         392           0
    5.399     0.0004003     0.0005546           1       16776           0
    5.429     0.0002543     0.0005391           1       16796           0
    5.459     0.0002091     0.0005039           1       16796           0
    5.489     0.0001052     0.0004679           1         392           0
    5.520     0.0004087     0.0004766           1         392           0
    5.550     0.0001186     0.0004919           1         392           0
    5.580     0.0002661     0.0004637           1         392           0
    5.610     0.0003412     0.0004596           1         392           0
    5.641     0.0003532     0.0005104           1        8468           0
    5.671     0.0002735     0.0004748           1        8468           0
    5.701     0.0003652     0.0004392           1         392           0
    5.731     0.0000733     0.0004140           1         392           0
    5.762     0.0000163     0.0004928           1         412           0
    5.792     0.0003016     0.0004840           1         412           0
    5.822     0.0000768     0.0005078           1         392           0
    5.852     0.0003148     0.0005604           1         392           0
    5.883     0.0000370     0.0005795           1         392           0
    5.913     0.0001202     0.0004664           1         136           0
    5.943     0.0003705     0.0005393           1         136           0
    5.973     0.0004363     0.0005319           1         136           0
    6.004     0.0003531     0.0005178           1         136           0
    6.034     0.0002088     0.0005101           1         136           0
    6.064    -0.0000336     0.0004822           1         392           0
    6.094    -0.0001653     0.0005124           1         392           0
    6.125     0.0002327     0.0005478           1         392           0
    6.155     0.0003042     0.0005099           1         392           0
    6.185     0.0001996     0.0005034           1         392           0
    6.215     0.0001487     0.0005401           1         392           0
    6.245     0.0002533     0.0005408           1         392           0
    6.276     0.0003142     0.0005675           1         392           0
    6.306     0.0005295     0.0005819           1         392           0
    6.336     0.0005645     0.0006110           1         392           0
    6.366     0.0003532     0.0005390           1         392           0
    6.397     0.0003905     0.0005788           1         392           0
    6.427     0.0002109     0.0005644           1         392           0
    6.457     0.0002369     0.0004466           1         392           0
    6.487     0.0007102     0.0005975           1         392           0
    6.518     0.0003056     0.0006154           1         392           0
    6.548     0.0001281     0.0006653           1         392           0
    6.578     0.0000870     0.0006629           1         392           0
    6.608     0.0004976     0.0006605           1         392           0
    6.639     0.0005158     0.0006849           1         136           0
    6.669     0.0001414     0.0006159           1         136           0
    6.699     0.0002193     0.0006544           1         136           0
    6.729     0.0006859     0.0006463           1         136           0
    6.760     0.0004599     0.0006510           1         136           0
    6.790     0.0007953     0.0006679           1         392           0
    6.820     0.0007190     0.0007545           1         392           0
    6.850     0.0006672     0.0007220           1         392           0
    6.881     0.0010634     0.0007732           1         392           0
    6.911     0.0017906     0.0007273           1         392           0
    6.941     0.0027246     0.0007865           1         392           0
    6.971     0.0023233     0.0008012           1         392           0
    7.002     0.0023510     0.0008536           1         392           0
    7.032     0.0022365     0.0009059           1         392           0
    7.062     0.0013189     0.0007853           1         392           0
    7.092     0.0009024     0.0007570           1         392           0
    7.122     0.0008799     0.0007856           1         392           0
    7.153     0.0012155     0.0007552           1         392           0
    7.183     0.0009488     0.0007717           1         392           0
    7.213     0.0010083     0.0007934           1         392           0
    7.243     0.0011646     0.0008388           1         392           0
    7.274     0.0004177     0.0008502           1         392           0
    7.304     0.0002778     0.0009489           1         392           0
    7.334     0.0003157     0.0011468           1       53312           0
    7.395     0.0003689     0.0013319           1       18496           0
    7.455     0.0005528     0.0011910           1       18496           0
    7.516     0.0008178     0.0012122           1       53312           0
    7.576     0.0004552     0.0014910           1      153664           0
    7.637     0.0004655     0.0006220           1         392           0
    7.697     0.0005735     0.0006054           1         392           0
    7.758     0.0010545     0.0007577           1         392           0
    7.818     0.0012202     0.0007604           1         392           0
    7.879     0.0013728     0.0007040           1         392           0
    7.939     0.0012057     0.0006758           1         392           0
    8.000     0.0010956     0.0006457           1         392           0
    8.060     0.0010893     0.0005969           1         392           0
    8.120     0.0011741     0.0006257           1         392           0
    8.181     0.0013814     0.0006282           1         392           0
    8.241     0.0018645     0.0006194           1         392           0
    8.302     0.0023559     0.0006139           1         392           0
    8.362     0.0027713     0.0003952           2       16796           0
    8.423     0.0029863     0.0003614           2       16796           0
    8.483     0.0034130     0.0003972           2       16792           0
    8.544     0.0033884     0.0003856           2       16776           0
    8.604     0.0031444     0.0004131           2         392           0
    8.665     0.0031544     0.0003706           2         392           0
    8.725     0.0033839     0.0003854           2         392           0
    8.786     0.0032550     0.0003508           2         392           0
    8.846     0.0029226     0.0003553           2         392           0
    8.907     0.0026565     0.0003572           2         392           0
    8.967     0.0023630     0.0003587           2         392           0
    9.028     0.0022180     0.0003956           2         136           0
    9.088     0.0019655     0.0003670           2         136           0
    9.149     0.0018543     0.0003973           2         136           0
    9.209     0.0015845     0.0003582           2         136           0
    9.270     0.0016271     0.0003735           2         136           0
    9.330     0.0017356     0.0003692           2         136           0
    9.391     0.0018805     0.0003770           2         392           0
    9.451     0.0021190     0.0004115           2         392           0
    9.512     0.0022237     0.0003835           2         392           0
    9.572     0.0021135     0.0003748           2         392           0
    9.633     0.0025326     0.0003367           2         392           0
    9.693     0.0021956     0.0003416           2         392           0
    9.754     0.0019828     0.0003415           2       16796           0
    9.814     0.0015728     0.0003373           2       16796           0
    9.875     0.0012738     0.0003577           2         392           0
    9.935     0.0011873     0.0003327           2         392           0
    9.995     0.0010335     0.0003172           2         392           0
   10.056     0.0009486     0.0003142           2         392           0
   10.116     0.0008582     0.0003183           2         392           0
   10.177     0.0008236     0.0003164           2         392           0
   10.237     0.0007419     0.0002986           2         392           0
   10.298     0.0007428     0.0003123           2         392           0
   10.358     0.0007121     0.0003093           2         392           0
   10.419     0.0006928     0.0003333           2         392           0
   10.479     0.0005817     0.0003377           2         392           0
   10.540     0.0006411     0.0003446           2         392           0
   10.600     0.0007228     0.0003384           2         392           0
   10.661     0.0007427     0.0003444           2         392           0
   10.721     0.0007043     0.0003585           2         392           0
   10.782     0.0006102     0.0003619           2         392           0
   10.842     0.0007705     0.0003927           2         392           0
   10.903     0.0008084     0.0003550           2         392           0
   10.963     0.0007080     0.0003894           2         392           0
   11.024     0.0005531     0.0004109           2         392           0
   11.084     0.0005496     0.0004004           2         392           0
   11.145     0.0004718     0.0003898           2         392           0
   11.205     0.0006548     0.0004518           2         392           0
   11.266     0.0005236     0.0004123           2         392           0
   11.326     0.0006218     0.0004146           2         392           0
   11.387     0.0006698     0.0004140           2         412           0
   11.447     0.0007015     0.0004124           2         412           0
   11.508     0.0005387     0.0004312           2         392           0
   11.568     0.0000174     0.0004465           2         392           0
   11.628     0.0005042     0.0004523           2         392           0
   11.689     0.0006374     0.0004920           2         392           0
   11.750     0.0005344     0.0004572           2         392           0
   11.810     0.0008738     0.0004584           2         392           0
   11.870     0.0011050     0.0004303           2         392           0
   11.931     0.0010703     0.0004596           2         392           0
   11.991     0.0011635     0.0004468           2         392           0
   12.052     0.0015698     0.0003894           2         392           0
   12.112     0.0008169     0.0004364           2         392           0
   12.173     0.0009266     0.0004606           2         392           0
   12.233     0.0010996     0.0004340           2         392           0
   12.294     0.0013743     0.0004583           2         392           0
   12.354     0.0016302     0.0004688           2         392           0
   12.415     0.0019791     0.0004478           2         392           0
   12.475     0.0025645     0.0004264           2         392           0
   12.536     0.0039996     0.0004720           2         392           0
   12.596     0.0046037     0.0004418           2         392           0
   12.657     0.0041898     0.0004222           2         392           0
   12.717     0.0033224     0.0004330           2         392           0
   12.778     0.0029591     0.0004505           2         392           0
   12.838     0.0025293     0.0004493           2         392           0
   12.899     0.0021164     0.0004666           2         392           0
   12.959     0.0018042     0.0004993           2         392           0
   13.020     0.0016895     0.0005351           2         392           0
   13.080     0.0017659     0.0005226           2         392           0
   13.141     0.0014857     0.0005491           2         392           0
   13.201     0.0014268     0.0005395           2         392           0
   13.262     0.0020941     0.0005513           2         392           0
   13.322     0.0020338     0.0005680           2         392           0
   13.383     0.0016798     0.0006058           2         392           0
   13.443     0.0018272     0.0005908           2         392           0
   13.503     0.0019158     0.0005957           2         392           0
   13.564     0.0016313     0.0006051           2         392           0
   13.625     0.0018203     0.0006217           2         392           0
   13.685     0.0014606     0.0006502           2         392           0
   13.745     0.0017782     0.0006565           2         392           0
   13.806     0.0021158     0.0006630           2         392           0
   13.866     0.0016729     0.0006650           2         392           0
   13.927     0.0022804     0.0007105           2         392           0
   13.985     0.0032672     0.0006850           3        4488           0
   14.069     0.0036984     0.0004432           3        4360           0
   14.154     0.0035388     0.0006281           3        4360           0
   14.239     0.0037561     0.0004137           3        4360           0
   14.323     0.0051137     0.0004272           3        4360           0
   14.408     0.0041713     0.0003861           3        4360           0
   14.493     0.0022899     0.0003899           3        4360           0
   14.577     0.0018014     0.0004348           3        4360           0
   14.662     0.0016121     0.0005923           3        4360           0
   14.747     0.0016603     0.0010128           3        4360           0
   14.832     0.0017082     0.0005179           3        4360           0
   14.916     0.0020909     0.0005007           3        4360           0
   15.001     0.0016046     0.0004578           3        4360           0
   15.085     0.0024047     0.0004464           3        4360           0
   15.170     0.0015392     0.0004321           3        4360           0
   15.255     0.0015827     0.0004559           3        4360           0
   15.340     0.0016299     0.0003974           3        4360           0
   15.424     0.0011224     0.0003313           3        4360           0
   15.509     0.0009413     0.0003194           3        4360           0
   15.594     0.0015707     0.0003928           3        4360           0
   15.678     0.0014442     0.0004109           3        4360           0
   15.763     0.0013595     0.0003632           3        4360           0
   15.848     0.0014487     0.0003889           3        4360           0
   15.932     0.0014458     0.0004985           3        4360           0
   16.017     0.0015852     0.0005316           3        4360           0
   16.102     0.0013226     0.0005902           3        4360           0
   16.186     0.0009418     0.0005697           3        4360           0
   16.271     0.0014349     0.0006071           3        4360           0
   16.356     0.0012174     0.0006103           3        4360           0
   16.440     0.0016767     0.0005404           3        4360           0
   16.525     0.0015204     0.0008028           3        4360           0
   16.610     0.0007983     0.0004655           3        4360           0
   16.694     0.0009246     0.0003684           3        4360           0
   16.779     0.0009793     0.0005144           3        4360           0
   16.864     0.0007928     0.0006789           3        4360           0
   16.948     0.0010262     0.0006509           3        4360           0
   17.033     0.0014443     0.0004867           3        4360           0
   17.118     0.0013206     0.0011693           3        4360           0
   17.202     0.0013764     0.0008111           3        4360           0
   17.287     0.0009610     0.0005977           3        4360           0
   17.372     0.0014402     0.0005811           3        4360           0
   17.456     0.0014310     0.0005655           3        4360           0
   17.541     0.0011697     0.0005170           3        4360           0
   17.626     0.0005579     0.0004642           3        4360           0
   17.711     0.0012541     0.0004845           3        4360           0
   17.795     0.0012451     0.0004089           3        4360           0
   17.880     0.0006636     0.0005196           3        4360           0
   17.965     0.0010423     0.0005675           3        4360           0
   18.049     0.0014442     0.0005532           3        4360           0
   18.134     0.0010921     0.0004823           3        4360           0
   18.219     0.0007130     0.0007435           3        4360           0
   18.303     0.0016911     0.0007363           3        4360           0
   18.388     0.0031151     0.0006722           3        4360           0
   18.472     0.0022041     0.0006999           3        4360           0
   18.557     0.0017258     0.0007736           3        4360           0
   18.642     0.0022838     0.0006355           3        4360           0
   18.727     0.0024892     0.0019233           3        4360           0
   18.811     0.0022393     0.0011962           3        4360           0
   18.896     0.0025359     0.0007619           3        4360           0
   18.981     0.0030641     0.0013279           3        4360           0
   19.065     0.0033255     0.0015916           3        4360           0
   19.150     0.0032449     0.0006995           3        4360           0
   19.235     0.0019225     0.0010186           3    19009600           0
   19.404     0.0027187     0.0017267           3    19009600           0
   19.573     0.0016789     0.0011598           3    19009600           0
   19.743     0.0030192     0.0009378           3    19009600           0
   19.912     0.0023325     0.0011703           3    19009600           0
   20.081     0.0026934     0.0033903           3        4360           0
   20.251     0.0021900     0.0018207           3        4360           0
   20.420     0.0018547     0.0013882           3        4360           0
   20.590     0.0019196     0.0011687           3        4360           0
   20.759     0.0016664     0.0014487           3        4360           0
   20.928     0.0024907     0.0015268           3        4360           0
   21.097     0.0029747     0.0006122           4        4360           0
   21.267     0.0019392     0.0007774           4        4360           0
   21.436     0.0023215     0.0007656           4        4360           0
   21.606     0.0028771     0.0008823           4        4360           0
   21.775     0.0024698     0.0007267           4        4360           0
   21.944     0.0012612     0.0006358           4        4360           0
   22.114     0.0014463     0.0007414           4        4360           0
   22.283     0.0024590     0.0006032           4        4360           0
   22.452     0.0031230     0.0005545           4        4360           0
   22.622     0.0021471     0.0008034           4        4360           0
   22.791     0.0026604     0.0005774           4        4360           0
   22.960     0.0028495     0.0004647           4        4360           0
   23.130     0.0020373     0.0005172           4        4360           0
   23.299     0.0016842     0.0005694           4        4360           0
   23.469     0.0022505     0.0005490           4        4360           0
   23.638     0.0024796     0.0005403           4        4360           0
   23.807     0.0021782     0.0004943           4        4360           0
   23.976     0.0020418     0.0004935           4        4360           0
   24.146     0.0026862     0.0005842           4        4360           0
   24.315     0.0028797     0.0005665           4        4360           0
   24.485     0.0023516     0.0006580           4        4360           0
   24.654     0.0020845     0.0005548           4        4360           0
   24.823     0.0022389     0.0006114           4        4360           0
   24.993     0.0022721     0.0006857           4        4360           0
   25.162     0.0026532     0.0005605           4        4360           0
   25.331     0.0022631     0.0006266           4        4360           0
   25.501     0.0031033     0.0020858           4        4360           0
   25.670     0.0029913     0.0007023           4        4360           0
   25.839     0.0032314     0.0028052           4        4360           0
   26.009     0.0030607     0.0008575           4        4360           0
   26.178     0.0035100     0.0003779           4        4360           0
   26.347     0.0031965     0.0003263           4        4360           0
   26.517     0.0028174     0.0005159           4        4360           0
   26.686     0.0034447     0.0005569           4        4360           0
   26.856     0.0034780     0.0005512           4        4360           0
   27.025     0.0034938     0.0005669           4        4360           0
   27.194     0.0036127     0.0005780           4        4360           0
   27.364     0.0035788     0.0005571           4        4360           0
   27.533     0.0036664     0.0004538           4        4360           0
   27.702     0.0043991     0.0005639           4        4360           0
   27.872     0.0038386     0.0006237           4        4360           0
   28.041     0.0036262     0.0007045           4        4360           0
   28.210     0.0028975     0.0007993           4        4360           0
   28.380     0.0036291     0.0007393           4        4360           0
   28.549     0.0036956     0.0018413           4        4360           0
   28.719     0.0042768     0.0006147           4        4360           0
   28.888     0.0048708     0.0005495           4        4360           0
   29.057     0.0046914     0.0006504           4        4360           0
   29.226     0.0028673     0.0006835           4        4360           0
   29.396     0.0020581     0.0008457           4        4360           0
   29.565     0.0036212     0.0007202           4        4360           0
   29.735     0.0038367     0.0007074           4        4360           0
   29.904     0.0037224     0.0008282           4        4360           0
   30.073     0.0036117     0.0011431           4        4360           0
   30.243     0.0043643     0.0021058           4        4360           0
   30.412     0.0044945     0.0011848           4        4360           0
   30.581     0.0046687     0.0011502           4        4360           0
   30.751     0.0050228     0.0009628           4        4360           0
   30.920     0.0039445     0.0009717           4        4360           0
   31.089     0.0047169     0.0008470           4        4360           0
   31.259     0.0048003     0.0018114           4        4360           0
   31.428     0.0056049     0.0014409           4        4360           0
   31.597     0.0060114     0.0010300           4        4360           0
   31.767     0.0055883     0.0007969           4        4360           0
   31.936     0.0049594     0.0008298           4        4360           0
   32.105     0.0041662     0.0008136           4        4360           0
   32.275     0.0048865     0.0010698           4        4360           0
   32.444     0.0056368     0.0012213           4        4360           0
   32.614     0.0052925     0.0012842           4        4360           0
   32.783     0.0051930     0.0013829           4        4360           0
   32.952     0.0038448     0.0013318           4        4360           0
   33.122     0.0039767     0.0018079           4        4360           0
   33.291     0.0051465     0.0035012           4        4360           0
   33.460     0.0071699     0.0018432           4        4360           0
   33.630     0.0077533     0.0014587           4        4360           0
   33.799     0.0054342     0.0017089           4        4360           0
   33.968     0.0048408     0.0023965           4        4360           0
   34.138     0.0057243     0.0025862           4        4360           0
   34.307     0.0048237     0.0027118           4        4360           0
   34.477     0.0043538     0.0022649           4        4360           0
   34.646     0.0051939     0.0019140           4        4360           0
   34.815     0.0058447     0.0019627           4        4360           0
   34.985     0.0051363     0.0022902           4        4360           0
   35.154     0.0068228     0.0025688           4        4360           0
   35.323     0.0060255     0.0038344           4        4360           0
   35.493     0.0079672     0.0051869           4        4360           0
   35.662     0.0064892     0.0034231           4        4360           0
   35.831     0.0063930     0.0027645           4        4360           0
   36.001     0.0065182     0.0026921           4        4360           0
   36.170     0.0055695     0.0026700           4        4360           0
   36.339     0.0066666     0.0031250           4        4360           0
   36.509     0.0063616     0.0035516           4        4360           0
   36.678     0.0048581     0.0040958           4        4360           0
   36.847     0.0049681     0.0040489           4        4360           0
   37.017     0.0161018     0.0074057           4        4360           0
   37.186     0.0091416     0.0053021           4        4360           0
   37.355     0.0145746     0.0046704           4        4360           0
   37.525     0.0130259     0.0046149           4        4360           0
   37.694     0.0115075     0.0049930           4        4360           0
   37.864     0.0086046     0.0081901           4        4360           0
   38.033     0.0051238     0.0218223           4        4360           0
   38.202     0.0090846     0.0335572           4        4360           0
   38.372     0.0113048     0.0138049           4        4360           0
   38.541     0.0064008     0.0233755           4        4360           0
   38.710     0.0212099     0.0170534           4        4360           0
   38.880    -0.0040879     0.0212274           4        4360           0
   39.049     0.0068411     0.2863879           4        4360           0
   39.218     0.0187778     0.1311842           4        4360           0
   39.388     0.0031322     0.0125456           4        4360           0
   39.557     0.0037654     0.0300064           4        4360           0
   39.727     0.0130793     0.0516767           4        4360           0
   39.896     0.0087279     0.0232620           4        4488           0
   40.065     0.0024681     0.0087183           4        4488           0
   40.235     0.0024315     0.0038346           4        4488           0
   40.404    -0.0002852     0.0017367           4        4488           0
   40.573    -0.0001859     0.0009142           4        4488           0
   40.743     0.0004375     0.0004177           4        4508           0
   40.912     0.0002875     0.0005401           4        4488           0
   41.081     0.0000956     0.0005641           4        4488           0
   41.251    -0.0000112     0.0002653           4        4488           0
   41.420     0.0000284     0.0002422           4        4488           0
   41.589    -0.0000205     0.0003342           4        4488           0
   41.759     0.0000167     0.0003337           4        4488           0
   41.928     0.0000989     0.0008962           4        4508           0
   42.097     0.0002581     0.0006054           4        4508           0
   42.267     0.0010844     0.0007379           4        4488           0
