wave flux error channelflag bitflag stitchflag
    5.127     0.0005526     0.0033800           1         392           0
    5.157     0.0004692     0.0031395           1         136           0
    5.187     0.0005587     0.0012460           1         136           0
    5.217     0.0008024     0.0006121           1         136           0
    5.247     0.0005312     0.0006164           1         136           0
    5.278     0.0008569     0.0006139           1         136           0
    5.308     0.0005800     0.0006135           1         136           0
    5.338     0.0003128     0.0005771           1         392           0
    5.368     0.0004993     0.0005216           1         392           0
    5.399     0.0007523     0.0005238           1       16776           0
    5.429     0.0006156     0.0005326           1       16796           0
    5.459     0.0004933     0.0004830           1       16796           0
    5.489     0.0006247     0.0004766           1         392           0
    5.520     0.0004950     0.0004518           1         392           0
    5.550     0.0008593     0.0005192           1         392           0
    5.580     0.0007080     0.0004478           1         392           0
    5.610     0.0007534     0.0004417           1         392           0
    5.641     0.0007406     0.0005086           1        8468           0
    5.671     0.0008855     0.0004627           1        8468           0
    5.701     0.0007933     0.0004683           1         392           0
    5.731     0.0006054     0.0004524           1         392           0
    5.762     0.0007588     0.0005076           1         412           0
    5.792     0.0007581     0.0004723           1         412           0
    5.822     0.0007479     0.0004599           1         392           0
    5.852     0.0008257     0.0004132           1         392           0
    5.883     0.0011708     0.0004901           1         392           0
    5.913     0.0008295     0.0005046           1         136           0
    5.943     0.0005263     0.0004705           1         136           0
    5.973     0.0007583     0.0004042           1         136           0
    6.004     0.0009771     0.0004194           1         136           0
    6.034     0.0013504     0.0005210           1         136           0
    6.064     0.0013134     0.0005142           1         392           0
    6.094     0.0015138     0.0004965           1         392           0
    6.125     0.0011408     0.0005022           1         392           0
    6.155     0.0010401     0.0005361           1         392           0
    6.185     0.0008213     0.0005100           1         392           0
    6.215     0.0010304     0.0005185           1         392           0
    6.245     0.0010688     0.0005130           1         392           0
    6.276     0.0009630     0.0005417           1         392           0
    6.306     0.0012786     0.0005105           1         392           0
    6.336     0.0010376     0.0005673           1         392           0
    6.366     0.0012405     0.0005580           1         392           0
    6.397     0.0011490     0.0005778           1         392           0
    6.427     0.0015708     0.0005508           1         392           0
    6.457     0.0016780     0.0005719           1         392           0
    6.487     0.0016733     0.0005405           1         392           0
    6.518     0.0018849     0.0006024           1         392           0
    6.548     0.0023651     0.0006347           1         392           0
    6.578     0.0036229     0.0007155           1         392           0
    6.608     0.0048285     0.0005489           1         392           0
    6.639     0.0054408     0.0006451           1         136           0
    6.669     0.0053978     0.0006421           1         136           0
    6.699     0.0047345     0.0006610           1         136           0
    6.729     0.0041458     0.0006918           1         136           0
    6.760     0.0035694     0.0006975           1         136           0
    6.790     0.0026648     0.0007115           1         392           0
    6.820     0.0026009     0.0006568           1         392           0
    6.850     0.0024571     0.0007389           1         392           0
    6.881     0.0023089     0.0007289           1         392           0
    6.911     0.0021833     0.0007130           1         392           0
    6.941     0.0016617     0.0007390           1         392           0
    6.971     0.0016372     0.0007841           1         392           0
    7.002     0.0014739     0.0009240           1         392           0
    7.032     0.0016933     0.0009083           1         392           0
    7.062     0.0019475     0.0008813           1         392           0
    7.092     0.0019994     0.0007711           1         392           0
    7.122     0.0019128     0.0008211           1         392           0
    7.153     0.0020434     0.0008164           1         392           0
    7.183     0.0023119     0.0007995           1         392           0
    7.213     0.0021139     0.0008333           1         392           0
    7.243     0.0021332     0.0008768           1         392           0
    7.274     0.0022536     0.0008769           1         392           0
    7.304     0.0025093     0.0009999           1         392           0
    7.334     0.0029062     0.0012216           1       53312           0
    7.395     0.0026349     0.0014030           1       18496           0
    7.455     0.0027979     0.0011057           1       18496           0
    7.516     0.0027822     0.0011324           1       53312           0
    7.576     0.0025470     0.0014913           1      153664           0
    7.637     0.0024753     0.0005957           1         392           0
    7.697     0.0029013     0.0005907           1         392           0
    7.758     0.0029496     0.0007090           1         392           0
    7.818     0.0037180     0.0007516           1         392           0
    7.879     0.0048204     0.0007458           1         392           0
    7.939     0.0055398     0.0006771           1         392           0
    8.000     0.0067154     0.0006263           1         392           0
    8.060     0.0076224     0.0006182           1         392           0
    8.120     0.0085810     0.0006029           1         392           0
    8.181     0.0085294     0.0006402           1         392           0
    8.241     0.0083137     0.0006006           1         392           0
    8.302     0.0078981     0.0006035           1         392           0
    8.362     0.0079447     0.0003851           2       16796           0
    8.423     0.0078656     0.0003959           2       16796           0
    8.483     0.0067606     0.0003392           2       16792           0
    8.544     0.0057120     0.0004028           2       16776           0
    8.604     0.0049325     0.0003865           2         392           0
    8.665     0.0048084     0.0002546           2         392           0
    8.725     0.0044471     0.0003503           2         392           0
    8.786     0.0043531     0.0003594           2         392           0
    8.846     0.0044153     0.0003625           2         392           0
    8.907     0.0044505     0.0003617           2         392           0
    8.967     0.0044114     0.0003778           2         392           0
    9.028     0.0047687     0.0004017           2         136           0
    9.088     0.0050016     0.0003848           2         136           0
    9.149     0.0056022     0.0003749           2         136           0
    9.209     0.0055606     0.0003913           2         136           0
    9.270     0.0049534     0.0003804           2         136           0
    9.330     0.0042310     0.0002770           2         136           0
    9.391     0.0037989     0.0003241           2         392           0
    9.451     0.0028152     0.0003768           2         392           0
    9.512     0.0026095     0.0003729           2         392           0
    9.572     0.0023832     0.0003698           2         392           0
    9.633     0.0022157     0.0003380           2         392           0
    9.693     0.0019782     0.0003307           2         392           0
    9.754     0.0017681     0.0002303           2       16796           0
    9.814     0.0020354     0.0003239           2       16796           0
    9.875     0.0018914     0.0003351           2         392           0
    9.935     0.0019326     0.0003232           2         392           0
    9.995     0.0015359     0.0003088           2         392           0
   10.056     0.0016485     0.0003140           2         392           0
   10.116     0.0016158     0.0003013           2         392           0
   10.177     0.0014884     0.0002911           2         392           0
   10.237     0.0016329     0.0003062           2         392           0
   10.298     0.0021001     0.0003287           2         392           0
   10.358     0.0021174     0.0003304           2         392           0
   10.419     0.0016273     0.0003367           2         392           0
   10.479     0.0015850     0.0003548           2         392           0
   10.540     0.0014586     0.0003313           2         392           0
   10.600     0.0017647     0.0002809           2         392           0
   10.661     0.0017286     0.0003358           2         392           0
   10.721     0.0017457     0.0003695           2         392           0
   10.782     0.0016350     0.0003606           2         392           0
   10.842     0.0016834     0.0003576           2         392           0
   10.903     0.0018410     0.0003803           2         392           0
   10.963     0.0021162     0.0003918           2         392           0
   11.024     0.0018472     0.0003950           2         392           0
   11.084     0.0016679     0.0004038           2         392           0
   11.145     0.0018958     0.0003858           2         392           0
   11.205     0.0020729     0.0004092           2         392           0
   11.266     0.0021789     0.0004275           2         392           0
   11.326     0.0023750     0.0004353           2         392           0
   11.387     0.0022712     0.0003956           2         412           0
   11.447     0.0024815     0.0004205           2         412           0
   11.508     0.0026462     0.0004127           2         392           0
   11.568     0.0021703     0.0004342           2         392           0
   11.628     0.0027004     0.0004507           2         392           0
   11.689     0.0032239     0.0004460           2         392           0
   11.750     0.0042265     0.0004524           2         392           0
   11.810     0.0045570     0.0004494           2         392           0
   11.870     0.0068663     0.0003639           2         392           0
   11.931     0.0079323     0.0002936           2         392           0
   11.991     0.0101533     0.0002847           2         392           0
   12.052     0.0113448     0.0004710           2         392           0
   12.112     0.0103885     0.0004557           2         392           0
   12.173     0.0088926     0.0003965           2         392           0
   12.233     0.0067360     0.0004674           2         392           0
   12.294     0.0060331     0.0004748           2         392           0
   12.354     0.0048850     0.0004877           2         392           0
   12.415     0.0042798     0.0004684           2         392           0
   12.475     0.0039617     0.0004519           2         392           0
   12.536     0.0042287     0.0004703           2         392           0
   12.596     0.0043842     0.0004550           2         392           0
   12.657     0.0046490     0.0004602           2         392           0
   12.717     0.0049792     0.0004449           2         392           0
   12.778     0.0050081     0.0004742           2         392           0
   12.838     0.0048302     0.0004678           2         392           0
   12.899     0.0044920     0.0004825           2         392           0
   12.959     0.0045091     0.0005169           2         392           0
   13.020     0.0045626     0.0005283           2         392           0
   13.080     0.0047798     0.0005284           2         392           0
   13.141     0.0049952     0.0005506           2         392           0
   13.201     0.0051721     0.0005712           2         392           0
   13.262     0.0050363     0.0005461           2         392           0
   13.322     0.0056207     0.0005936           2         392           0
   13.383     0.0064140     0.0005980           2         392           0
   13.443     0.0067044     0.0006007           2         392           0
   13.503     0.0069352     0.0005749           2         392           0
   13.564     0.0076407     0.0005933           2         392           0
   13.625     0.0086356     0.0005789           2         392           0
   13.685     0.0094568     0.0006736           2         392           0
   13.745     0.0075011     0.0006389           2         392           0
   13.806     0.0057601     0.0005617           2         392           0
   13.866     0.0043862     0.0006607           2         392           0
   13.927     0.0041053     0.0006968           2         392           0
   13.987     0.0042021     0.0007535           2         392           0
   14.048     0.0046913     0.0007168           2         392           0
   14.108     0.0040936     0.0007422           2         392           0
   14.169     0.0041511     0.0007527           2         392           0
   14.239     0.0048755     0.0008666           3        4360           0
   14.323     0.0050762     0.0005235           3        4360           0
   14.408     0.0042148     0.0005950           3        4360           0
   14.493     0.0043839     0.0005814           3        4360           0
   14.577     0.0041020     0.0006640           3        4360           0
   14.662     0.0036898     0.0008015           3        4360           0
   14.747     0.0037778     0.0006833           3        4360           0
   14.832     0.0039384     0.0006900           3        4360           0
   14.916     0.0041336     0.0011796           3        4360           0
   15.001     0.0042316     0.0007803           3        4360           0
   15.085     0.0036313     0.0007279           3        4360           0
   15.170     0.0043308     0.0006115           3        4360           0
   15.255     0.0037893     0.0006365           3        4360           0
   15.340     0.0049697     0.0006115           3        4360           0
   15.424     0.0037146     0.0005164           3        4360           0
   15.509     0.0035521     0.0004811           3        4360           0
   15.594     0.0037806     0.0005299           3        4360           0
   15.678     0.0035768     0.0005558           3        4360           0
   15.763     0.0036075     0.0005114           3        4360           0
   15.848     0.0042359     0.0005910           3        4360           0
   15.932     0.0042577     0.0007021           3        4360           0
   16.017     0.0029231     0.0008087           3        4360           0
   16.102     0.0040299     0.0007953           3        4360           0
   16.186     0.0051636     0.0006259           3        4360           0
   16.271     0.0043857     0.0007136           3        4360           0
   16.356     0.0048901     0.0041099           3        4360           0
   16.440     0.0047079     0.0021301           3        4360           0
   16.525     0.0046904     0.0006711           3        4360           0
   16.610     0.0056483     0.0007446           3        4360           0
   16.694     0.0058059     0.0007784           3        4360           0
   16.779     0.0047559     0.0007637           3        4360           0
   16.864     0.0043932     0.0010625           3        4360           0
   16.948     0.0050972     0.0009109           3        4360           0
   17.033     0.0051550     0.0006876           3        4360           0
   17.118     0.0050336     0.0012586           3        4360           0
   17.202     0.0054434     0.0012165           3        4360           0
   17.287     0.0053078     0.0008108           3        4360           0
   17.372     0.0050991     0.0009033           3        4360           0
   17.456     0.0057018     0.0009315           3        4360           0
   17.541     0.0071287     0.0007566           3        4360           0
   17.626     0.0079011     0.0009815           3        4360           0
   17.711     0.0076932     0.0012042           3        4360           0
   17.795     0.0069651     0.0008787           3        4360           0
   17.880     0.0076669     0.0007064           3        4360           0
   17.965     0.0084039     0.0008408           3        4360           0
   18.049     0.0073550     0.0009306           3        4360           0
   18.134     0.0090310     0.0009011           3        4360           0
   18.219     0.0101865     0.0009495           3        4360           0
   18.303     0.0089108     0.0009597           3        4360           0
   18.388     0.0081307     0.0009605           3        4360           0
   18.472     0.0088987     0.0009656           3        4360           0
   18.557     0.0087969     0.0011550           3        4360           0
   18.642     0.0073250     0.0011862           3        4360           0
   18.727     0.0069818     0.0006888           3        4360           0
   18.811     0.0072403     0.0008902           3        4360           0
   18.896     0.0069347     0.0008538           3        4360           0
   18.981     0.0070378     0.0007738           3        4360           0
   19.065     0.0071941     0.0008208           3        4360           0
   19.150     0.0069736     0.0009728           3        4360           0
   19.235     0.0039973     0.0014011           3    19009600           0
   19.404     0.0068192     0.0022914           3    19009600           0
   19.573     0.0067220     0.0016655           3    19009600           0
   19.743     0.0074980     0.0013705           3    19009600           0
   19.912     0.0083273     0.0016823           3    19009600           0
   20.081     0.0093230     0.0013117           3    19009600           0
   20.251     0.0071072     0.0010424           3    19009600           0
   20.420     0.0075844     0.0020668           3    19009600           0
   20.590     0.0068406     0.0013219           3    19009600           0
   20.759     0.0071564     0.0019510           3        4360           0
   20.928     0.0073491     0.0020741           3        4360           0
   21.097     0.0075761     0.0008834           4        4360           0
   21.267     0.0079485     0.0011407           4        4360           0
   21.436     0.0076045     0.0010692           4        4360           0
   21.606     0.0085897     0.0011078           4        4360           0
   21.775     0.0077864     0.0010257           4        4360           0
   21.944     0.0075352     0.0010241           4        4360           0
   22.114     0.0078485     0.0009566           4        4360           0
   22.283     0.0088240     0.0008876           4        4360           0
   22.452     0.0089363     0.0008900           4        4360           0
   22.622     0.0089571     0.0012823           4        4360           0
   22.791     0.0095100     0.0008593           4        4360           0
   22.960     0.0085811     0.0005780           4        4360           0
   23.130     0.0100487     0.0006815           4        4360           0
   23.299     0.0091116     0.0006748           4        4360           0
   23.469     0.0101994     0.0007223           4        4360           0
   23.638     0.0109851     0.0007346           4        4360           0
   23.807     0.0105406     0.0006807           4        4360           0
   23.976     0.0106884     0.0007336           4        4360           0
   24.146     0.0113492     0.0008932           4        4360           0
   24.315     0.0116165     0.0008525           4        4360           0
   24.485     0.0116118     0.0010958           4        4360           0
   24.654     0.0115544     0.0008647           4        4360           0
   24.823     0.0120708     0.0009452           4        4360           0
   24.993     0.0123044     0.0011149           4        4360           0
   25.162     0.0132676     0.0008255           4        4360           0
   25.331     0.0125097     0.0009096           4        4360           0
   25.501     0.0120869     0.0009182           4        4360           0
   25.670     0.0134588     0.0010356           4        4360           0
   25.839     0.0138391     0.0035436           4        4360           0
   26.009     0.0133982     0.0011492           4        4360           0
   26.178     0.0125320     0.0007120           4        4360           0
   26.347     0.0128361     0.0006610           4        4360           0
   26.517     0.0147409     0.0005056           4        4360           0
   26.686     0.0153172     0.0007367           4        4360           0
   26.856     0.0156350     0.0003870           4        4360           0
   27.025     0.0152799     0.0053331           4        4360           0
   27.194     0.0157721     0.0083790           4        4360           0
   27.364     0.0162123     0.0067505           4        4360           0
   27.533     0.0156651     0.0007950           4        4360           0
   27.702     0.0162505     0.0009513           4        4360           0
   27.872     0.0171357     0.0009684           4        4360           0
   28.041     0.0180450     0.0007071           4        4360           0
   28.210     0.0185647     0.0008000           4        4360           0
   28.380     0.0165159     0.0010669           4        4360           0
   28.549     0.0176202     0.0010638           4        4360           0
   28.719     0.0185314     0.0008188           4        4360           0
   28.888     0.0179411     0.0008974           4        4360           0
   29.057     0.0189120     0.0007773           4        4360           0
   29.226     0.0174902     0.0006797           4        4360           0
   29.396     0.0186317     0.0009568           4        4360           0
   29.565     0.0205664     0.0042257           4        4360           0
   29.735     0.0203484     0.0038615           4        4360           0
   29.904     0.0204509     0.0012582           4        4360           0
   30.073     0.0203043     0.0015057           4        4360           0
   30.243     0.0214065     0.0014559           4        4360           0
   30.412     0.0210794     0.0031465           4        4360           0
   30.581     0.0218010     0.0021079           4        4360           0
   30.751     0.0205091     0.0014067           4        4360           0
   30.920     0.0211993     0.0014454           4        4360           0
   31.089     0.0209910     0.0012590           4        4360           0
   31.259     0.0214278     0.0012065           4        4360           0
   31.428     0.0220616     0.0058903           4        4360           0
   31.597     0.0239569     0.0008693           4        4360           0
   31.767     0.0241963     0.0010819           4        4360           0
   31.936     0.0246284     0.0011346           4        4360           0
   32.105     0.0244936     0.0012884           4        4360           0
   32.275     0.0236008     0.0015397           4        4360           0
   32.444     0.0224152     0.0022224           4        4360           0
   32.614     0.0241602     0.0045716           4        4360           0
   32.783     0.0264015     0.0018785           4        4360           0
   32.952     0.0258455     0.0022231           4        4360           0
   33.122     0.0221208     0.0028580           4        4360           0
   33.291     0.0254078     0.0037546           4        4360           0
   33.460     0.0238836     0.0024583           4        4360           0
   33.630     0.0255394     0.0021643           4        4360           0
   33.799     0.0263013     0.0021593           4        4360           0
   33.968     0.0264477     0.0023000           4        4360           0
   34.138     0.0277060     0.0024186           4        4360           0
   34.307     0.0279498     0.0031903           4        4360           0
   34.477     0.0307861     0.0028623           4        4360           0
   34.646     0.0304970     0.0026527           4        4360           0
   34.815     0.0306268     0.0057673           4        4360           0
   34.985     0.0295058     0.0293261           4        4360           0
   35.154     0.0344043     0.0088210           4        4360           0
   35.323     0.0322255     0.0104107           4        4360           0
   35.493     0.0333748     0.0045603           4        4360           0
   35.662     0.0382574     0.0050149           4        4360           0
   35.831     0.0441912     0.0042348           4        4360           0
   36.001     0.0408825     0.0032758           4        4360           0
   36.170     0.0338722     0.0061961           4        4360           0
   36.339     0.0279576     0.0099489           4        4360           0
   36.509     0.0229539     0.0050489           4        4360           0
   36.678     0.0346765     0.0051242           4        4360           0
   36.847     0.0271896     0.0050661           4        4360           0
   37.017     0.0240740     0.0124130           4        4360           0
   37.186     0.0543980     0.0109863           4        4360           0
   37.355     0.0555586     0.0084769           4        4360           0
   37.525     0.0334688     0.0077505           4        4360           0
   37.694     0.0351930     0.0100625           4        4360           0
   37.864     0.0653437     0.0128785           4        4360           0
   38.033     0.0768997     0.0325121           4        4360           0
   38.202     0.0898635     0.0501592           4        4360           0
   38.372     0.0596269     0.0202842           4        4360           0
   38.541     0.0394903     0.0123658           4        4360           0
   38.710     0.0508577     0.0237594           4        4360           0
   38.880     0.0229391     0.0516698           4        4360           0
   39.049     0.0326102     0.3135445           4        4360           0
   39.218     0.0157849     0.1210504           4        4360           0
   39.388     0.0294354     0.0200029           4        4360           0
   39.557     0.0070538     0.0534156           4        4360           0
   39.727     0.0139327     0.0934616           4        4360           0
   39.896     0.0240659     0.0463428           4        4488           0
   40.065     0.0034004     0.0122802           4        4488           0
   40.235     0.0084803     0.0052278           4        4488           0
   40.404     0.0029677     0.0040745           4        4488           0
   40.573     0.0143040     0.0014434           4        4488           0
   40.743     0.0039239     0.0007124           4        4508           0
   40.912     0.0002025     0.0007553           4        4488           0
   41.081    -0.0000250     0.0005622           4        4488           0
   41.251     0.0001181     0.0002636           4        4488           0
   41.420     0.0000029     0.0003796           4        4488           0
   41.589    -0.0002836     0.0004663           4        4488           0
   41.759     0.0008025     0.0003456           4        4488           0
   41.928     0.0004883     0.0013120           4        4508           0
   42.097     0.0003563     0.0008124           4        4508           0
   42.267     0.0025359     0.0010437           4        4488           0
