wave flux error channelflag bitflag stitchflag
    5.127    -0.0004164     0.0037948           1         392           0
    5.157    -0.0006243     0.0022651           1         136           0
    5.187     0.0001186     0.0009844           1         136           0
    5.217     0.0003377     0.0006140           1         136           0
    5.247     0.0001225     0.0006275           1         136           0
    5.278     0.0002800     0.0006542           1         136           0
    5.308     0.0002038     0.0006490           1         136           0
    5.338     0.0002864     0.0006032           1         392           0
    5.368     0.0000627     0.0006175           1         392           0
    5.399     0.0003234     0.0006322           1       16776           0
    5.429     0.0000826     0.0005740           1       16796           0
    5.459     0.0001031     0.0005632           1       16796           0
    5.489    -0.0000151     0.0005007           1         392           0
    5.520     0.0000800     0.0005143           1         392           0
    5.550     0.0002488     0.0005125           1         392           0
    5.580     0.0005969     0.0004871           1         392           0
    5.610     0.0003313     0.0004818           1         392           0
    5.641    -0.0000850     0.0004574           1        8468           0
    5.671    -0.0000883     0.0004272           1        8468           0
    5.701     0.0000317     0.0004158           1         392           0
    5.731     0.0000476     0.0003883           1         392           0
    5.762     0.0001506     0.0004662           1         412           0
    5.792    -0.0001839     0.0004201           1         412           0
    5.822     0.0001420     0.0004264           1         392           0
    5.852     0.0001992     0.0004675           1         392           0
    5.883    -0.0000054     0.0004665           1         392           0
    5.913     0.0001920     0.0004541           1         136           0
    5.943     0.0002618     0.0004525           1         136           0
    5.973     0.0001823     0.0004537           1         136           0
    6.004     0.0001625     0.0004472           1         136           0
    6.034     0.0002363     0.0004680           1         136           0
    6.064     0.0002657     0.0004732           1         392           0
    6.094     0.0002582     0.0004544           1         392           0
    6.125     0.0001485     0.0004410           1         392           0
    6.155     0.0001500     0.0004499           1         392           0
    6.185     0.0004277     0.0004612           1         392           0
    6.215     0.0006748     0.0005018           1         392           0
    6.245     0.0000805     0.0004813           1         392           0
    6.276     0.0000553     0.0004999           1         392           0
    6.306    -0.0001174     0.0005245           1         392           0
    6.336     0.0002343     0.0006037           1         392           0
    6.366     0.0005580     0.0005397           1         392           0
    6.397     0.0002700     0.0005628           1         392           0
    6.427     0.0001247     0.0005515           1         392           0
    6.457     0.0001420     0.0005168           1         392           0
    6.487     0.0000860     0.0005402           1         392           0
    6.518     0.0001483     0.0006190           1         392           0
    6.548     0.0005413     0.0007231           1         392           0
    6.578     0.0006534     0.0007847           1         392           0
    6.608    -0.0001801     0.0007997           1         392           0
    6.639    -0.0001457     0.0008134           1         136           0
    6.669     0.0003143     0.0006950           1         136           0
    6.699     0.0005471     0.0006442           1         136           0
    6.729     0.0004532     0.0006546           1         136           0
    6.760     0.0002235     0.0007053           1         136           0
    6.790     0.0005043     0.0007604           1         392           0
    6.820     0.0008173     0.0008159           1         392           0
    6.850     0.0005996     0.0008029           1         392           0
    6.881     0.0005734     0.0007644           1         392           0
    6.911     0.0001772     0.0006326           1         392           0
    6.941     0.0012040     0.0007871           1         392           0
    6.971     0.0009863     0.0007708           1         392           0
    7.002     0.0016994     0.0006122           1         392           0
    7.032     0.0017442     0.0007565           1         392           0
    7.062     0.0010454     0.0007750           1         392           0
    7.092     0.0004961     0.0007467           1         392           0
    7.122     0.0003688     0.0007495           1         392           0
    7.153     0.0002737     0.0007108           1         392           0
    7.183     0.0002286     0.0007077           1         392           0
    7.213     0.0000369     0.0007212           1         392           0
    7.243     0.0003450     0.0007635           1         392           0
    7.274     0.0002292     0.0007947           1         392           0
    7.304    -0.0002039     0.0006941           1         392           0
    7.334     0.0004754     0.0009467           1       53312           0
    7.395     0.0005649     0.0011321           1       18496           0
    7.455     0.0004454     0.0010205           1       18496           0
    7.516     0.0002650     0.0010469           1       53312           0
    7.576     0.0004024     0.0013819           1      153664           0
    7.637     0.0006711     0.0005750           1         392           0
    7.697     0.0004411     0.0005878           1         392           0
    7.758     0.0003600     0.0006819           1         392           0
    7.818     0.0004657     0.0007324           1         392           0
    7.879     0.0003314     0.0007324           1         392           0
    7.939     0.0003370     0.0006842           1         392           0
    8.000     0.0003693     0.0006545           1         392           0
    8.060     0.0002943     0.0006485           1         392           0
    8.120     0.0003454     0.0006105           1         392           0
    8.181     0.0010809     0.0004297           1         392           0
    8.241     0.0008488     0.0005538           1         392           0
    8.302     0.0015905     0.0004718           1         392           0
    8.362     0.0017147     0.0002965           2       16796           0
    8.423     0.0015284     0.0002886           2       16796           0
    8.483     0.0017145     0.0002531           2       16792           0
    8.544     0.0021671     0.0002496           2       16776           0
    8.604     0.0020406     0.0002807           2         392           0
    8.665     0.0020637     0.0002874           2         392           0
    8.725     0.0019074     0.0002701           2         392           0
    8.786     0.0020662     0.0002510           2         392           0
    8.846     0.0017415     0.0002629           2         392           0
    8.907     0.0017370     0.0002779           2         392           0
    8.967     0.0017034     0.0003099           2         392           0
    9.028     0.0010801     0.0003701           2         136           0
    9.088     0.0002507     0.0004616           2         136           0
    9.149     0.0011982     0.0003100           2         136           0
    9.209     0.0010802     0.0002958           2         136           0
    9.270     0.0014847     0.0003172           2         136           0
    9.330     0.0010355     0.0003589           2         136           0
    9.391     0.0013119     0.0002894           2         392           0
    9.451     0.0012399     0.0003081           2         392           0
    9.512     0.0013052     0.0002505           2         392           0
    9.572     0.0013315     0.0002758           2         392           0
    9.633     0.0018500     0.0002404           2         392           0
    9.693     0.0018529     0.0002544           2         392           0
    9.754     0.0009282     0.0003876           2       16796           0
    9.814     0.0012587     0.0002294           2       16796           0
    9.875     0.0011111     0.0002332           2         392           0
    9.935     0.0005451     0.0003175           2         392           0
    9.995     0.0005311     0.0003103           2         392           0
   10.056     0.0004244     0.0003051           2         392           0
   10.116     0.0003600     0.0003109           2         392           0
   10.177     0.0006308     0.0002554           2         392           0
   10.237     0.0008428     0.0001864           2         392           0
   10.298     0.0003308     0.0002345           2         392           0
   10.358     0.0001549     0.0002836           2         392           0
   10.419     0.0001316     0.0003012           2         392           0
   10.479     0.0000657     0.0003101           2         392           0
   10.540     0.0002770     0.0003121           2         392           0
   10.600     0.0003246     0.0003191           2         392           0
   10.661     0.0002776     0.0003088           2         392           0
   10.721     0.0007919     0.0002510           2         392           0
   10.782     0.0004571     0.0002847           2         392           0
   10.842     0.0006444     0.0003646           2         392           0
   10.903     0.0000835     0.0003528           2         392           0
   10.963     0.0001541     0.0003793           2         392           0
   11.024     0.0000380     0.0003841           2         392           0
   11.084     0.0005595     0.0004156           2         392           0
   11.145     0.0002852     0.0004107           2         392           0
   11.205     0.0001623     0.0004586           2         392           0
   11.266     0.0003654     0.0004268           2         392           0
   11.326     0.0004778     0.0003860           2         392           0
   11.387     0.0003615     0.0004397           2         412           0
   11.447    -0.0000595     0.0004486           2         412           0
   11.508     0.0004499     0.0005004           2         392           0
   11.568     0.0004055     0.0004821           2         392           0
   11.628     0.0002882     0.0004944           2         392           0
   11.689     0.0003338     0.0004906           2         392           0
   11.750     0.0005462     0.0004352           2         392           0
   11.810     0.0004199     0.0004889           2         392           0
   11.870     0.0013700     0.0003959           2         392           0
   11.931     0.0005279     0.0004645           2         392           0
   11.991     0.0004100     0.0004696           2         392           0
   12.052     0.0004205     0.0004627           2         392           0
   12.112     0.0002620     0.0004503           2         392           0
   12.173     0.0010666     0.0003788           2         392           0
   12.233     0.0008150     0.0004604           2         392           0
   12.294     0.0014498     0.0003240           2         392           0
   12.354     0.0015643     0.0003368           2         392           0
   12.415     0.0017374     0.0003084           2         392           0
   12.475     0.0025172     0.0003126           2         392           0
   12.536     0.0039678     0.0003047           2         392           0
   12.596     0.0044828     0.0002822           2         392           0
   12.657     0.0041640     0.0002817           2         392           0
   12.717     0.0034178     0.0002917           2         392           0
   12.778     0.0030013     0.0002998           2         392           0
   12.838     0.0027776     0.0002880           2         392           0
   12.899     0.0021493     0.0003106           2         392           0
   12.959     0.0020233     0.0003242           2         392           0
   13.020     0.0018384     0.0003237           2         392           0
   13.080     0.0008063     0.0005004           2         392           0
   13.141     0.0021417     0.0003833           2         392           0
   13.201     0.0006298     0.0005306           2         392           0
   13.262     0.0007523     0.0005396           2         392           0
   13.322     0.0019374     0.0003840           2         392           0
   13.383     0.0013290     0.0005093           2         392           0
   13.443     0.0016397     0.0005166           2         392           0
   13.503     0.0015720     0.0005236           2         392           0
   13.564     0.0020644     0.0004325           2         392           0
   13.625     0.0011074     0.0006666           2         392           0
   13.685     0.0008814     0.0006762           2         392           0
   13.745     0.0012457     0.0007080           2         392           0
   13.806     0.0012196     0.0007526           2         392           0
   13.866     0.0011943     0.0007346           2         392           0
   13.927     0.0013561     0.0006985           2         392           0
   13.985     0.0047130     0.0003190           3        4488           0
   14.069     0.0048117     0.0003602           3        4360           0
   14.154     0.0059870     0.0002800           3        4360           0
   14.239     0.0056530     0.0002180           3        4360           0
   14.323     0.0053480     0.0003099           3        4360           0
   14.408     0.0045908     0.0002933           3        4360           0
   14.493     0.0028636     0.0002661           3        4360           0
   14.577     0.0023232     0.0002978           3        4360           0
   14.662     0.0024974     0.0003091           3        4360           0
   14.747     0.0023940     0.0003444           3        4360           0
   14.832     0.0027565     0.0004007           3        4360           0
   14.916     0.0020601     0.0003626           3        4360           0
   15.001     0.0025772     0.0003576           3        4360           0
   15.085     0.0025089     0.0003084           3        4360           0
   15.170     0.0018695     0.0014436           3        4360           0
   15.255     0.0017636     0.0005675           3        4360           0
   15.340     0.0018156     0.0003684           3        4360           0
   15.424     0.0017113     0.0002786           3        4360           0
   15.509     0.0026240     0.0001830           3        4360           0
   15.594     0.0025470     0.0002120           3        4360           0
   15.678     0.0015389     0.0002864           3        4360           0
   15.763     0.0018635     0.0002411           3        4360           0
   15.848     0.0021830     0.0002020           3        4360           0
   15.932     0.0023560     0.0002710           3        4360           0
   16.017     0.0018502     0.0003963           3        4360           0
   16.102     0.0019592     0.0004018           3        4360           0
   16.186     0.0019497     0.0004157           3        4360           0
   16.271     0.0021281     0.0003580           3        4360           0
   16.356     0.0011766     0.0003371           3        4360           0
   16.440     0.0013810     0.0004154           3        4360           0
   16.525     0.0024330     0.0002450           3        4360           0
   16.610     0.0019467     0.0002816           3        4360           0
   16.694     0.0019410     0.0001890           3        4360           0
   16.779     0.0010328     0.0003434           3        4360           0
   16.864     0.0016528     0.0005013           3        4360           0
   16.948     0.0012579     0.0004700           3        4360           0
   17.033     0.0012959     0.0003956           3        4360           0
   17.118     0.0022990     0.0010940           3        4360           0
   17.202     0.0009100     0.0505011           3        4360           0
   17.287     0.0021438     0.0068179           3        4360           0
   17.372     0.0021004     0.0004098           3        4360           0
   17.456     0.0016155     0.0004778           3        4360           0
   17.541     0.0016275     0.0003564           3        4360           0
   17.626     0.0013937     0.0003741           3        4360           0
   17.711     0.0015362     0.0003801           3        4360           0
   17.795     0.0015765     0.0003804           3        4360           0
   17.880     0.0013417     0.0003826           3        4360           0
   17.965     0.0013020     0.0004034           3        4360           0
   18.049     0.0012296     0.0003714           3        4360           0
   18.134     0.0019140     0.0004368           3        4360           0
   18.219     0.0014657     0.0004710           3        4360           0
   18.303     0.0027218     0.0005289           3        4360           0
   18.388     0.0047703     0.0021875           3        4360           0
   18.472     0.0032218     0.0029340           3        4360           0
   18.557     0.0037980     0.0025610           3        4360           0
   18.642     0.0026136     0.0012053           3        4360           0
   18.727     0.0030305     0.0004456           3        4360           0
   18.811     0.0028427     0.0004198           3        4360           0
   18.896     0.0023002     0.0004188           3        4360           0
   18.981     0.0028587     0.0003854           3        4360           0
   19.065     0.0041391     0.0004259           3        4360           0
   19.150     0.0051020     0.0003570           3        4360           0
   19.235     0.0017518     0.0007243           3    19009600           0
   19.404     0.0029418     0.0011641           3    19009600           0
   19.573     0.0012669     0.0008765           3    19009600           0
   19.743     0.0027759     0.0007136           3    19009600           0
   19.912     0.0020344     0.0008760           3    19009600           0
   20.081     0.0020486     0.0031568           3    19009600           0
   20.251     0.0026764     0.0030964           3    19009600           0
   20.420     0.0020440     0.0024054           3    19009600           0
   20.590     0.0012621     0.0016100           3    19009600           0
   20.759     0.0022930     0.0029203           3    19009600           0
   20.928     0.0023811     0.0014099           3    19009600           0
   21.097     0.0020716     0.0006434           4        4360           0
   21.267     0.0015632     0.0007482           4        4360           0
   21.436     0.0021881     0.0007731           4        4360           0
   21.606     0.0017082     0.0007518           4        4360           0
   21.775     0.0019735     0.0008333           4        4360           0
   21.944     0.0014749     0.0008770           4        4360           0
   22.114     0.0019359     0.0009583           4        4360           0
   22.283     0.0015412     0.0004982           4        4360           0
   22.452     0.0022160     0.0006443           4        4360           0
   22.622     0.0017032     0.0014309           4        4360           0
   22.791     0.0021758     0.0006224           4        4360           0
   22.960     0.0015897     0.0004557           4        4360           0
   23.130     0.0015936     0.0005594           4        4360           0
   23.299     0.0021367     0.0010494           4        4360           0
   23.469     0.0018087     0.0008772           4        4360           0
   23.638     0.0017316     0.0005054           4        4360           0
   23.807     0.0018287     0.0004340           4        4360           0
   23.976     0.0012852     0.0005018           4        4360           0
   24.146     0.0016820     0.0005748           4        4360           0
   24.315     0.0025935     0.0005651           4        4360           0
   24.485     0.0023682     0.0006615           4        4360           0
   24.654     0.0024794     0.0005883           4        4360           0
   24.823     0.0018872     0.0006313           4        4360           0
   24.993     0.0024707     0.0008011           4        4360           0
   25.162     0.0024831     0.0026963           4        4360           0
   25.331     0.0023414     0.0007810           4        4360           0
   25.501     0.0025153     0.0005708           4        4360           0
   25.670     0.0023233     0.0007271           4        4360           0
   25.839     0.0021129     0.0023489           4        4360           0
   26.009     0.0010772     0.0008743           4        4360           0
   26.178     0.0022732     0.0004975           4        4360           0
   26.347     0.0026341     0.0004385           4        4360           0
   26.517     0.0029608     0.0020327           4        4360           0
   26.686     0.0030461     0.0013268           4        4360           0
   26.856     0.0030667     0.0015938           4        4360           0
   27.025     0.0025807     0.0020961           4        4360           0
   27.194     0.0023839     0.0019391           4        4360           0
   27.364     0.0022820     0.0005838           4        4360           0
   27.533     0.0029642     0.0004888           4        4360           0
   27.702     0.0027149     0.0006550           4        4360           0
   27.872     0.0032778     0.0006357           4        4360           0
   28.041     0.0029210     0.0007609           4        4360           0
   28.210     0.0044578     0.0007036           4        4360           0
   28.380     0.0027571     0.0007494           4        4360           0
   28.549     0.0026689     0.0007109           4        4360           0
   28.719     0.0029964     0.0005964           4        4360           0
   28.888     0.0025880     0.0006191           4        4360           0
   29.057     0.0030750     0.0006628           4        4360           0
   29.226     0.0031576     0.0007463           4        4360           0
   29.396     0.0017870     0.0050195           4        4360           0
   29.565     0.0016789     0.0054939           4        4360           0
   29.735     0.0029002     0.0029619           4        4360           0
   29.904     0.0026818     0.0007709           4        4360           0
   30.073     0.0028141     0.0008636           4        4360           0
   30.243     0.0037120     0.0025376           4        4360           0
   30.412     0.0028457     0.0073397           4        4360           0
   30.581     0.0018498     0.0082446           4        4360           0
   30.751     0.0031569     0.0009767           4        4360           0
   30.920     0.0021772     0.0009751           4        4360           0
   31.089     0.0028636     0.0009637           4        4360           0
   31.259     0.0027488     0.0013805           4        4360           0
   31.428     0.0039010     0.0009563           4        4360           0
   31.597     0.0039720     0.0007809           4        4360           0
   31.767     0.0046109     0.0006726           4        4360           0
   31.936     0.0043556     0.0005862           4        4360           0
   32.105     0.0026429     0.0009760           4        4360           0
   32.275     0.0014232     0.0011282           4        4360           0
   32.444     0.0022226     0.0012205           4        4360           0
   32.614     0.0028568     0.0014169           4        4360           0
   32.783     0.0046163     0.0013004           4        4360           0
   32.952     0.0051360     0.0012426           4        4360           0
   33.122     0.0053732     0.0018969           4        4360           0
   33.291     0.0024396     0.0025688           4        4360           0
   33.460     0.0033163     0.0017124           4        4360           0
   33.630     0.0047418     0.0012202           4        4360           0
   33.799     0.0064819     0.0014149           4        4360           0
   33.968     0.0053180     0.0017239           4        4360           0
   34.138     0.0040381     0.0020094           4        4360           0
   34.307     0.0027826     0.0020124           4        4360           0
   34.477     0.0027352     0.0021210           4        4360           0
   34.646     0.0029245     0.0018336           4        4360           0
   34.815     0.0033256     0.0031021           4        4360           0
   34.985     0.0002195     0.0128312           4        4360           0
   35.154     0.0045186     0.0046130           4        4360           0
   35.323     0.0083342     0.0067577           4        4360           0
   35.493     0.0081666     0.0027883           4        4360           0
   35.662     0.0041822     0.0029917           4        4360           0
   35.831     0.0031709     0.0028049           4        4360           0
   36.001     0.0054423     0.0028246           4        4360           0
   36.170     0.0064842     0.0037959           4        4360           0
   36.339     0.0058197     0.0046610           4        4360           0
   36.509    -0.0008913     0.0042458           4        4360           0
   36.678     0.0002913     0.0042604           4        4360           0
   36.847     0.0011929     0.0042774           4        4360           0
   37.017     0.0043089     0.0053870           4        4360           0
   37.186     0.0073770     0.0059526           4        4360           0
   37.355     0.0120583     0.0055753           4        4360           0
   37.525     0.0074651     0.0048199           4        4360           0
   37.694     0.0068173     0.0055800           4        4360           0
   37.864     0.0066659     0.0074026           4        4360           0
   38.033     0.0075541     0.0075176           4        4360           0
   38.202     0.0088301     0.0109199           4        4360           0
   38.372     0.0162162     0.0149542           4        4360           0
   38.541    -0.0024811     0.0340644           4        4360           0
   38.710    -0.0032694     0.0172949           4        4360           0
   38.880     0.0291019     0.0145415           4        4360           0
   39.049     0.0285003     0.1568990           4        4360           0
   39.218     0.0253186     0.0585941           4        4360           0
   39.388     0.0055155     0.0099660           4        4360           0
   39.557    -0.0081884     0.0100658           4        4360           0
   39.727    -0.0031976     0.0144149           4        4360           0
   39.896    -0.0145751     0.0141588           4        4488           0
   40.065     0.0029659     0.0094908           4        4488           0
   40.235     0.0003023     0.0041556           4        4488           0
   40.404     0.0003557     0.0025786           4        4488           0
   40.573     0.0003955     0.0012761           4        4488           0
   40.743    -0.0000916     0.0005990           4        4508           0
   40.912    -0.0000402     0.0003381           4        4488           0
   41.081     0.0000106     0.0002022           4        4488           0
   41.251    -0.0000001     0.0001944           4        4488           0
   41.420    -0.0000379     0.0002997           4        4488           0
   41.589    -0.0000033     0.0003575           4        4488           0
   41.759     0.0002386     0.0004227           4        4488           0
   41.928     0.0001777     0.0008788           4        4508           0
   42.097    -0.0002821     0.0004513           4        4508           0
   42.267     0.0014133     0.0017809           4        4488           0
