wave flux error channelflag bitflag stitchflag
    5.127     0.0004839     0.0037636           1         392           0
    5.157     0.0001086     0.0022246           1         136           0
    5.187    -0.0000762     0.0009279           1         136           0
    5.217     0.0002268     0.0005758           1         136           0
    5.247     0.0000230     0.0005985           1         136           0
    5.278     0.0002577     0.0006975           1         136           0
    5.308    -0.0000149     0.0007127           1         136           0
    5.338     0.0004018     0.0006070           1         392           0
    5.368     0.0005369     0.0006473           1         392           0
    5.399    -0.0000753     0.0006396           1       16776           0
    5.429    -0.0000596     0.0006396           1       16796           0
    5.459    -0.0001132     0.0006317           1       16796           0
    5.489     0.0000702     0.0005347           1         392           0
    5.520    -0.0003798     0.0005086           1         392           0
    5.550    -0.0001721     0.0005505           1         392           0
    5.580     0.0000897     0.0005143           1         392           0
    5.610     0.0000199     0.0005306           1         392           0
    5.641    -0.0001901     0.0005014           1        8468           0
    5.671    -0.0000902     0.0004450           1        8468           0
    5.701    -0.0001111     0.0004408           1         392           0
    5.731    -0.0000791     0.0004185           1         392           0
    5.762    -0.0000442     0.0004380           1         412           0
    5.792    -0.0004538     0.0004299           1         412           0
    5.822    -0.0002866     0.0004263           1         392           0
    5.852     0.0000617     0.0004392           1         392           0
    5.883     0.0000343     0.0004788           1         392           0
    5.913     0.0000594     0.0004490           1         136           0
    5.943    -0.0000115     0.0004606           1         136           0
    5.973     0.0001069     0.0004711           1         136           0
    6.004    -0.0000693     0.0004771           1         136           0
    6.034    -0.0001538     0.0004818           1         136           0
    6.064    -0.0000091     0.0004489           1         392           0
    6.094     0.0001443     0.0004100           1         392           0
    6.125     0.0000980     0.0004171           1         392           0
    6.155     0.0001837     0.0004571           1         392           0
    6.185     0.0002387     0.0004639           1         392           0
    6.215     0.0003675     0.0004981           1         392           0
    6.245     0.0002731     0.0004520           1         392           0
    6.276     0.0001180     0.0004637           1         392           0
    6.306     0.0004675     0.0005138           1         392           0
    6.336     0.0007358     0.0005849           1         392           0
    6.366     0.0000294     0.0005975           1         392           0
    6.397    -0.0001211     0.0005537           1         392           0
    6.427     0.0000048     0.0005130           1         392           0
    6.457     0.0004878     0.0005110           1         392           0
    6.487     0.0004734     0.0006083           1         392           0
    6.518     0.0001150     0.0005967           1         392           0
    6.548     0.0000019     0.0006921           1         392           0
    6.578     0.0002154     0.0007524           1         392           0
    6.608     0.0010358     0.0007922           1         392           0
    6.639     0.0025110     0.0005441           1         136           0
    6.669     0.0031488     0.0004705           1         136           0
    6.699     0.0024434     0.0004541           1         136           0
    6.729     0.0015286     0.0005703           1         136           0
    6.760     0.0004744     0.0007055           1         136           0
    6.790     0.0001516     0.0007861           1         392           0
    6.820     0.0003802     0.0008517           1         392           0
    6.850     0.0007855     0.0008251           1         392           0
    6.881     0.0000177     0.0008661           1         392           0
    6.911     0.0003420     0.0007496           1         392           0
    6.941     0.0003300     0.0008013           1         392           0
    6.971     0.0002609     0.0007949           1         392           0
    7.002     0.0003451     0.0008243           1         392           0
    7.032     0.0004453     0.0007562           1         392           0
    7.062     0.0005759     0.0008313           1         392           0
    7.092     0.0004099     0.0007731           1         392           0
    7.122     0.0004774     0.0008194           1         392           0
    7.153     0.0002461     0.0007161           1         392           0
    7.183     0.0004063     0.0007008           1         392           0
    7.213     0.0004882     0.0007169           1         392           0
    7.243     0.0006617     0.0007564           1         392           0
    7.274     0.0008766     0.0008037           1         392           0
    7.304     0.0009672     0.0008358           1         392           0
    7.334     0.0008758     0.0010451           1       53312           0
    7.395     0.0005119     0.0011301           1       18496           0
    7.455     0.0008022     0.0010111           1       18496           0
    7.516     0.0019157     0.0009659           1       53312           0
    7.576     0.0012252     0.0013653           1      153664           0
    7.637     0.0009370     0.0004607           1         392           0
    7.697     0.0013958     0.0004867           1         392           0
    7.758     0.0015801     0.0005953           1         392           0
    7.818     0.0022316     0.0004901           1         392           0
    7.879     0.0020378     0.0004860           1         392           0
    7.939     0.0025901     0.0004292           1         392           0
    8.000     0.0031104     0.0004178           1         392           0
    8.060     0.0034810     0.0003257           1         392           0
    8.120     0.0042258     0.0003061           1         392           0
    8.181     0.0048379     0.0003110           1         392           0
    8.241     0.0044681     0.0003035           1         392           0
    8.302     0.0043098     0.0004120           1         392           0
    8.362     0.0037680     0.0001960           2       16796           0
    8.423     0.0036920     0.0002120           2       16796           0
    8.483     0.0034800     0.0001750           2       16792           0
    8.544     0.0030230     0.0001990           2       16776           0
    8.604     0.0030568     0.0002836           2         392           0
    8.665     0.0023490     0.0001830           2         392           0
    8.725     0.0022190     0.0001950           2         392           0
    8.786     0.0020440     0.0001720           2         392           0
    8.846     0.0017740     0.0001850           2         392           0
    8.907     0.0023930     0.0002110           2         392           0
    8.967     0.0022350     0.0002180           2         392           0
    9.028     0.0018950     0.0002140           2         136           0
    9.088     0.0030530     0.0002120           2         136           0
    9.149     0.0027650     0.0002050           2         136           0
    9.209     0.0024190     0.0001980           2         136           0
    9.270     0.0027830     0.0002050           2         136           0
    9.330     0.0025640     0.0002520           2         136           0
    9.391     0.0024460     0.0002500           2         392           0
    9.451     0.0026590     0.0003328           2         392           0
    9.512     0.0018522     0.0002708           2         392           0
    9.572     0.0014140     0.0001910           2         392           0
    9.633     0.0011640     0.0001620           2         392           0
    9.693     0.0016644     0.0002849           2         392           0
    9.754     0.0015139     0.0002850           2       16796           0
    9.814     0.0013930     0.0002335           2       16796           0
    9.875     0.0013345     0.0002349           2         392           0
    9.935     0.0010036     0.0002815           2         392           0
    9.995     0.0014184     0.0002335           2         392           0
   10.056     0.0013513     0.0002108           2         392           0
   10.116     0.0012597     0.0002093           2         392           0
   10.177     0.0012647     0.0002045           2         392           0
   10.237     0.0013555     0.0002009           2         392           0
   10.298     0.0015782     0.0002122           2         392           0
   10.358     0.0016295     0.0002095           2         392           0
   10.419     0.0015466     0.0002164           2         392           0
   10.479     0.0014980     0.0002299           2         392           0
   10.540     0.0011278     0.0002107           2         392           0
   10.600     0.0007974     0.0002766           2         392           0
   10.661     0.0003925     0.0002282           2         392           0
   10.721     0.0009340     0.0001540           2         392           0
   10.782     0.0011527     0.0002285           2         392           0
   10.842     0.0011105     0.0002313           2         392           0
   10.903     0.0013045     0.0002517           2         392           0
   10.963     0.0014080     0.0003064           2         392           0
   11.024     0.0012903     0.0002964           2         392           0
   11.084     0.0004978     0.0004120           2         392           0
   11.145     0.0008902     0.0003732           2         392           0
   11.205     0.0006859     0.0004101           2         392           0
   11.266     0.0015402     0.0002923           2         392           0
   11.326     0.0016216     0.0003947           2         392           0
   11.387     0.0018501     0.0003118           2         412           0
   11.447     0.0015679     0.0003421           2         412           0
   11.508     0.0013537     0.0004192           2         392           0
   11.568     0.0020263     0.0003239           2         392           0
   11.628     0.0019643     0.0003783           2         392           0
   11.689     0.0021277     0.0003571           2         392           0
   11.750     0.0026188     0.0003621           2         392           0
   11.810     0.0033893     0.0003629           2         392           0
   11.870     0.0036905     0.0003557           2         392           0
   11.931     0.0036570     0.0002210           2         392           0
   11.991     0.0067390     0.0002340           2         392           0
   12.052     0.0107210     0.0002320           2         392           0
   12.112     0.0096360     0.0002310           2         392           0
   12.173     0.0071540     0.0002220           2         392           0
   12.233     0.0058590     0.0002350           2         392           0
   12.294     0.0046670     0.0002370           2         392           0
   12.354     0.0046259     0.0003201           2         392           0
   12.415     0.0043615     0.0003069           2         392           0
   12.475     0.0031570     0.0002090           2         392           0
   12.536     0.0029710     0.0002150           2         392           0
   12.596     0.0028400     0.0002130           2         392           0
   12.657     0.0026750     0.0002030           2         392           0
   12.717     0.0034816     0.0002885           2         392           0
   12.778     0.0037432     0.0002909           2         392           0
   12.838     0.0040351     0.0003029           2         392           0
   12.899     0.0041976     0.0003160           2         392           0
   12.959     0.0041630     0.0003459           2         392           0
   13.020     0.0038498     0.0003446           2         392           0
   13.080     0.0034121     0.0003614           2         392           0
   13.141     0.0036315     0.0003592           2         392           0
   13.201     0.0039873     0.0003834           2         392           0
   13.262     0.0046660     0.0003800           2         392           0
   13.322     0.0043902     0.0003705           2         392           0
   13.383     0.0041410     0.0002860           2         392           0
   13.443     0.0049732     0.0004380           2         392           0
   13.503     0.0050450     0.0004514           2         392           0
   13.564     0.0056430     0.0004632           2         392           0
   13.625     0.0062820     0.0004604           2         392           0
   13.685     0.0076412     0.0004731           2         392           0
   13.745     0.0092152     0.0004654           2         392           0
   13.806     0.0068849     0.0004951           2         392           0
   13.866     0.0037064     0.0005233           2         392           0
   13.927     0.0037530     0.0005558           2         392           0
   13.985     0.0062108     0.0006151           3        4488           0
   14.069     0.0048526     0.0020272           3        4360           0
   14.154     0.0053307     0.0006537           3        4360           0
   14.239     0.0051074     0.0004042           3        4360           0
   14.323     0.0045564     0.0004187           3        4360           0
   14.408     0.0046769     0.0003968           3        4360           0
   14.493     0.0047939     0.0004052           3        4360           0
   14.577     0.0046692     0.0004412           3        4360           0
   14.662     0.0046631     0.0004676           3        4360           0
   14.747     0.0042497     0.0004616           3        4360           0
   14.832     0.0036797     0.0005579           3        4360           0
   14.916     0.0036582     0.0005065           3        4360           0
   15.001     0.0038935     0.0004692           3        4360           0
   15.085     0.0041524     0.0005461           3        4360           0
   15.170     0.0036810     0.0004016           3        4360           0
   15.255     0.0045472     0.0005043           3        4360           0
   15.340     0.0040078     0.0004430           3        4360           0
   15.424     0.0043751     0.0004178           3        4360           0
   15.509     0.0042055     0.0003857           3        4360           0
   15.594     0.0038231     0.0004161           3        4360           0
   15.678     0.0035123     0.0004004           3        4360           0
   15.763     0.0032191     0.0003807           3        4360           0
   15.848     0.0030128     0.0003721           3        4360           0
   15.932     0.0029582     0.0005139           3        4360           0
   16.017     0.0033846     0.0005753           3        4360           0
   16.102     0.0034663     0.0005439           3        4360           0
   16.186     0.0033891     0.0005678           3        4360           0
   16.271     0.0035714     0.0006061           3        4360           0
   16.356     0.0034092     0.0005388           3        4360           0
   16.440     0.0036327     0.0005205           3        4360           0
   16.525     0.0034205     0.0004838           3        4360           0
   16.610     0.0048266     0.0004289           3        4360           0
   16.694     0.0060947     0.0003576           3        4360           0
   16.779     0.0050406     0.0004496           3        4360           0
   16.864     0.0040246     0.0005116           3        4360           0
   16.948     0.0037159     0.0006511           3        4360           0
   17.033     0.0041890     0.0005052           3        4360           0
   17.118     0.0037786     0.0012806           3        4360           0
   17.202     0.0044616     0.0007779           3        4360           0
   17.287     0.0045927     0.0006141           3        4360           0
   17.372     0.0048360     0.0006081           3        4360           0
   17.456     0.0055678     0.0006348           3        4360           0
   17.541     0.0062772     0.0005153           3        4360           0
   17.626     0.0077822     0.0016877           3        4360           0
   17.711     0.0081843     0.0017023           3        4360           0
   17.795     0.0075867     0.0005785           3        4360           0
   17.880     0.0069109     0.0005458           3        4360           0
   17.965     0.0069575     0.0006024           3        4360           0
   18.049     0.0073805     0.0006461           3        4360           0
   18.134     0.0075166     0.0007688           3        4360           0
   18.219     0.0077864     0.0006040           3        4360           0
   18.303     0.0094338     0.0004965           3        4360           0
   18.388     0.0085717     0.0007610           3        4360           0
   18.472     0.0073443     0.0007127           3        4360           0
   18.557     0.0076014     0.0007351           3        4360           0
   18.642     0.0080801     0.0037627           3        4360           0
   18.727     0.0072991     0.0012572           3        4360           0
   18.811     0.0057836     0.0005455           3        4360           0
   18.896     0.0051752     0.0006026           3        4360           0
   18.981     0.0051088     0.0005785           3        4360           0
   19.065     0.0053430     0.0006436           3        4360           0
   19.150     0.0048673     0.0008519           3        4360           0
   19.235     0.0027127     0.0010585           3    19009600           0
   19.404     0.0040640     0.0015430           3    19009600           0
   19.573     0.0050780     0.0011002           3    19009600           0
   19.743     0.0044351     0.0010574           3    19009600           0
   19.912     0.0055510     0.0033711           3    19009600           0
   20.081     0.0073805     0.0030362           3        4360           0
   20.251     0.0055863     0.0020398           3        4360           0
   20.420     0.0049697     0.0013417           3        4360           0
   20.590     0.0048219     0.0012742           3        4360           0
   20.759     0.0045517     0.0014917           3        4360           0
   20.928     0.0034436     0.0017469           3        4360           0
   21.097     0.0047277     0.0006183           4        4360           0
   21.267     0.0041670     0.0012493           4        4360           0
   21.436     0.0048231     0.0031619           4        4360           0
   21.606     0.0041793     0.0007809           4        4360           0
   21.775     0.0051843     0.0007931           4        4360           0
   21.944     0.0031173     0.0006515           4        4360           0
   22.114     0.0052095     0.0007578           4        4360           0
   22.283     0.0045638     0.0005790           4        4360           0
   22.452     0.0049030     0.0007122           4        4360           0
   22.622     0.0049321     0.0006723           4        4360           0
   22.791     0.0052287     0.0005452           4        4360           0
   22.960     0.0052673     0.0004777           4        4360           0
   23.130     0.0055158     0.0005925           4        4360           0
   23.299     0.0059083     0.0005891           4        4360           0
   23.469     0.0056978     0.0005948           4        4360           0
   23.638     0.0056043     0.0011119           4        4360           0
   23.807     0.0058120     0.0007558           4        4360           0
   23.976     0.0061028     0.0005015           4        4360           0
   24.146     0.0066673     0.0006066           4        4360           0
   24.315     0.0067449     0.0005959           4        4360           0
   24.485     0.0058370     0.0004939           4        4360           0
   24.654     0.0065439     0.0006006           4        4360           0
   24.823     0.0068718     0.0006537           4        4360           0
   24.993     0.0067224     0.0007300           4        4360           0
   25.162     0.0076940     0.0006197           4        4360           0
   25.331     0.0072672     0.0006647           4        4360           0
   25.501     0.0072620     0.0007143           4        4360           0
   25.670     0.0077270     0.0007155           4        4360           0
   25.839     0.0074834     0.0024506           4        4360           0
   26.009     0.0071469     0.0008036           4        4360           0
   26.178     0.0078432     0.0005002           4        4360           0
   26.347     0.0077248     0.0004874           4        4360           0
   26.517     0.0077165     0.0005201           4        4360           0
   26.686     0.0082123     0.0005893           4        4360           0
   26.856     0.0078730     0.0005837           4        4360           0
   27.025     0.0078724     0.0005816           4        4360           0
   27.194     0.0083893     0.0005989           4        4360           0
   27.364     0.0088010     0.0005546           4        4360           0
   27.533     0.0092596     0.0005637           4        4360           0
   27.702     0.0089725     0.0006537           4        4360           0
   27.872     0.0090487     0.0006926           4        4360           0
   28.041     0.0088927     0.0007591           4        4360           0
   28.210     0.0113161     0.0008020           4        4360           0
   28.380     0.0087360     0.0007585           4        4360           0
   28.549     0.0083201     0.0006805           4        4360           0
   28.719     0.0088852     0.0006614           4        4360           0
   28.888     0.0085383     0.0006147           4        4360           0
   29.057     0.0083135     0.0007074           4        4360           0
   29.226     0.0084823     0.0007826           4        4360           0
   29.396     0.0096538     0.0009849           4        4360           0
   29.565     0.0097831     0.0009381           4        4360           0
   29.735     0.0088224     0.0006995           4        4360           0
   29.904     0.0090771     0.0008969           4        4360           0
   30.073     0.0101767     0.0009138           4        4360           0
   30.243     0.0106309     0.0036616           4        4360           0
   30.412     0.0112024     0.0108974           4        4360           0
   30.581     0.0097635     0.0091930           4        4360           0
   30.751     0.0104499     0.0009824           4        4360           0
   30.920     0.0127132     0.0006512           4        4360           0
   31.089     0.0101894     0.0009007           4        4360           0
   31.259     0.0111579     0.0008371           4        4360           0
   31.428     0.0108067     0.0006444           4        4360           0
   31.597     0.0109186     0.0006538           4        4360           0
   31.767     0.0106270     0.0007891           4        4360           0
   31.936     0.0108757     0.0008369           4        4360           0
   32.105     0.0108968     0.0009284           4        4360           0
   32.275     0.0113697     0.0009089           4        4360           0
   32.444     0.0112432     0.0009934           4        4360           0
   32.614     0.0104824     0.0012708           4        4360           0
   32.783     0.0111799     0.0012947           4        4360           0
   32.952     0.0126214     0.0011285           4        4360           0
   33.122     0.0095367     0.0014793           4        4360           0
   33.291     0.0118506     0.0014963           4        4360           0
   33.460     0.0153997     0.0013661           4        4360           0
   33.630     0.0145534     0.0013932           4        4360           0
   33.799     0.0110412     0.0012008           4        4360           0
   33.968     0.0133496     0.0020259           4        4360           0
   34.138     0.0147901     0.0028236           4        4360           0
   34.307     0.0127119     0.0026077           4        4360           0
   34.477     0.0149488     0.0022692           4        4360           0
   34.646     0.0139889     0.0018206           4        4360           0
   34.815     0.0132492     0.0014961           4        4360           0
   34.985     0.0140432     0.0016120           4        4360           0
   35.154     0.0133946     0.0029155           4        4360           0
   35.323     0.0171508     0.0036241           4        4360           0
   35.493     0.0166258     0.0027745           4        4360           0
   35.662     0.0158091     0.0030314           4        4360           0
   35.831     0.0260142     0.0020851           4        4360           0
   36.001     0.0292424     0.0022239           4        4360           0
   36.170     0.0204515     0.0054201           4        4360           0
   36.339     0.0165249     0.0065133           4        4360           0
   36.509     0.0188782     0.0061386           4        4360           0
   36.678     0.0186436     0.0044659           4        4360           0
   36.847     0.0161038     0.0036072           4        4360           0
   37.017     0.0128931     0.0065160           4        4360           0
   37.186     0.0208767     0.0089025           4        4360           0
   37.355     0.0295036     0.0065464           4        4360           0
   37.525     0.0275767     0.0050603           4        4360           0
   37.694     0.0196467     0.0053250           4        4360           0
   37.864     0.0173559     0.0089174           4        4360           0
   38.033     0.0147970     0.0210372           4        4360           0
   38.202     0.0135011     0.0317805           4        4360           0
   38.372     0.0188604     0.0125449           4        4360           0
   38.541     0.0206772     0.0197380           4        4360           0
   38.710     0.0201716     0.0251444           4        4360           0
   38.880     0.0135689     0.0369319           4        4360           0
   39.049     0.0056705     0.0317386           4        4360           0
   39.218     0.0127213     0.0131118           4        4360           0
   39.388     0.0054232     0.0096022           4        4360           0
   39.557     0.0024926     0.0347380           4        4360           0
   39.727     0.0069050     0.0553149           4        4360           0
   39.896     0.0074780     0.0095552           4        4488           0
   40.065    -0.0015146     0.0069264           4        4488           0
   40.235     0.0008088     0.0042008           4        4488           0
   40.404     0.0001106     0.0019721           4        4488           0
   40.573     0.0005643     0.0008014           4        4488           0
   40.743     0.0006647     0.0003219           4        4508           0
   40.912     0.0001803     0.0002376           4        4488           0
   41.081     0.0000251     0.0001475           4        4488           0
   41.251     0.0000505     0.0001309           4        4488           0
   41.420     0.0000355     0.0002218           4        4488           0
   41.589     0.0002780     0.0002307           4        4488           0
   41.759     0.0006418     0.0002673           4        4488           0
   41.928     0.0003672     0.0008507           4        4508           0
   42.097    -0.0001169     0.0006925           4        4508           0
   42.267     0.0021663     0.0011212           4        4488           0
