wave flux error channelflag bitflag stitchflag
    5.127     0.0000143     0.0037443           1         392           0
    5.157     0.0005148     0.0020250           1         136           0
    5.187     0.0004641     0.0010261           1         136           0
    5.217     0.0003007     0.0006300           1         136           0
    5.247     0.0002317     0.0005451           1         136           0
    5.278     0.0001535     0.0006040           1         136           0
    5.308     0.0004232     0.0005962           1         136           0
    5.338     0.0005573     0.0005053           1         392           0
    5.368     0.0003897     0.0005358           1         392           0
    5.399     0.0004546     0.0005441           1       16776           0
    5.429     0.0000202     0.0005354           1       16796           0
    5.459     0.0004591     0.0005117           1       16796           0
    5.489     0.0002108     0.0004307           1         392           0
    5.520     0.0004851     0.0004642           1         392           0
    5.550     0.0004258     0.0005075           1         392           0
    5.580     0.0003115     0.0004536           1         392           0
    5.610     0.0001649     0.0004922           1         392           0
    5.641     0.0002976     0.0004363           1        8468           0
    5.671     0.0002104     0.0004551           1        8468           0
    5.701     0.0000893     0.0004495           1         392           0
    5.731     0.0002465     0.0003993           1         392           0
    5.762     0.0003558     0.0004409           1         412           0
    5.792     0.0003446     0.0004788           1         412           0
    5.822     0.0002563     0.0004842           1         392           0
    5.852     0.0006212     0.0005089           1         392           0
    5.883     0.0007686     0.0005107           1         392           0
    5.913     0.0006157     0.0005111           1         136           0
    5.943     0.0004505     0.0004875           1         136           0
    5.973     0.0003491     0.0003959           1         136           0
    6.004     0.0001720     0.0005332           1         136           0
    6.034     0.0000856     0.0004780           1         136           0
    6.064    -0.0000510     0.0004728           1         392           0
    6.094    -0.0000061     0.0005055           1         392           0
    6.125     0.0003569     0.0004881           1         392           0
    6.155     0.0002965     0.0005224           1         392           0
    6.185     0.0006442     0.0005463           1         392           0
    6.215     0.0006357     0.0005189           1         392           0
    6.245     0.0003787     0.0004737           1         392           0
    6.276     0.0003704     0.0005304           1         392           0
    6.306     0.0003797     0.0005123           1         392           0
    6.336     0.0005657     0.0005685           1         392           0
    6.366     0.0002858     0.0005942           1         392           0
    6.397     0.0003608     0.0005565           1         392           0
    6.427     0.0005280     0.0005462           1         392           0
    6.457     0.0006135     0.0006090           1         392           0
    6.487     0.0004463     0.0005633           1         392           0
    6.518     0.0005883     0.0006242           1         392           0
    6.548     0.0008359     0.0006630           1         392           0
    6.578     0.0008256     0.0006858           1         392           0
    6.608     0.0007747     0.0006636           1         392           0
    6.639     0.0002548     0.0006559           1         136           0
    6.669     0.0005643     0.0006074           1         136           0
    6.699     0.0005435     0.0005593           1         136           0
    6.729     0.0005119     0.0006442           1         136           0
    6.760     0.0004498     0.0007068           1         136           0
    6.790     0.0006507     0.0006914           1         392           0
    6.820     0.0007856     0.0007298           1         392           0
    6.850     0.0016494     0.0007279           1         392           0
    6.881     0.0023927     0.0007201           1         392           0
    6.911     0.0027896     0.0007690           1         392           0
    6.941     0.0022933     0.0007484           1         392           0
    6.971     0.0024727     0.0008360           1         392           0
    7.002     0.0021466     0.0008455           1         392           0
    7.032     0.0020264     0.0008945           1         392           0
    7.062     0.0017128     0.0008332           1         392           0
    7.092     0.0013010     0.0007774           1         392           0
    7.122     0.0012006     0.0008456           1         392           0
    7.153     0.0014343     0.0008329           1         392           0
    7.183     0.0010741     0.0008053           1         392           0
    7.213     0.0010566     0.0008364           1         392           0
    7.243     0.0009764     0.0008480           1         392           0
    7.274     0.0005699     0.0009443           1         392           0
    7.304     0.0006766     0.0009781           1         392           0
    7.334     0.0008430     0.0011305           1       53312           0
    7.395     0.0008504     0.0013273           1       18496           0
    7.455     0.0009684     0.0011042           1       18496           0
    7.516     0.0009580     0.0011115           1       53312           0
    7.576     0.0007921     0.0014330           1      153664           0
    7.637     0.0009330     0.0006144           1         392           0
    7.697     0.0014520     0.0005679           1         392           0
    7.758     0.0011546     0.0007460           1         392           0
    7.818     0.0011858     0.0007435           1         392           0
    7.879     0.0012730     0.0007055           1         392           0
    7.939     0.0014065     0.0006844           1         392           0
    8.000     0.0013466     0.0006685           1         392           0
    8.060     0.0014525     0.0006432           1         392           0
    8.120     0.0016472     0.0006175           1         392           0
    8.181     0.0019414     0.0005969           1         392           0
    8.241     0.0023148     0.0005955           1         392           0
    8.302     0.0027523     0.0006063           1         392           0
    8.362     0.0034328     0.0003807           2       16796           0
    8.423     0.0035954     0.0003854           2       16796           0
    8.483     0.0040706     0.0004151           2       16792           0
    8.544     0.0041992     0.0003833           2       16776           0
    8.604     0.0039768     0.0003938           2         392           0
    8.665     0.0040026     0.0003674           2         392           0
    8.725     0.0036670     0.0003699           2         392           0
    8.786     0.0035674     0.0003659           2         392           0
    8.846     0.0033237     0.0003493           2         392           0
    8.907     0.0031527     0.0003815           2         392           0
    8.967     0.0025769     0.0004058           2         392           0
    9.028     0.0020626     0.0004090           2         136           0
    9.088     0.0021636     0.0004057           2         136           0
    9.149     0.0021697     0.0003580           2         136           0
    9.209     0.0022595     0.0003452           2         136           0
    9.270     0.0019572     0.0003613           2         136           0
    9.330     0.0022150     0.0003874           2         136           0
    9.391     0.0020122     0.0003651           2         392           0
    9.451     0.0022355     0.0003924           2         392           0
    9.512     0.0023845     0.0003844           2         392           0
    9.572     0.0027210     0.0003645           2         392           0
    9.633     0.0025266     0.0003472           2         392           0
    9.693     0.0022641     0.0003505           2         392           0
    9.754     0.0024262     0.0003339           2       16796           0
    9.814     0.0017725     0.0003169           2       16796           0
    9.875     0.0013156     0.0003360           2         392           0
    9.935     0.0012506     0.0003214           2         392           0
    9.995     0.0010773     0.0003207           2         392           0
   10.056     0.0010507     0.0003104           2         392           0
   10.116     0.0009227     0.0003166           2         392           0
   10.177     0.0006140     0.0003090           2         392           0
   10.237     0.0007296     0.0002962           2         392           0
   10.298     0.0009207     0.0003036           2         392           0
   10.358     0.0010557     0.0002755           2         392           0
   10.419     0.0007577     0.0003283           2         392           0
   10.479     0.0007858     0.0003371           2         392           0
   10.540     0.0009740     0.0003515           2         392           0
   10.600     0.0008947     0.0003376           2         392           0
   10.661     0.0010063     0.0003565           2         392           0
   10.721     0.0010476     0.0003458           2         392           0
   10.782     0.0009089     0.0003547           2         392           0
   10.842     0.0008124     0.0003809           2         392           0
   10.903     0.0008010     0.0003633           2         392           0
   10.963     0.0009059     0.0003850           2         392           0
   11.024     0.0009290     0.0003820           2         392           0
   11.084     0.0006766     0.0004243           2         392           0
   11.145     0.0007044     0.0004080           2         392           0
   11.205     0.0007628     0.0004114           2         392           0
   11.266     0.0008351     0.0004127           2         392           0
   11.326     0.0006166     0.0004230           2         392           0
   11.387     0.0004817     0.0004128           2         412           0
   11.447     0.0005914     0.0004069           2         412           0
   11.508     0.0008030     0.0004295           2         392           0
   11.568     0.0010855     0.0004373           2         392           0
   11.628     0.0009524     0.0004427           2         392           0
   11.689     0.0013593     0.0004423           2         392           0
   11.750     0.0010403     0.0004273           2         392           0
   11.810     0.0010387     0.0004478           2         392           0
   11.870     0.0009612     0.0004355           2         392           0
   11.931     0.0007848     0.0004536           2         392           0
   11.991     0.0011149     0.0004596           2         392           0
   12.052     0.0012356     0.0004481           2         392           0
   12.112     0.0012510     0.0004516           2         392           0
   12.173     0.0013542     0.0004831           2         392           0
   12.233     0.0016184     0.0004611           2         392           0
   12.294     0.0020152     0.0004684           2         392           0
   12.354     0.0022698     0.0004743           2         392           0
   12.415     0.0028475     0.0004353           2         392           0
   12.475     0.0045564     0.0004518           2         392           0
   12.536     0.0058952     0.0004917           2         392           0
   12.596     0.0055004     0.0004285           2         392           0
   12.657     0.0045441     0.0004241           2         392           0
   12.717     0.0036715     0.0004522           2         392           0
   12.778     0.0033138     0.0004460           2         392           0
   12.838     0.0027143     0.0004449           2         392           0
   12.899     0.0025887     0.0003738           2         392           0
   12.959     0.0022419     0.0004968           2         392           0
   13.020     0.0017368     0.0004886           2         392           0
   13.080     0.0019068     0.0005292           2         392           0
   13.141     0.0021374     0.0005400           2         392           0
   13.201     0.0022756     0.0005957           2         392           0
   13.262     0.0023572     0.0005273           2         392           0
   13.322     0.0021900     0.0005828           2         392           0
   13.383     0.0022635     0.0005754           2         392           0
   13.443     0.0024147     0.0005585           2         392           0
   13.503     0.0022049     0.0006164           2         392           0
   13.564     0.0022634     0.0006024           2         392           0
   13.625     0.0026378     0.0006130           2         392           0
   13.685     0.0026185     0.0006234           2         392           0
   13.745     0.0026162     0.0006307           2         392           0
   13.806     0.0026492     0.0006683           2         392           0
   13.866     0.0029275     0.0006504           2         392           0
   13.927     0.0025743     0.0006936           2         392           0
   13.987     0.0032291     0.0006939           2         392           0
   14.069     0.0034318     0.0005528           3        4360           0
   14.154     0.0029986     0.0005039           3        4360           0
   14.239     0.0041200     0.0004127           3        4360           0
   14.323     0.0043097     0.0004602           3        4360           0
   14.408     0.0029753     0.0004051           3        4360           0
   14.493     0.0015889     0.0003638           3        4360           0
   14.577     0.0013024     0.0003953           3        4360           0
   14.662     0.0012129     0.0004172           3        4360           0
   14.747     0.0008914     0.0004436           3        4360           0
   14.832     0.0011495     0.0004717           3        4360           0
   14.916     0.0016096     0.0005030           3        4360           0
   15.001     0.0011575     0.0004782           3        4360           0
   15.085     0.0010095     0.0004578           3        4360           0
   15.170     0.0013599     0.0004324           3        4360           0
   15.255     0.0012275     0.0004837           3        4360           0
   15.340     0.0008249     0.0004793           3        4360           0
   15.424     0.0012406     0.0003978           3        4360           0
   15.509     0.0010705     0.0002832           3        4360           0
   15.594     0.0011576     0.0003556           3        4360           0
   15.678     0.0007786     0.0004118           3        4360           0
   15.763     0.0008013     0.0004621           3        4360           0
   15.848     0.0014865     0.0004227           3        4360           0
   15.932     0.0014193     0.0005287           3        4360           0
   16.017     0.0014282     0.0005235           3        4360           0
   16.102     0.0010207     0.0005147           3        4360           0
   16.186     0.0012184     0.0004961           3        4360           0
   16.271     0.0008272     0.0005190           3        4360           0
   16.356     0.0001865     0.0004983           3        4360           0
   16.440     0.0008500     0.0004794           3        4360           0
   16.525     0.0010791     0.0004136           3        4360           0
   16.610     0.0007665     0.0003954           3        4360           0
   16.694     0.0007825     0.0004288           3        4360           0
   16.779     0.0007799     0.0005229           3        4360           0
   16.864     0.0006773     0.0006810           3        4360           0
   16.948     0.0005955     0.0006647           3        4360           0
   17.033     0.0006563     0.0004705           3        4360           0
   17.118    -0.0000800     0.0010708           3        4360           0
   17.202     0.0007931     0.0007069           3        4360           0
   17.287     0.0009928     0.0005773           3        4360           0
   17.372     0.0007005     0.0005345           3        4360           0
   17.456     0.0003214     0.0005650           3        4360           0
   17.541     0.0011880     0.0005030           3        4360           0
   17.626     0.0008856     0.0005167           3        4360           0
   17.711     0.0010774     0.0004829           3        4360           0
   17.795     0.0012699     0.0005083           3        4360           0
   17.880     0.0011305     0.0005277           3        4360           0
   17.965     0.0022421     0.0004947           3        4360           0
   18.049     0.0012647     0.0006008           3        4360           0
   18.134     0.0019660     0.0005849           3        4360           0
   18.219     0.0010629     0.0006641           3        4360           0
   18.303     0.0018356     0.0005705           3        4360           0
   18.388     0.0019602     0.0007218           3        4360           0
   18.472     0.0013219     0.0006997           3        4360           0
   18.557     0.0020182     0.0008029           3        4360           0
   18.642     0.0019557     0.0006327           3        4360           0
   18.727     0.0019660     0.0005559           3        4360           0
   18.811     0.0021016     0.0006313           3        4360           0
   18.896     0.0023035     0.0006095           3        4360           0
   18.981     0.0033495     0.0005701           3        4360           0
   19.065     0.0037653     0.0006159           3        4360           0
   19.150     0.0028345     0.0007045           3        4360           0
   19.235     0.0017629     0.0009462           3    19009600           0
   19.404     0.0018446     0.0014866           3    19009600           0
   19.573     0.0013750     0.0011360           3    19009600           0
   19.743     0.0014220     0.0010771           3    19009600           0
   19.912     0.0012543     0.0018832           3    19009600           0
   20.081     0.0009402     0.0040769           3        4360           0
   20.251     0.0011357     0.0020321           3        4360           0
   20.420     0.0017845     0.0012786           3        4360           0
   20.590     0.0014278     0.0013888           3        4360           0
   20.759     0.0017944     0.0014284           3        4360           0
   20.928     0.0027568     0.0016707           3        4360           0
   21.097     0.0025811     0.0006295           4        4360           0
   21.267     0.0021631     0.0007592           4        4360           0
   21.436     0.0009435     0.0007721           4        4360           0
   21.606     0.0018847     0.0008210           4        4360           0
   21.775     0.0014655     0.0007199           4        4360           0
   21.944     0.0014742     0.0007339           4        4360           0
   22.114     0.0017966     0.0006115           4        4360           0
   22.283     0.0028019     0.0004137           4        4360           0
   22.452     0.0018694     0.0006878           4        4360           0
   22.622     0.0019357     0.0007219           4        4360           0
   22.791     0.0019461     0.0006470           4        4360           0
   22.960     0.0013365     0.0020989           4        4360           0
   23.130     0.0020882     0.0009203           4        4360           0
   23.299     0.0020061     0.0005405           4        4360           0
   23.469     0.0013784     0.0005329           4        4360           0
   23.638     0.0008962     0.0005082           4        4360           0
   23.807     0.0013302     0.0004749           4        4360           0
   23.976     0.0022646     0.0004914           4        4360           0
   24.146     0.0029186     0.0004949           4        4360           0
   24.315     0.0022473     0.0005754           4        4360           0
   24.485     0.0019897     0.0006123           4        4360           0
   24.654     0.0017338     0.0005439           4        4360           0
   24.823     0.0020820     0.0005817           4        4360           0
   24.993     0.0026556     0.0006954           4        4360           0
   25.162     0.0022284     0.0005603           4        4360           0
   25.331     0.0020595     0.0006122           4        4360           0
   25.501     0.0022840     0.0006212           4        4360           0
   25.670     0.0029536     0.0007603           4        4360           0
   25.839     0.0021583     0.0036686           4        4360           0
   26.009     0.0019440     0.0008869           4        4360           0
   26.178     0.0023769     0.0006579           4        4360           0
   26.347     0.0028522     0.0004753           4        4360           0
   26.517     0.0023818     0.0004321           4        4360           0
   26.686     0.0026085     0.0003705           4        4360           0
   26.856     0.0027841     0.0003925           4        4360           0
   27.025     0.0025648     0.0005436           4        4360           0
   27.194     0.0022431     0.0005336           4        4360           0
   27.364     0.0025252     0.0004297           4        4360           0
   27.533     0.0024431     0.0005143           4        4360           0
   27.702     0.0026777     0.0005992           4        4360           0
   27.872     0.0034030     0.0006521           4        4360           0
   28.041     0.0029588     0.0006967           4        4360           0
   28.210     0.0033873     0.0027340           4        4360           0
   28.380     0.0023945     0.0008328           4        4360           0
   28.549     0.0027443     0.0006634           4        4360           0
   28.719     0.0021010     0.0005180           4        4360           0
   28.888     0.0031670     0.0006070           4        4360           0
   29.057     0.0031079     0.0006545           4        4360           0
   29.226     0.0031354     0.0007242           4        4360           0
   29.396     0.0018839     0.0007217           4        4360           0
   29.565     0.0028244     0.0045788           4        4360           0
   29.735     0.0021411     0.0041763           4        4360           0
   29.904     0.0026608     0.0007659           4        4360           0
   30.073     0.0029142     0.0007142           4        4360           0
   30.243     0.0031213     0.0006833           4        4360           0
   30.412     0.0029759     0.0014923           4        4360           0
   30.581     0.0030254     0.0052612           4        4360           0
   30.751     0.0035716     0.0014398           4        4360           0
   30.920     0.0032312     0.0009682           4        4360           0
   31.089     0.0035326     0.0009556           4        4360           0
   31.259     0.0028056     0.0008277           4        4360           0
   31.428     0.0038567     0.0007532           4        4360           0
   31.597     0.0045345     0.0007654           4        4360           0
   31.767     0.0037754     0.0007817           4        4360           0
   31.936     0.0033890     0.0008248           4        4360           0
   32.105     0.0036046     0.0009042           4        4360           0
   32.275     0.0034406     0.0010923           4        4360           0
   32.444     0.0030046     0.0012119           4        4360           0
   32.614     0.0030805     0.0013031           4        4360           0
   32.783     0.0032690     0.0012025           4        4360           0
   32.952     0.0061970     0.0011369           4        4360           0
   33.122     0.0033790     0.0017136           4        4360           0
   33.291     0.0043917     0.0018491           4        4360           0
   33.460     0.0054232     0.0014091           4        4360           0
   33.630     0.0073048     0.0012072           4        4360           0
   33.799     0.0084082     0.0015499           4        4360           0
   33.968     0.0067968     0.0017280           4        4360           0
   34.138     0.0034930     0.0021558           4        4360           0
   34.307     0.0043089     0.0022674           4        4360           0
   34.477     0.0048588     0.0019228           4        4360           0
   34.646     0.0025369     0.0017826           4        4360           0
   34.815     0.0041103     0.0031671           4        4360           0
   34.985     0.0057915     0.0143807           4        4360           0
   35.154     0.0066660     0.0049525           4        4360           0
   35.323     0.0001558     0.0080546           4        4360           0
   35.493     0.0032907     0.0158056           4        4360           0
   35.662     0.0030236     0.0056056           4        4360           0
   35.831     0.0051798     0.0028586           4        4360           0
   36.001     0.0047443     0.0029478           4        4360           0
   36.170     0.0026193     0.0040643           4        4360           0
   36.339     0.0010374     0.0062161           4        4360           0
   36.509     0.0034049     0.0054274           4        4360           0
   36.678     0.0061694     0.0045816           4        4360           0
   36.847     0.0029502     0.0045712           4        4360           0
   37.017    -0.0027237     0.0062087           4        4360           0
   37.186     0.0277501     0.0060111           4        4360           0
   37.355     0.0061689     0.0045966           4        4360           0
   37.525     0.0042838     0.0046961           4        4360           0
   37.694     0.0076665     0.0051194           4        4360           0
   37.864     0.0073275     0.0073008           4        4360           0
   38.033     0.0146338     0.0284723           4        4360           0
   38.202     0.0185347     0.0461445           4        4360           0
   38.372    -0.0010937     0.0157297           4        4360           0
   38.541    -0.0008074     0.0277176           4        4360           0
   38.710     0.0025071     0.0188174           4        4360           0
   38.880     0.0323119     0.0205682           4        4360           0
   39.049     0.0076052     0.0396829           4        4360           0
   39.218    -0.0014228     0.0179522           4        4360           0
   39.388    -0.0036329     0.0107981           4        4360           0
   39.557     0.0022889     0.0106778           4        4360           0
   39.727     0.0045357     0.0116960           4        4360           0
   39.896    -0.0017872     0.0109156           4        4488           0
   40.065    -0.0067900     0.0093768           4        4488           0
   40.235    -0.0000029     0.0039125           4        4488           0
   40.404    -0.0001595     0.0022480           4        4488           0
   40.573     0.0003869     0.0010879           4        4488           0
   40.743     0.0001362     0.0004992           4        4508           0
   40.912     0.0000366     0.0002009           4        4488           0
   41.081     0.0000519     0.0001284           4        4488           0
   41.251     0.0000089     0.0004338           4        4488           0
   41.420    -0.0000526     0.0006813           4        4488           0
   41.589     0.0002248     0.0003840           4        4488           0
   41.759     0.0008870     0.0001870           4        4488           0
   41.928     0.0008434     0.0009565           4        4508           0
   42.097    -0.0000244     0.0005873           4        4508           0
   42.267     0.0010377     0.0007147           4        4488           0
