wave flux error channelflag bitflag stitchflag
    5.127     0.0006373     0.0033316           1         392           0
    5.157     0.0018883     0.0018633           1         136           0
    5.187     0.0015711     0.0009120           1         136           0
    5.217     0.0009515     0.0005889           1         136           0
    5.247     0.0006920     0.0005917           1         136           0
    5.278     0.0005326     0.0006086           1         136           0
    5.308     0.0005347     0.0005718           1         136           0
    5.338     0.0005694     0.0004869           1         392           0
    5.368     0.0003780     0.0005492           1         392           0
    5.399     0.0007223     0.0006014           1       16776           0
    5.429     0.0008144     0.0005520           1       16796           0
    5.459     0.0009469     0.0005284           1       16796           0
    5.489     0.0007337     0.0005278           1         392           0
    5.520     0.0007734     0.0004983           1         392           0
    5.550     0.0009391     0.0004749           1         392           0
    5.580     0.0008392     0.0004747           1         392           0
    5.610     0.0009022     0.0005229           1         392           0
    5.641     0.0009541     0.0004905           1        8468           0
    5.671     0.0007417     0.0004615           1        8468           0
    5.701     0.0004205     0.0003633           1         392           0
    5.731     0.0006514     0.0004300           1         392           0
    5.762     0.0008133     0.0004539           1         412           0
    5.792     0.0005959     0.0004845           1         412           0
    5.822     0.0006632     0.0004566           1         392           0
    5.852     0.0010105     0.0004842           1         392           0
    5.883     0.0011486     0.0005165           1         392           0
    5.913     0.0008876     0.0004813           1         136           0
    5.943     0.0007941     0.0005294           1         136           0
    5.973     0.0009190     0.0004812           1         136           0
    6.004     0.0009204     0.0005197           1         136           0
    6.034     0.0009197     0.0005295           1         136           0
    6.064     0.0006708     0.0004800           1         392           0
    6.094     0.0006675     0.0005445           1         392           0
    6.125     0.0005274     0.0004981           1         392           0
    6.155     0.0009029     0.0004290           1         392           0
    6.185     0.0007102     0.0004822           1         392           0
    6.215     0.0005555     0.0004859           1         392           0
    6.245     0.0006645     0.0004892           1         392           0
    6.276     0.0008299     0.0005060           1         392           0
    6.306     0.0008959     0.0005650           1         392           0
    6.336     0.0006985     0.0006305           1         392           0
    6.366     0.0008885     0.0005736           1         392           0
    6.397     0.0008214     0.0005981           1         392           0
    6.427     0.0006390     0.0005734           1         392           0
    6.457     0.0003906     0.0004963           1         392           0
    6.487     0.0006803     0.0005278           1         392           0
    6.518     0.0007821     0.0006145           1         392           0
    6.548     0.0007445     0.0006523           1         392           0
    6.578     0.0003250     0.0006695           1         392           0
    6.608     0.0007038     0.0007132           1         392           0
    6.639     0.0010562     0.0006564           1         136           0
    6.669     0.0010685     0.0006272           1         136           0
    6.699     0.0008458     0.0006383           1         136           0
    6.729     0.0008417     0.0006850           1         136           0
    6.760     0.0011125     0.0006669           1         136           0
    6.790     0.0010910     0.0006967           1         392           0
    6.820     0.0013572     0.0007084           1         392           0
    6.850     0.0016759     0.0007565           1         392           0
    6.881     0.0026641     0.0007256           1         392           0
    6.911     0.0035642     0.0007117           1         392           0
    6.941     0.0036634     0.0007419           1         392           0
    6.971     0.0034287     0.0008122           1         392           0
    7.002     0.0031766     0.0008934           1         392           0
    7.032     0.0029242     0.0008771           1         392           0
    7.062     0.0021509     0.0008057           1         392           0
    7.092     0.0011387     0.0007999           1         392           0
    7.122     0.0010375     0.0007793           1         392           0
    7.153     0.0011637     0.0007969           1         392           0
    7.183     0.0014155     0.0007124           1         392           0
    7.213     0.0015038     0.0006678           1         392           0
    7.243     0.0010418     0.0009167           1         392           0
    7.274     0.0011369     0.0008825           1         392           0
    7.304     0.0000745     0.0010138           1         392           0
    7.334     0.0006241     0.0011829           1       53312           0
    7.395     0.0016418     0.0012954           1       18496           0
    7.455     0.0016423     0.0011562           1       18496           0
    7.516     0.0017863     0.0010959           1       53312           0
    7.576     0.0014242     0.0015536           1      153664           0
    7.637     0.0016068     0.0006009           1         392           0
    7.697     0.0018421     0.0006123           1         392           0
    7.758     0.0020760     0.0007593           1         392           0
    7.818     0.0021190     0.0007141           1         392           0
    7.879     0.0019302     0.0007298           1         392           0
    7.939     0.0019728     0.0006729           1         392           0
    8.000     0.0021612     0.0006765           1         392           0
    8.060     0.0023059     0.0006157           1         392           0
    8.120     0.0023882     0.0006024           1         392           0
    8.181     0.0026648     0.0006049           1         392           0
    8.241     0.0032725     0.0005962           1         392           0
    8.302     0.0040726     0.0005974           1         392           0
    8.362     0.0045757     0.0003763           2       16796           0
    8.423     0.0054474     0.0004244           2       16796           0
    8.483     0.0059199     0.0004011           2       16792           0
    8.544     0.0056647     0.0003987           2       16776           0
    8.604     0.0053405     0.0004077           2         392           0
    8.665     0.0053322     0.0003935           2         392           0
    8.725     0.0051906     0.0003387           2         392           0
    8.786     0.0051457     0.0002790           2         392           0
    8.846     0.0045633     0.0003385           2         392           0
    8.907     0.0039430     0.0003573           2         392           0
    8.967     0.0034147     0.0003101           2         392           0
    9.028     0.0032671     0.0003853           2         136           0
    9.088     0.0030990     0.0004183           2         136           0
    9.149     0.0028355     0.0003597           2         136           0
    9.209     0.0028130     0.0003804           2         136           0
    9.270     0.0028904     0.0004080           2         136           0
    9.330     0.0028268     0.0003930           2         136           0
    9.391     0.0031115     0.0003743           2         392           0
    9.451     0.0034186     0.0003985           2         392           0
    9.512     0.0032374     0.0003693           2         392           0
    9.572     0.0035251     0.0003949           2         392           0
    9.633     0.0034301     0.0003489           2         392           0
    9.693     0.0031483     0.0003334           2         392           0
    9.754     0.0024187     0.0003493           2       16796           0
    9.814     0.0021769     0.0003112           2       16796           0
    9.875     0.0019278     0.0002806           2         392           0
    9.935     0.0017040     0.0003110           2         392           0
    9.995     0.0015075     0.0003033           2         392           0
   10.056     0.0015834     0.0002991           2         392           0
   10.116     0.0013670     0.0002965           2         392           0
   10.177     0.0013283     0.0002962           2         392           0
   10.237     0.0012592     0.0003046           2         392           0
   10.298     0.0012331     0.0003151           2         392           0
   10.358     0.0012332     0.0003092           2         392           0
   10.419     0.0010855     0.0003218           2         392           0
   10.479     0.0013252     0.0003161           2         392           0
   10.540     0.0011806     0.0003332           2         392           0
   10.600     0.0010395     0.0003333           2         392           0
   10.661     0.0008580     0.0003331           2         392           0
   10.721     0.0011514     0.0003230           2         392           0
   10.782     0.0010957     0.0003317           2         392           0
   10.842     0.0011760     0.0003328           2         392           0
   10.903     0.0010325     0.0003662           2         392           0
   10.963     0.0009307     0.0003909           2         392           0
   11.024     0.0010153     0.0003929           2         392           0
   11.084     0.0010173     0.0003934           2         392           0
   11.145     0.0011646     0.0003884           2         392           0
   11.205     0.0010633     0.0004153           2         392           0
   11.266     0.0010467     0.0004151           2         392           0
   11.326     0.0006934     0.0004319           2         392           0
   11.387     0.0009534     0.0004057           2         412           0
   11.447     0.0009196     0.0004093           2         412           0
   11.508     0.0007734     0.0004273           2         392           0
   11.568     0.0011820     0.0004556           2         392           0
   11.628     0.0012588     0.0004527           2         392           0
   11.689     0.0012313     0.0004600           2         392           0
   11.750     0.0014004     0.0004471           2         392           0
   11.810     0.0016121     0.0004482           2         392           0
   11.870     0.0012790     0.0004262           2         392           0
   11.931     0.0015056     0.0004347           2         392           0
   11.991     0.0015865     0.0004632           2         392           0
   12.052     0.0009902     0.0004578           2         392           0
   12.112     0.0012940     0.0004563           2         392           0
   12.173     0.0016704     0.0004315           2         392           0
   12.233     0.0021481     0.0004574           2         392           0
   12.294     0.0024202     0.0004518           2         392           0
   12.354     0.0024772     0.0004671           2         392           0
   12.415     0.0034620     0.0003710           2         392           0
   12.475     0.0053526     0.0004394           2         392           0
   12.536     0.0076367     0.0003787           2         392           0
   12.596     0.0071664     0.0004279           2         392           0
   12.657     0.0059354     0.0004277           2         392           0
   12.717     0.0048387     0.0004566           2         392           0
   12.778     0.0039502     0.0004600           2         392           0
   12.838     0.0035741     0.0004561           2         392           0
   12.899     0.0029850     0.0004723           2         392           0
   12.959     0.0025458     0.0004807           2         392           0
   13.020     0.0022701     0.0005255           2         392           0
   13.080     0.0021430     0.0005132           2         392           0
   13.141     0.0022804     0.0005559           2         392           0
   13.201     0.0021613     0.0005429           2         392           0
   13.262     0.0022341     0.0005365           2         392           0
   13.322     0.0027702     0.0005386           2         392           0
   13.383     0.0026908     0.0005667           2         392           0
   13.443     0.0023775     0.0005809           2         392           0
   13.503     0.0026359     0.0006134           2         392           0
   13.564     0.0025458     0.0005978           2         392           0
   13.625     0.0023750     0.0006153           2         392           0
   13.685     0.0025257     0.0005991           2         392           0
   13.745     0.0029476     0.0006279           2         392           0
   13.806     0.0026552     0.0006722           2         392           0
   13.866     0.0023663     0.0006626           2         392           0
   13.927     0.0027873     0.0006965           2         392           0
   13.985     0.0049273     0.0006609           3        4488           0
   14.069     0.0053583     0.0005384           3        4360           0
   14.154     0.0044176     0.0003572           3        4360           0
   14.239     0.0055551     0.0002963           3        4360           0
   14.323     0.0057926     0.0003721           3        4360           0
   14.408     0.0049707     0.0020608           3        4360           0
   14.493     0.0027722     0.0003700           3        4360           0
   14.577     0.0018908     0.0003802           3        4360           0
   14.662     0.0014292     0.0004015           3        4360           0
   14.747     0.0016763     0.0004285           3        4360           0
   14.832     0.0013060     0.0004669           3        4360           0
   14.916     0.0015773     0.0004829           3        4360           0
   15.001     0.0023515     0.0003565           3        4360           0
   15.085     0.0016764     0.0003911           3        4360           0
   15.170     0.0018792     0.0004210           3        4360           0
   15.255     0.0015827     0.0004499           3        4360           0
   15.340     0.0012384     0.0003590           3        4360           0
   15.424     0.0006889     0.0004150           3        4360           0
   15.509     0.0011395     0.0003851           3        4360           0
   15.594     0.0013688     0.0008448           3        4360           0
   15.678     0.0013154     0.0010929           3        4360           0
   15.763     0.0011685     0.0003690           3        4360           0
   15.848     0.0012531     0.0003816           3        4360           0
   15.932     0.0014664     0.0005259           3        4360           0
   16.017     0.0011264     0.0005081           3        4360           0
   16.102     0.0011080     0.0005643           3        4360           0
   16.186     0.0006219     0.0005249           3        4360           0
   16.271     0.0012453     0.0005640           3        4360           0
   16.356     0.0009333     0.0004871           3        4360           0
   16.440     0.0006631     0.0004980           3        4360           0
   16.525     0.0006476     0.0016969           3        4360           0
   16.610     0.0008416     0.0010766           3        4360           0
   16.694     0.0007446     0.0003978           3        4360           0
   16.779     0.0007592     0.0004268           3        4360           0
   16.864     0.0008376     0.0005037           3        4360           0
   16.948     0.0010127     0.0006492           3        4360           0
   17.033     0.0011154     0.0004652           3        4360           0
   17.118     0.0005350     0.0011722           3        4360           0
   17.202     0.0000223     0.0007039           3        4360           0
   17.287     0.0010095     0.0005906           3        4360           0
   17.372     0.0034609     0.0004182           3        4360           0
   17.456     0.0011672     0.0004615           3        4360           0
   17.541     0.0015100     0.0004349           3        4360           0
   17.626     0.0009418     0.0005018           3        4360           0
   17.711     0.0012628     0.0005157           3        4360           0
   17.795     0.0013877     0.0005586           3        4360           0
   17.880     0.0013415     0.0005319           3        4360           0
   17.965     0.0007862     0.0005238           3        4360           0
   18.049     0.0006225     0.0006686           3        4360           0
   18.134     0.0018429     0.0019485           3        4360           0
   18.219     0.0016814     0.0006630           3        4360           0
   18.303     0.0029171     0.0007384           3        4360           0
   18.388     0.0041469     0.0020495           3        4360           0
   18.472     0.0032834     0.0006762           3        4360           0
   18.557     0.0027765     0.0007001           3        4360           0
   18.642     0.0027083     0.0006290           3        4360           0
   18.727     0.0036266     0.0004637           3        4360           0
   18.811     0.0034055     0.0004993           3        4360           0
   18.896     0.0033102     0.0005054           3        4360           0
   18.981     0.0040882     0.0005633           3        4360           0
   19.065     0.0047628     0.0005895           3        4360           0
   19.150     0.0042354     0.0006956           3        4360           0
   19.235     0.0016900     0.0008982           3    19009600           0
   19.404     0.0029808     0.0016806           3    19009600           0
   19.573     0.0012649     0.0014640           3    19009600           0
   19.743     0.0021155     0.0008885           3    19009600           0
   19.912     0.0021072     0.0042050           3        4360           0
   20.081     0.0006015     0.0038729           3        4360           0
   20.251     0.0017271     0.0018473           3        4360           0
   20.420     0.0016885     0.0012219           3        4360           0
   20.590     0.0020906     0.0011983           3        4360           0
   20.759     0.0029961     0.0007439           4        4360           0
   20.928     0.0039462     0.0006976           4        4360           0
   21.097     0.0031310     0.0006615           4        4360           0
   21.267     0.0027300     0.0007395           4        4360           0
   21.436     0.0025405     0.0007465           4        4360           0
   21.606     0.0021873     0.0007544           4        4360           0
   21.775     0.0024722     0.0007556           4        4360           0
   21.944     0.0014792     0.0009612           4        4360           0
   22.114     0.0026362     0.0007547           4        4360           0
   22.283     0.0017712     0.0025406           4        4360           0
   22.452     0.0025247     0.0006588           4        4360           0
   22.622     0.0021142     0.0006727           4        4360           0
   22.791     0.0025274     0.0005804           4        4360           0
   22.960     0.0021338     0.0004379           4        4360           0
   23.130     0.0024221     0.0005562           4        4360           0
   23.299     0.0019887     0.0005741           4        4360           0
   23.469     0.0016256     0.0005495           4        4360           0
   23.638     0.0021137     0.0005548           4        4360           0
   23.807     0.0022816     0.0004887           4        4360           0
   23.976     0.0018526     0.0004415           4        4360           0
   24.146     0.0016256     0.0005211           4        4360           0
   24.315     0.0016766     0.0005156           4        4360           0
   24.485     0.0021355     0.0005234           4        4360           0
   24.654     0.0025283     0.0009044           4        4360           0
   24.823     0.0021022     0.0020662           4        4360           0
   24.993     0.0021500     0.0006593           4        4360           0
   25.162     0.0026783     0.0006137           4        4360           0
   25.331     0.0020547     0.0006285           4        4360           0
   25.501     0.0026804     0.0006763           4        4360           0
   25.670     0.0029383     0.0006962           4        4360           0
   25.839     0.0020571     0.0024937           4        4360           0
   26.009     0.0023890     0.0009614           4        4360           0
   26.178     0.0030644     0.0005880           4        4360           0
   26.347     0.0027676     0.0004308           4        4360           0
   26.517     0.0022389     0.0004664           4        4360           0
   26.686     0.0020817     0.0005314           4        4360           0
   26.856     0.0035903     0.0003989           4        4360           0
   27.025     0.0029946     0.0005345           4        4360           0
   27.194     0.0030214     0.0005321           4        4360           0
   27.364     0.0029506     0.0009112           4        4360           0
   27.533     0.0031558     0.0021356           4        4360           0
   27.702     0.0032768     0.0007162           4        4360           0
   27.872     0.0025918     0.0023112           4        4360           0
   28.041     0.0030473     0.0021737           4        4360           0
   28.210     0.0022558     0.0007576           4        4360           0
   28.380     0.0031599     0.0007144           4        4360           0
   28.549     0.0034713     0.0006757           4        4360           0
   28.719     0.0029868     0.0006047           4        4360           0
   28.888     0.0048843     0.0005901           4        4360           0
   29.057     0.0045335     0.0006645           4        4360           0
   29.226     0.0044198     0.0006784           4        4360           0
   29.396     0.0035453     0.0008408           4        4360           0
   29.565     0.0029001     0.0008318           4        4360           0
   29.735     0.0034469     0.0006896           4        4360           0
   29.904     0.0043572     0.0005483           4        4360           0
   30.073     0.0037084     0.0006286           4        4360           0
   30.243     0.0040165     0.0006388           4        4360           0
   30.412     0.0039310     0.0008697           4        4360           0
   30.581     0.0042909     0.0011067           4        4360           0
   30.751     0.0036072     0.0009783           4        4360           0
   30.920     0.0033968     0.0009381           4        4360           0
   31.089     0.0034100     0.0008628           4        4360           0
   31.259     0.0038294     0.0008119           4        4360           0
   31.428     0.0053303     0.0007311           4        4360           0
   31.597     0.0048153     0.0007361           4        4360           0
   31.767     0.0044376     0.0007318           4        4360           0
   31.936     0.0045968     0.0007737           4        4360           0
   32.105     0.0041601     0.0009122           4        4360           0
   32.275     0.0077374     0.0008301           4        4360           0
   32.444     0.0047113     0.0009667           4        4360           0
   32.614     0.0069388     0.0010154           4        4360           0
   32.783     0.0053862     0.0012809           4        4360           0
   32.952     0.0051219     0.0012765           4        4360           0
   33.122     0.0022696     0.0014594           4        4360           0
   33.291     0.0061567     0.0015837           4        4360           0
   33.460     0.0044892     0.0014135           4        4360           0
   33.630     0.0053985     0.0014601           4        4360           0
   33.799     0.0044102     0.0011705           4        4360           0
   33.968     0.0055482     0.0017145           4        4360           0
   34.138     0.0069395     0.0019959           4        4360           0
   34.307     0.0059172     0.0022055           4        4360           0
   34.477     0.0037710     0.0021764           4        4360           0
   34.646     0.0072657     0.0017777           4        4360           0
   34.815     0.0072837     0.0025516           4        4360           0
   34.985     0.0134519     0.0106247           4        4360           0
   35.154     0.0041823     0.0043964           4        4360           0
   35.323     0.0051651     0.0048714           4        4360           0
   35.493     0.0071570     0.0042707           4        4360           0
   35.662     0.0066602     0.0031430           4        4360           0
   35.831     0.0061127     0.0027316           4        4360           0
   36.001     0.0074837     0.0028399           4        4360           0
   36.170     0.0103360     0.0040277           4        4360           0
   36.339     0.0078164     0.0042847           4        4360           0
   36.509     0.0076877     0.0040742           4        4360           0
   36.678     0.0094249     0.0046029           4        4360           0
   36.847     0.0088111     0.0048821           4        4360           0
   37.017     0.0054746     0.0047617           4        4360           0
   37.186     0.0047990     0.0075264           4        4360           0
   37.355     0.0106458     0.0057312           4        4360           0
   37.525     0.0174417     0.0037138           4        4360           0
   37.694     0.0192390     0.0049583           4        4360           0
   37.864     0.0190736     0.0116812           4        4360           0
   38.033     0.0133873     0.0206586           4        4360           0
   38.202     0.0111968     0.0097858           4        4360           0
   38.372     0.0116119     0.0132148           4        4360           0
   38.541     0.0083098     0.0211552           4        4360           0
   38.710     0.0068063     0.0165994           4        4360           0
   38.880    -0.0021267     0.0446956           4        4360           0
   39.049     0.0037584     0.1579537           4        4360           0
   39.218     0.0128503     0.0574955           4        4360           0
   39.388    -0.0018235     0.0148525           4        4360           0
   39.557    -0.0048825     0.0357058           4        4360           0
   39.727    -0.0013602     0.0606730           4        4360           0
   39.896     0.0010189     0.0153892           4        4488           0
   40.065    -0.0011821     0.0082741           4        4488           0
   40.235     0.0000409     0.0047932           4        4488           0
   40.404     0.0002910     0.0018958           4        4488           0
   40.573     0.0001879     0.0010871           4        4488           0
   40.743     0.0001037     0.0004762           4        4508           0
   40.912     0.0000450     0.0004313           4        4488           0
   41.081     0.0000335     0.0002115           4        4488           0
   41.251     0.0001119     0.0002563           4        4488           0
   41.420    -0.0000008     0.0003264           4        4488           0
   41.589     0.0001452     0.0002582           4        4488           0
   41.759     0.0012040     0.0002060           4        4488           0
   41.928     0.0003049     0.0008216           4        4508           0
   42.097    -0.0000063     0.0005621           4        4508           0
   42.267     0.0007773     0.0007098           4        4488           0
