wave flux error channelflag bitflag stitchflag
    5.127    -0.0000488     0.0032429           1         392           0
    5.157    -0.0001206     0.0018492           1         136           0
    5.187     0.0005833     0.0009321           1         136           0
    5.217     0.0004871     0.0006563           1         136           0
    5.247     0.0003833     0.0005903           1         136           0
    5.278     0.0002479     0.0005975           1         136           0
    5.308     0.0001559     0.0005804           1         136           0
    5.338     0.0001472     0.0005367           1         392           0
    5.368     0.0003366     0.0005468           1         392           0
    5.399     0.0004467     0.0005369           1       16776           0
    5.429     0.0002643     0.0005593           1       16796           0
    5.459     0.0004801     0.0005338           1       16796           0
    5.489     0.0005559     0.0004536           1         392           0
    5.520     0.0004379     0.0005167           1         392           0
    5.550     0.0003649     0.0004944           1         392           0
    5.580     0.0005691     0.0004872           1         392           0
    5.610     0.0006869     0.0004813           1         392           0
    5.641     0.0006186     0.0004518           1        8468           0
    5.671     0.0006220     0.0004524           1        8468           0
    5.701     0.0003240     0.0004506           1         392           0
    5.731     0.0003162     0.0004388           1         392           0
    5.762     0.0005746     0.0004343           1         412           0
    5.792     0.0004343     0.0005042           1         412           0
    5.822     0.0006485     0.0004027           1         392           0
    5.852     0.0005368     0.0004803           1         392           0
    5.883     0.0006335     0.0005539           1         392           0
    5.913     0.0008437     0.0004901           1         136           0
    5.943     0.0009513     0.0005139           1         136           0
    5.973     0.0011666     0.0004944           1         136           0
    6.004     0.0010570     0.0004938           1         136           0
    6.034     0.0007153     0.0005045           1         136           0
    6.064     0.0007074     0.0004903           1         392           0
    6.094     0.0006115     0.0004717           1         392           0
    6.125     0.0007013     0.0005059           1         392           0
    6.155     0.0008783     0.0005277           1         392           0
    6.185     0.0007164     0.0005043           1         392           0
    6.215     0.0005360     0.0005416           1         392           0
    6.245     0.0009675     0.0004843           1         392           0
    6.276     0.0009585     0.0005636           1         392           0
    6.306     0.0012214     0.0005403           1         392           0
    6.336     0.0011105     0.0005839           1         392           0
    6.366     0.0010162     0.0005801           1         392           0
    6.397     0.0015837     0.0005628           1         392           0
    6.427     0.0023980     0.0005296           1         392           0
    6.457     0.0036703     0.0005400           1         392           0
    6.487     0.0050720     0.0004570           1         392           0
    6.518     0.0047147     0.0006242           1         392           0
    6.548     0.0041471     0.0006831           1         392           0
    6.578     0.0034865     0.0007284           1         392           0
    6.608     0.0026954     0.0007313           1         392           0
    6.639     0.0023916     0.0006807           1         136           0
    6.669     0.0021089     0.0006037           1         136           0
    6.699     0.0015990     0.0005733           1         136           0
    6.729     0.0014979     0.0006281           1         136           0
    6.760     0.0012406     0.0005947           1         136           0
    6.790     0.0012162     0.0006974           1         392           0
    6.820     0.0008648     0.0007306           1         392           0
    6.850     0.0013254     0.0008111           1         392           0
    6.881     0.0010909     0.0008025           1         392           0
    6.911     0.0010909     0.0007218           1         392           0
    6.941     0.0012270     0.0007448           1         392           0
    6.971     0.0016705     0.0007171           1         392           0
    7.002     0.0016898     0.0008085           1         392           0
    7.032     0.0015594     0.0008624           1         392           0
    7.062     0.0016945     0.0008921           1         392           0
    7.092     0.0012817     0.0008354           1         392           0
    7.122     0.0014816     0.0008619           1         392           0
    7.153     0.0015049     0.0007694           1         392           0
    7.183     0.0013768     0.0008174           1         392           0
    7.213     0.0019092     0.0007827           1         392           0
    7.243     0.0020285     0.0008835           1         392           0
    7.274     0.0022370     0.0008512           1         392           0
    7.304     0.0026939     0.0009419           1         392           0
    7.334     0.0020013     0.0011315           1       53312           0
    7.395     0.0020035     0.0013118           1       18496           0
    7.455     0.0016489     0.0011302           1       18496           0
    7.516     0.0021494     0.0010799           1       53312           0
    7.576     0.0023113     0.0015098           1      153664           0
    7.637     0.0023593     0.0006381           1         392           0
    7.697     0.0031860     0.0005970           1         392           0
    7.758     0.0040942     0.0006987           1         392           0
    7.818     0.0046806     0.0006543           1         392           0
    7.879     0.0060424     0.0006833           1         392           0
    7.939     0.0068705     0.0006909           1         392           0
    8.000     0.0068125     0.0006866           1         392           0
    8.060     0.0065310     0.0006289           1         392           0
    8.120     0.0064842     0.0005870           1         392           0
    8.181     0.0062752     0.0005981           1         392           0
    8.241     0.0057686     0.0006287           1         392           0
    8.302     0.0049483     0.0005996           1         392           0
    8.362     0.0042843     0.0003702           2       16796           0
    8.423     0.0037128     0.0004154           2       16796           0
    8.483     0.0034028     0.0003709           2       16792           0
    8.544     0.0033682     0.0003833           2       16776           0
    8.604     0.0033068     0.0003341           2         392           0
    8.665     0.0032162     0.0003945           2         392           0
    8.725     0.0032272     0.0003641           2         392           0
    8.786     0.0031894     0.0003478           2         392           0
    8.846     0.0035353     0.0003632           2         392           0
    8.907     0.0038969     0.0003815           2         392           0
    8.967     0.0042340     0.0004121           2         392           0
    9.028     0.0044326     0.0003816           2         136           0
    9.088     0.0039476     0.0004077           2         136           0
    9.149     0.0030999     0.0004149           2         136           0
    9.209     0.0024909     0.0003700           2         136           0
    9.270     0.0020492     0.0003657           2         136           0
    9.330     0.0019670     0.0003954           2         136           0
    9.391     0.0016891     0.0003942           2         392           0
    9.451     0.0014123     0.0004041           2         392           0
    9.512     0.0012666     0.0003755           2         392           0
    9.572     0.0012017     0.0003939           2         392           0
    9.633     0.0012120     0.0003426           2         392           0
    9.693     0.0012870     0.0003595           2         392           0
    9.754     0.0017594     0.0003582           2       16796           0
    9.814     0.0015115     0.0003336           2       16796           0
    9.875     0.0013162     0.0003436           2         392           0
    9.935     0.0013234     0.0003345           2         392           0
    9.995     0.0013246     0.0003255           2         392           0
   10.056     0.0014985     0.0003348           2         392           0
   10.116     0.0014661     0.0003249           2         392           0
   10.177     0.0014629     0.0003081           2         392           0
   10.237     0.0011436     0.0003057           2         392           0
   10.298     0.0009880     0.0003217           2         392           0
   10.358     0.0010014     0.0003178           2         392           0
   10.419     0.0009971     0.0003290           2         392           0
   10.479     0.0009050     0.0003352           2         392           0
   10.540     0.0010771     0.0003355           2         392           0
   10.600     0.0012465     0.0003347           2         392           0
   10.661     0.0012596     0.0003446           2         392           0
   10.721     0.0012010     0.0003555           2         392           0
   10.782     0.0011713     0.0003521           2         392           0
   10.842     0.0012290     0.0003784           2         392           0
   10.903     0.0013476     0.0003817           2         392           0
   10.963     0.0016533     0.0003990           2         392           0
   11.024     0.0017334     0.0003796           2         392           0
   11.084     0.0019213     0.0003980           2         392           0
   11.145     0.0020342     0.0004088           2         392           0
   11.205     0.0016343     0.0004016           2         392           0
   11.266     0.0014202     0.0004344           2         392           0
   11.326     0.0016516     0.0004079           2         392           0
   11.387     0.0019227     0.0004223           2         412           0
   11.447     0.0024154     0.0004420           2         412           0
   11.508     0.0029874     0.0004381           2         392           0
   11.568     0.0032838     0.0004754           2         392           0
   11.628     0.0040625     0.0004598           2         392           0
   11.689     0.0065457     0.0003875           2         392           0
   11.750     0.0081330     0.0004598           2         392           0
   11.810     0.0076177     0.0003887           2         392           0
   11.870     0.0064532     0.0004423           2         392           0
   11.931     0.0054965     0.0004368           2         392           0
   11.991     0.0044346     0.0004363           2         392           0
   12.052     0.0038369     0.0004488           2         392           0
   12.112     0.0035015     0.0004656           2         392           0
   12.173     0.0030319     0.0004587           2         392           0
   12.233     0.0026989     0.0004716           2         392           0
   12.294     0.0028827     0.0004665           2         392           0
   12.354     0.0030823     0.0004610           2         392           0
   12.415     0.0031111     0.0004589           2         392           0
   12.475     0.0032124     0.0004489           2         392           0
   12.536     0.0033393     0.0004734           2         392           0
   12.596     0.0030569     0.0004416           2         392           0
   12.657     0.0032640     0.0004452           2         392           0
   12.717     0.0032252     0.0004189           2         392           0
   12.778     0.0032894     0.0004493           2         392           0
   12.838     0.0032448     0.0004540           2         392           0
   12.899     0.0034611     0.0004716           2         392           0
   12.959     0.0036971     0.0004957           2         392           0
   13.020     0.0038793     0.0005179           2         392           0
   13.080     0.0042022     0.0005284           2         392           0
   13.141     0.0042210     0.0005660           2         392           0
   13.201     0.0045733     0.0005686           2         392           0
   13.262     0.0047481     0.0005400           2         392           0
   13.322     0.0054769     0.0005721           2         392           0
   13.383     0.0073529     0.0004875           2         392           0
   13.443     0.0045020     0.0005280           2         392           0
   13.503     0.0033828     0.0005899           2         392           0
   13.564     0.0025264     0.0005881           2         392           0
   13.625     0.0029048     0.0006241           2         392           0
   13.685     0.0028401     0.0006303           2         392           0
   13.745     0.0027647     0.0006666           2         392           0
   13.806     0.0029755     0.0006383           2         392           0
   13.866     0.0026989     0.0006468           2         392           0
   13.927     0.0023423     0.0006821           2         392           0
   13.987     0.0022768     0.0007924           2         392           0
   14.048     0.0025834     0.0007420           2         392           0
   14.108     0.0029149     0.0007416           2         392           0
   14.169     0.0025358     0.0007661           2         392           0
   14.229     0.0021922     0.0008115           2         392           0
   14.239     0.0026460     0.0005382           3        4360           0
   14.323     0.0031025     0.0005486           3        4360           0
   14.408     0.0024117     0.0005272           3        4360           0
   14.493     0.0023470     0.0004885           3        4360           0
   14.577     0.0022737     0.0005627           3        4360           0
   14.662     0.0016085     0.0007553           3        4360           0
   14.747     0.0018627     0.0010825           3        4360           0
   14.832     0.0016599     0.0008247           3        4360           0
   14.916     0.0021236     0.0007775           3        4360           0
   15.001     0.0022118     0.0006592           3        4360           0
   15.085     0.0024114     0.0006820           3        4360           0
   15.170     0.0024395     0.0005685           3        4360           0
   15.255     0.0023929     0.0006049           3        4360           0
   15.340     0.0018470     0.0006460           3        4360           0
   15.424     0.0019765     0.0005426           3        4360           0
   15.509     0.0019739     0.0004574           3        4360           0
   15.594     0.0017936     0.0004725           3        4360           0
   15.678     0.0018593     0.0004671           3        4360           0
   15.763     0.0019652     0.0004683           3        4360           0
   15.848     0.0020540     0.0005212           3        4360           0
   15.932     0.0023467     0.0006927           3        4360           0
   16.017     0.0019575     0.0007764           3        4360           0
   16.102     0.0021406     0.0007982           3        4360           0
   16.186     0.0021533     0.0007867           3        4360           0
   16.271     0.0035732     0.0007478           3        4360           0
   16.356     0.0022648     0.0007425           3        4360           0
   16.440     0.0022834     0.0007026           3        4360           0
   16.525     0.0017166     0.0005332           3        4360           0
   16.610     0.0015223     0.0005317           3        4360           0
   16.694     0.0021299     0.0004284           3        4360           0
   16.779     0.0036202     0.0006643           3        4360           0
   16.864     0.0030048     0.0010663           3        4360           0
   16.948     0.0031042     0.0012344           3        4360           0
   17.033     0.0030806     0.0007070           3        4360           0
   17.118     0.0039261     0.0016958           3        4360           0
   17.202     0.0048270     0.0010772           3        4360           0
   17.287     0.0040875     0.0010261           3        4360           0
   17.372     0.0037996     0.0008302           3        4360           0
   17.456     0.0037282     0.0008174           3        4360           0
   17.541     0.0037736     0.0006815           3        4360           0
   17.626     0.0034699     0.0007570           3        4360           0
   17.711     0.0042012     0.0006960           3        4360           0
   17.795     0.0053047     0.0008533           3        4360           0
   17.880     0.0044904     0.0009564           3        4360           0
   17.965     0.0039008     0.0007976           3        4360           0
   18.049     0.0043725     0.0007532           3        4360           0
   18.134     0.0044037     0.0008682           3        4360           0
   18.219     0.0041334     0.0009113           3        4360           0
   18.303     0.0043815     0.0010397           3        4360           0
   18.388     0.0031230     0.0011066           3        4360           0
   18.472     0.0026237     0.0009162           3        4360           0
   18.557     0.0025970     0.0011103           3        4360           0
   18.642     0.0037001     0.0007904           3        4360           0
   18.727     0.0044656     0.0007533           3        4360           0
   18.811     0.0034250     0.0008809           3        4360           0
   18.896     0.0024587     0.0009015           3        4360           0
   18.981     0.0029123     0.0008303           3        4360           0
   19.065     0.0033263     0.0008561           3        4360           0
   19.150     0.0024561     0.0010143           3        4360           0
   19.235     0.0014939     0.0012927           3    19009600           0
   19.404     0.0034559     0.0020817           3    19009600           0
   19.573     0.0037143     0.0019228           3    19009600           0
   19.743     0.0041583     0.0012318           3    19009600           0
   19.912     0.0028505     0.0016199           3    19009600           0
   20.081     0.0028004     0.0049719           3        4360           0
   20.251     0.0032455     0.0024247           3        4360           0
   20.420     0.0046101     0.0018477           3        4360           0
   20.590     0.0045544     0.0016739           3        4360           0
   20.759     0.0033568     0.0019350           3        4360           0
   20.928     0.0033217     0.0028893           3        4360           0
   21.097     0.0034012     0.0008845           4        4360           0
   21.267     0.0034604     0.0011114           4        4360           0
   21.436     0.0052823     0.0010304           4        4360           0
   21.606     0.0036081     0.0012653           4        4360           0
   21.775     0.0039124     0.0011303           4        4360           0
   21.944     0.0049879     0.0010496           4        4360           0
   22.114     0.0047965     0.0012656           4        4360           0
   22.283     0.0032259     0.0007465           4        4360           0
   22.452     0.0055293     0.0009912           4        4360           0
   22.622     0.0055615     0.0009469           4        4360           0
   22.791     0.0055212     0.0010237           4        4360           0
   22.960     0.0047754     0.0036370           4        4360           0
   23.130     0.0040872     0.0042254           4        4360           0
   23.299     0.0039135     0.0023697           4        4360           0
   23.469     0.0046312     0.0007611           4        4360           0
   23.638     0.0052933     0.0007183           4        4360           0
   23.807     0.0056751     0.0006606           4        4360           0
   23.976     0.0053253     0.0006927           4        4360           0
   24.146     0.0054102     0.0008167           4        4360           0
   24.315     0.0061334     0.0007803           4        4360           0
   24.485     0.0060323     0.0008862           4        4360           0
   24.654     0.0056676     0.0008408           4        4360           0
   24.823     0.0058706     0.0009175           4        4360           0
   24.993     0.0066707     0.0009940           4        4360           0
   25.162     0.0057744     0.0008421           4        4360           0
   25.331     0.0058816     0.0008195           4        4360           0
   25.501     0.0061737     0.0008466           4        4360           0
   25.670     0.0066584     0.0013843           4        4360           0
   25.839     0.0070047     0.0034082           4        4360           0
   26.009     0.0065662     0.0011111           4        4360           0
   26.178     0.0074239     0.0010373           4        4360           0
   26.347     0.0072525     0.0040111           4        4360           0
   26.517     0.0073692     0.0024661           4        4360           0
   26.686     0.0081301     0.0007081           4        4360           0
   26.856     0.0071529     0.0008368           4        4360           0
   27.025     0.0068854     0.0007971           4        4360           0
   27.194     0.0080380     0.0008183           4        4360           0
   27.364     0.0089099     0.0007446           4        4360           0
   27.533     0.0080087     0.0007275           4        4360           0
   27.702     0.0074001     0.0008755           4        4360           0
   27.872     0.0074301     0.0011340           4        4360           0
   28.041     0.0086941     0.0010236           4        4360           0
   28.210     0.0068861     0.0010574           4        4360           0
   28.380     0.0078407     0.0010263           4        4360           0
   28.549     0.0088296     0.0009625           4        4360           0
   28.719     0.0096693     0.0009092           4        4360           0
   28.888     0.0094238     0.0008716           4        4360           0
   29.057     0.0098078     0.0012396           4        4360           0
   29.226     0.0103017     0.0010347           4        4360           0
   29.396     0.0099353     0.0028769           4        4360           0
   29.565     0.0092917     0.0045570           4        4360           0
   29.735     0.0094304     0.0036513           4        4360           0
   29.904     0.0093037     0.0011412           4        4360           0
   30.073     0.0093965     0.0008742           4        4360           0
   30.243     0.0091940     0.0010762           4        4360           0
   30.412     0.0091202     0.0014475           4        4360           0
   30.581     0.0105210     0.0203828           4        4360           0
   30.751     0.0126690     0.0015568           4        4360           0
   30.920     0.0099839     0.0013591           4        4360           0
   31.089     0.0108167     0.0012133           4        4360           0
   31.259     0.0112617     0.0011427           4        4360           0
   31.428     0.0137317     0.0007174           4        4360           0
   31.597     0.0129781     0.0010456           4        4360           0
   31.767     0.0110251     0.0010898           4        4360           0
   31.936     0.0118205     0.0012038           4        4360           0
   32.105     0.0121880     0.0014152           4        4360           0
   32.275     0.0118497     0.0015886           4        4360           0
   32.444     0.0128959     0.0024991           4        4360           0
   32.614     0.0116065     0.0067809           4        4360           0
   32.783     0.0106758     0.0020534           4        4360           0
   32.952     0.0130758     0.0017857           4        4360           0
   33.122     0.0119055     0.0027068           4        4360           0
   33.291     0.0146633     0.0019136           4        4360           0
   33.460     0.0137923     0.0019849           4        4360           0
   33.630     0.0143563     0.0020640           4        4360           0
   33.799     0.0099329     0.0020943           4        4360           0
   33.968     0.0123272     0.0025013           4        4360           0
   34.138     0.0143396     0.0032916           4        4360           0
   34.307     0.0145810     0.0040254           4        4360           0
   34.477     0.0137071     0.0031865           4        4360           0
   34.646     0.0169884     0.0026852           4        4360           0
   34.815     0.0152927     0.0035675           4        4360           0
   34.985     0.0205300     0.0220038           4        4360           0
   35.154     0.0235906     0.0078810           4        4360           0
   35.323     0.0223242     0.0109483           4        4360           0
   35.493     0.0203088     0.0072748           4        4360           0
   35.662     0.0147747     0.0061288           4        4360           0
   35.831     0.0159350     0.0042801           4        4360           0
   36.001     0.0190997     0.0033062           4        4360           0
   36.170     0.0172631     0.0058815           4        4360           0
   36.339     0.0214689     0.0072790           4        4360           0
   36.509     0.0310223     0.0078966           4        4360           0
   36.678     0.0230248     0.0058226           4        4360           0
   36.847     0.0183564     0.0055259           4        4360           0
   37.017     0.0194067     0.0083648           4        4360           0
   37.186     0.0210368     0.0144149           4        4360           0
   37.355     0.0126819     0.0076428           4        4360           0
   37.525     0.0100949     0.0067560           4        4360           0
   37.694     0.0046648     0.0095997           4        4360           0
   37.864     0.0084919     0.0192814           4        4360           0
   38.033     0.0107369     0.0510530           4        4360           0
   38.202     0.0313175     0.0670871           4        4360           0
   38.372     0.0332780     0.0161408           4        4360           0
   38.541     0.0261190     0.0342940           4        4360           0
   38.710     0.0114793     0.0233580           4        4360           0
   38.880    -0.0126830     0.0310691           4        4360           0
   39.049     0.0053127     0.2167638           4        4360           0
   39.218     0.0149787     0.0675868           4        4360           0
   39.388     0.0141469     0.0189659           4        4360           0
   39.557     0.0133639     0.0660442           4        4360           0
   39.727    -0.0031114     0.1116810           4        4360           0
   39.896    -0.0017314     0.0250084           4        4488           0
   40.065     0.0016013     0.0105309           4        4488           0
   40.235     0.0024862     0.0059880           4        4488           0
   40.404     0.0003330     0.0034834           4        4488           0
   40.573     0.0001879     0.0015648           4        4488           0
   40.743    -0.0006543     0.0005024           4        4508           0
   40.912    -0.0002143     0.0003548           4        4488           0
   41.081    -0.0001217     0.0002563           4        4488           0
   41.251    -0.0000511     0.0001897           4        4488           0
   41.420     0.0000242     0.0002998           4        4488           0
   41.589     0.0000010     0.0002000           4        4488           0
   41.759     0.0002620     0.0002670           4        4488           0
   41.928     0.0005457     0.0012500           4        4508           0
   42.097     0.0000114     0.0008235           4        4508           0
   42.267     0.0015521     0.0010424           4        4488           0
