wave flux error channelflag bitflag stitchflag
    5.127    -0.0001982     0.0040426           1         392           0
    5.157     0.0002769     0.0023274           1         136           0
    5.187     0.0000155     0.0011884           1         136           0
    5.217    -0.0000049     0.0006826           1         136           0
    5.247     0.0001500     0.0006483           1         136           0
    5.278     0.0001589     0.0007111           1         136           0
    5.308    -0.0001127     0.0007287           1         136           0
    5.338     0.0004006     0.0006443           1         392           0
    5.368     0.0005393     0.0006942           1         392           0
    5.399     0.0004192     0.0006903           1       16776           0
    5.429     0.0002018     0.0007164           1       16796           0
    5.459    -0.0000158     0.0006351           1       16796           0
    5.489     0.0000170     0.0005802           1         392           0
    5.520    -0.0003039     0.0005936           1         392           0
    5.550     0.0001529     0.0006740           1         392           0
    5.580     0.0002531     0.0007108           1         392           0
    5.610     0.0001644     0.0005760           1         392           0
    5.641     0.0004645     0.0006046           1        8468           0
    5.671     0.0001990     0.0005410           1        8468           0
    5.701     0.0002660     0.0004605           1         392           0
    5.731     0.0001588     0.0004363           1         392           0
    5.762     0.0003351     0.0004326           1         412           0
    5.792     0.0008932     0.0003910           1         412           0
    5.822     0.0005740     0.0003748           1         392           0
    5.852     0.0006768     0.0005983           1         392           0
    5.883     0.0007494     0.0005031           1         392           0
    5.913     0.0004426     0.0005973           1         136           0
    5.943     0.0007575     0.0006439           1         136           0
    5.973     0.0006103     0.0006049           1         136           0
    6.004     0.0001282     0.0006086           1         136           0
    6.034     0.0003047     0.0005865           1         136           0
    6.064     0.0002996     0.0005569           1         392           0
    6.094     0.0006940     0.0005710           1         392           0
    6.125     0.0008319     0.0004538           1         392           0
    6.155     0.0005509     0.0005936           1         392           0
    6.185     0.0013661     0.0005047           1         392           0
    6.215     0.0010400     0.0005783           1         392           0
    6.245     0.0014137     0.0007127           1         392           0
    6.276     0.0013214     0.0005949           1         392           0
    6.306     0.0013610     0.0006552           1         392           0
    6.336     0.0014007     0.0007503           1         392           0
    6.366     0.0013741     0.0006055           1         392           0
    6.397     0.0003736     0.0005269           1         392           0
    6.427     0.0010470     0.0006297           1         392           0
    6.457     0.0022920     0.0004927           1         392           0
    6.487     0.0016121     0.0006318           1         392           0
    6.518     0.0004767     0.0007306           1         392           0
    6.548     0.0004626     0.0008116           1         392           0
    6.578     0.0006174     0.0008427           1         392           0
    6.608     0.0003691     0.0008672           1         392           0
    6.639     0.0005112     0.0008384           1         136           0
    6.669     0.0007384     0.0007512           1         136           0
    6.699     0.0004467     0.0007532           1         136           0
    6.729     0.0004337     0.0007481           1         136           0
    6.760     0.0006718     0.0007673           1         136           0
    6.790    -0.0007428     0.0008745           1         392           0
    6.820     0.0003241     0.0009612           1         392           0
    6.850    -0.0003608     0.0009541           1         392           0
    6.881     0.0001295     0.0010297           1         392           0
    6.911    -0.0002746     0.0009583           1         392           0
    6.941     0.0000286     0.0009561           1         392           0
    6.971    -0.0000113     0.0010335           1         392           0
    7.002     0.0001559     0.0010430           1         392           0
    7.032     0.0002645     0.0010671           1         392           0
    7.062     0.0001893     0.0010052           1         392           0
    7.092    -0.0005856     0.0009424           1         392           0
    7.122    -0.0004938     0.0009228           1         392           0
    7.153    -0.0002919     0.0009678           1         392           0
    7.183     0.0003536     0.0009169           1         392           0
    7.213     0.0003677     0.0009834           1         392           0
    7.243     0.0007554     0.0010312           1         392           0
    7.274     0.0005543     0.0010453           1         392           0
    7.304     0.0003049     0.0010457           1         392           0
    7.334     0.0003771     0.0012528           1       53312           0
    7.395     0.0014598     0.0015001           1       18496           0
    7.455     0.0007967     0.0012097           1       18496           0
    7.516     0.0006452     0.0012858           1       53312           0
    7.576     0.0009636     0.0015663           1      153664           0
    7.637     0.0020802     0.0006182           1         392           0
    7.697     0.0017396     0.0007017           1         392           0
    7.758     0.0023511     0.0008174           1         392           0
    7.818     0.0025440     0.0006962           1         392           0
    7.879     0.0029987     0.0006667           1         392           0
    7.939     0.0036194     0.0005246           1         392           0
    8.000     0.0034357     0.0006264           1         392           0
    8.060     0.0032666     0.0005756           1         392           0
    8.120     0.0034926     0.0005472           1         392           0
    8.181     0.0021732     0.0005593           1         392           0
    8.241     0.0028125     0.0005720           1         392           0
    8.302     0.0026221     0.0005868           1         392           0
    8.362     0.0024125     0.0003646           2       16796           0
    8.423     0.0019979     0.0004187           2       16796           0
    8.483     0.0018241     0.0003782           2       16792           0
    8.544     0.0016967     0.0003821           2       16776           0
    8.604     0.0013612     0.0003859           2         392           0
    8.665     0.0016231     0.0003466           2         392           0
    8.725     0.0021280     0.0003901           2         392           0
    8.786     0.0022919     0.0003429           2         392           0
    8.846     0.0019417     0.0003557           2         392           0
    8.907     0.0020995     0.0003791           2         392           0
    8.967     0.0026578     0.0004424           2         392           0
    9.028     0.0021582     0.0003506           2         136           0
    9.088     0.0015942     0.0003710           2         136           0
    9.149     0.0011233     0.0004808           2         136           0
    9.209     0.0011001     0.0004486           2         136           0
    9.270     0.0009532     0.0004778           2         136           0
    9.330     0.0008115     0.0004725           2         136           0
    9.391     0.0006198     0.0004777           2         392           0
    9.451     0.0006146     0.0004899           2         392           0
    9.512     0.0005166     0.0004298           2         392           0
    9.572     0.0005673     0.0004756           2         392           0
    9.633     0.0003630     0.0004259           2         392           0
    9.693     0.0004030     0.0004287           2         392           0
    9.754     0.0007914     0.0004345           2       16796           0
    9.814     0.0009698     0.0003895           2       16796           0
    9.875     0.0005870     0.0004041           2         392           0
    9.935     0.0004471     0.0003940           2         392           0
    9.995     0.0004728     0.0003559           2         392           0
   10.056     0.0007443     0.0003435           2         392           0
   10.116     0.0012019     0.0002986           2         392           0
   10.177     0.0007791     0.0002748           2         392           0
   10.237     0.0005867     0.0003245           2         392           0
   10.298     0.0005580     0.0003326           2         392           0
   10.358     0.0003779     0.0003449           2         392           0
   10.419     0.0002316     0.0003567           2         392           0
   10.479     0.0002492     0.0003548           2         392           0
   10.540     0.0005090     0.0003563           2         392           0
   10.600     0.0007578     0.0003657           2         392           0
   10.661     0.0007628     0.0003784           2         392           0
   10.721     0.0004360     0.0003844           2         392           0
   10.782     0.0001693     0.0003754           2         392           0
   10.842     0.0004006     0.0003798           2         392           0
   10.903     0.0002121     0.0003256           2         392           0
   10.963     0.0005321     0.0004016           2         392           0
   11.024     0.0007761     0.0004368           2         392           0
   11.084     0.0013171     0.0004303           2         392           0
   11.145     0.0009025     0.0004563           2         392           0
   11.205     0.0010513     0.0005037           2         392           0
   11.266     0.0013227     0.0005039           2         392           0
   11.326     0.0007595     0.0004884           2         392           0
   11.387     0.0013437     0.0005427           2         412           0
   11.447     0.0011701     0.0004927           2         412           0
   11.508     0.0009816     0.0004052           2         392           0
   11.568     0.0012824     0.0004900           2         392           0
   11.628     0.0030474     0.0004610           2         392           0
   11.689     0.0041915     0.0004767           2         392           0
   11.750     0.0048377     0.0004657           2         392           0
   11.810     0.0044575     0.0004329           2         392           0
   11.870     0.0035450     0.0004583           2         392           0
   11.931     0.0025425     0.0005005           2         392           0
   11.991     0.0027927     0.0004324           2         392           0
   12.052     0.0020425     0.0005377           2         392           0
   12.112     0.0017637     0.0005140           2         392           0
   12.173     0.0013494     0.0005868           2         392           0
   12.233     0.0014039     0.0005346           2         392           0
   12.294     0.0009742     0.0005283           2         392           0
   12.354     0.0013374     0.0004770           2         392           0
   12.415     0.0021616     0.0004471           2         392           0
   12.475     0.0023586     0.0004612           2         392           0
   12.536     0.0023781     0.0004694           2         392           0
   12.596     0.0020632     0.0004454           2         392           0
   12.657     0.0019445     0.0004371           2         392           0
   12.717     0.0013623     0.0004157           2         392           0
   12.778     0.0009675     0.0004155           2         392           0
   12.838     0.0015102     0.0004169           2         392           0
   12.899     0.0014778     0.0003725           2         392           0
   12.959     0.0013397     0.0003473           2         392           0
   13.020     0.0019640     0.0004610           2         392           0
   13.080     0.0025026     0.0004996           2         392           0
   13.141     0.0022850     0.0004872           2         392           0
   13.201     0.0018096     0.0004928           2         392           0
   13.262     0.0016445     0.0005810           2         392           0
   13.322     0.0021288     0.0005212           2         392           0
   13.383     0.0034346     0.0005690           2         392           0
   13.443     0.0033277     0.0005777           2         392           0
   13.503     0.0023863     0.0006185           2         392           0
   13.564     0.0013601     0.0006014           2         392           0
   13.625     0.0010838     0.0007291           2         392           0
   13.685     0.0007232     0.0007323           2         392           0
   13.745     0.0013442     0.0007565           2         392           0
   13.806     0.0017536     0.0006626           2         392           0
   13.866     0.0008255     0.0007887           2         392           0
   13.927     0.0010844     0.0007841           2         392           0
   13.987     0.0013045     0.0008440           2         392           0
   14.069     0.0021301     0.0005791           3        4360           0
   14.154     0.0019631     0.0005097           3        4360           0
   14.239     0.0017334     0.0004070           3        4360           0
   14.323     0.0016787     0.0004317           3        4360           0
   14.408     0.0016748     0.0004128           3        4360           0
   14.493     0.0015162     0.0004038           3        4360           0
   14.577     0.0015206     0.0004784           3        4360           0
   14.662     0.0015945     0.0011020           3        4360           0
   14.747     0.0016397     0.0020969           3        4360           0
   14.832     0.0017595     0.0026531           3        4360           0
   14.916     0.0018037     0.0005873           3        4360           0
   15.001     0.0008159     0.0004720           3        4360           0
   15.085     0.0013144     0.0012611           3        4360           0
   15.170     0.0008423     0.0004514           3        4360           0
   15.255     0.0012765     0.0004616           3        4360           0
   15.340     0.0004327     0.0004928           3        4360           0
   15.424     0.0003526     0.0003828           3        4360           0
   15.509     0.0009093     0.0003489           3        4360           0
   15.594     0.0011162     0.0003667           3        4360           0
   15.678     0.0010212     0.0003888           3        4360           0
   15.763     0.0009212     0.0003942           3        4360           0
   15.848     0.0010659     0.0004358           3        4360           0
   15.932     0.0014591     0.0005760           3        4360           0
   16.017     0.0010467     0.0005734           3        4360           0
   16.102     0.0002356     0.0007263           3        4360           0
   16.186     0.0019310     0.0005234           3        4360           0
   16.271     0.0017115     0.0005743           3        4360           0
   16.356     0.0015718     0.0005255           3        4360           0
   16.440     0.0020880     0.0004101           3        4360           0
   16.525     0.0012249     0.0004524           3        4360           0
   16.610     0.0012435     0.0004383           3        4360           0
   16.694     0.0021900     0.0014250           3        4360           0
   16.779     0.0022870     0.0020756           3        4360           0
   16.864     0.0014269     0.0005034           3        4360           0
   16.948     0.0013565     0.0005754           3        4360           0
   17.033     0.0019127     0.0005245           3        4360           0
   17.118     0.0030296     0.0010855           3        4360           0
   17.202     0.0032435     0.0007179           3        4360           0
   17.287     0.0026163     0.0007005           3        4360           0
   17.372     0.0024267     0.0016807           3        4360           0
   17.456     0.0029158     0.0004545           3        4360           0
   17.541     0.0026256     0.0018619           3        4360           0
   17.626     0.0020020     0.0017577           3        4360           0
   17.711     0.0028787     0.0017369           3        4360           0
   17.795     0.0036889     0.0018232           3        4360           0
   17.880     0.0034523     0.0014628           3        4360           0
   17.965     0.0028115     0.0006089           3        4360           0
   18.049     0.0033593     0.0007519           3        4360           0
   18.134     0.0030737     0.0008328           3        4360           0
   18.219     0.0031512     0.0023963           3        4360           0
   18.303     0.0024539     0.0019078           3        4360           0
   18.388     0.0023203     0.0013203           3        4360           0
   18.472     0.0027207     0.0010185           3        4360           0
   18.557     0.0029666     0.0029121           3        4360           0
   18.642     0.0020430     0.0019954           3        4360           0
   18.727     0.0021823     0.0030248           3        4360           0
   18.811     0.0028909     0.0018752           3        4360           0
   18.896     0.0027495     0.0007960           3        4360           0
   18.981     0.0019379     0.0011493           3        4360           0
   19.065     0.0015892     0.0021897           3        4360           0
   19.150     0.0016793     0.0005759           3        4360           0
   19.235     0.0021073     0.0009933           3    19009600           0
   19.404     0.0033106     0.0013696           3    19009600           0
   19.573     0.0025917     0.0010986           3    19009600           0
   19.743     0.0024621     0.0028628           3    19009600           0
   19.912     0.0025213     0.0011934           3    19009600           0
   20.081     0.0021561     0.0050876           3        4360           0
   20.251     0.0023327     0.0041170           3        4360           0
   20.420     0.0023704     0.0027959           3        4360           0
   20.590     0.0022472     0.0018301           3        4360           0
   20.759     0.0022273     0.0015202           3        4360           0
   20.928     0.0023761     0.0017410           3        4360           0
   21.097     0.0032174     0.0005693           4        4360           0
   21.267     0.0035267     0.0008105           4        4360           0
   21.436     0.0051045     0.0010369           4        4360           0
   21.606     0.0028438     0.0032284           4        4360           0
   21.775     0.0034955     0.0011922           4        4360           0
   21.944     0.0007699     0.0013489           4        4360           0
   22.114     0.0019200     0.0008519           4        4360           0
   22.283     0.0033681     0.0005295           4        4360           0
   22.452     0.0031981     0.0005798           4        4360           0
   22.622     0.0021017     0.0008744           4        4360           0
   22.791     0.0032241     0.0021448           4        4360           0
   22.960     0.0030223     0.0007283           4        4360           0
   23.130     0.0029925     0.0005494           4        4360           0
   23.299     0.0036491     0.0007021           4        4360           0
   23.469     0.0033659     0.0005075           4        4360           0
   23.638     0.0029734     0.0004764           4        4360           0
   23.807     0.0034286     0.0013354           4        4360           0
   23.976     0.0032486     0.0021291           4        4360           0
   24.146     0.0036509     0.0005411           4        4360           0
   24.315     0.0040069     0.0005122           4        4360           0
   24.485     0.0039193     0.0006853           4        4360           0
   24.654     0.0038529     0.0006126           4        4360           0
   24.823     0.0043604     0.0014441           4        4360           0
   24.993     0.0036236     0.0037583           4        4360           0
   25.162     0.0036800     0.0006401           4        4360           0
   25.331     0.0034640     0.0006916           4        4360           0
   25.501     0.0039977     0.0016801           4        4360           0
   25.670     0.0041596     0.0008257           4        4360           0
   25.839     0.0050728     0.0028818           4        4360           0
   26.009     0.0044835     0.0011797           4        4360           0
   26.178     0.0044661     0.0005398           4        4360           0
   26.347     0.0055690     0.0002550           4        4360           0
   26.517     0.0036400     0.0004917           4        4360           0
   26.686     0.0040215     0.0006436           4        4360           0
   26.856     0.0039505     0.0005214           4        4360           0
   27.025     0.0045392     0.0016391           4        4360           0
   27.194     0.0048652     0.0006483           4        4360           0
   27.364     0.0046689     0.0006526           4        4360           0
   27.533     0.0044440     0.0008568           4        4360           0
   27.702     0.0045444     0.0003910           4        4360           0
   27.872     0.0040177     0.0006963           4        4360           0
   28.041     0.0039615     0.0007718           4        4360           0
   28.210     0.0059385     0.0006666           4        4360           0
   28.380     0.0037230     0.0007850           4        4360           0
   28.549     0.0043103     0.0008008           4        4360           0
   28.719     0.0038107     0.0006494           4        4360           0
   28.888     0.0053665     0.0006688           4        4360           0
   29.057     0.0041384     0.0017934           4        4360           0
   29.226     0.0029976     0.0016391           4        4360           0
   29.396     0.0044222     0.0009628           4        4360           0
   29.565     0.0043060     0.0030308           4        4360           0
   29.735     0.0060825     0.0023753           4        4360           0
   29.904     0.0054002     0.0007964           4        4360           0
   30.073     0.0054900     0.0007553           4        4360           0
   30.243     0.0053796     0.0008570           4        4360           0
   30.412     0.0058219     0.0011326           4        4360           0
   30.581     0.0049703     0.0068507           4        4360           0
   30.751     0.0048451     0.0010958           4        4360           0
   30.920     0.0049647     0.0010448           4        4360           0
   31.089     0.0059127     0.0010425           4        4360           0
   31.259     0.0060255     0.0010603           4        4360           0
   31.428     0.0064724     0.0024669           4        4360           0
   31.597     0.0060214     0.0011628           4        4360           0
   31.767     0.0058554     0.0010289           4        4360           0
   31.936     0.0078531     0.0007356           4        4360           0
   32.105     0.0068716     0.0012374           4        4360           0
   32.275     0.0055380     0.0009643           4        4360           0
   32.444     0.0070383     0.0012782           4        4360           0
   32.614     0.0070962     0.0015699           4        4360           0
   32.783     0.0071435     0.0013688           4        4360           0
   32.952     0.0086097     0.0013540           4        4360           0
   33.122     0.0062061     0.0015411           4        4360           0
   33.291     0.0064044     0.0018091           4        4360           0
   33.460     0.0086724     0.0016005           4        4360           0
   33.630     0.0070517     0.0015293           4        4360           0
   33.799     0.0051043     0.0016826           4        4360           0
   33.968     0.0062604     0.0021657           4        4360           0
   34.138     0.0083596     0.0026669           4        4360           0
   34.307     0.0104064     0.0019812           4        4360           0
   34.477     0.0086904     0.0031469           4        4360           0
   34.646     0.0073942     0.0050269           4        4360           0
   34.815     0.0095874     0.0028595           4        4360           0
   34.985     0.0143555     0.0090096           4        4360           0
   35.154     0.0107958     0.0044520           4        4360           0
   35.323     0.0141447     0.0036642           4        4360           0
   35.493     0.0161058     0.0156752           4        4360           0
   35.662     0.0063610     0.0057738           4        4360           0
   35.831     0.0043944     0.0033221           4        4360           0
   36.001     0.0084234     0.0024640           4        4360           0
   36.170     0.0112595     0.0025627           4        4360           0
   36.339     0.0149312     0.0040740           4        4360           0
   36.509     0.0145305     0.0045581           4        4360           0
   36.678     0.0094207     0.0043361           4        4360           0
   36.847     0.0078048     0.0046484           4        4360           0
   37.017     0.0062430     0.0103343           4        4360           0
   37.186     0.0053863     0.0058595           4        4360           0
   37.355    -0.0017232     0.0059166           4        4360           0
   37.525     0.0098612     0.0076488           4        4360           0
   37.694     0.0052728     0.0069535           4        4360           0
   37.864     0.0074568     0.0454990           4        4360           0
   38.033     0.0097514     0.0672849           4        4360           0
   38.202     0.0003932     0.0121776           4        4360           0
   38.372     0.0025936     0.0135075           4        4360           0
   38.541    -0.0066572     0.0318240           4        4360           0
   38.710     0.0077771     0.0161555           4        4360           0
   38.880     0.0028758     0.0263005           4        4360           0
   39.049     0.0096564     0.2243212           4        4360           0
   39.218     0.0077191     0.0863983           4        4360           0
   39.388    -0.0023909     0.0126310           4        4360           0
   39.557    -0.0027350     0.0120849           4        4360           0
   39.727    -0.0004375     0.0624642           4        4360           0
   39.896    -0.0016732     0.0164668           4        4488           0
   40.065     0.0008324     0.0097194           4        4488           0
   40.235     0.0004697     0.0086747           4        4488           0
   40.404     0.0009736     0.0025107           4        4488           0
   40.573     0.0002520     0.0011421           4        4488           0
   40.743     0.0003235     0.0004491           4        4508           0
   40.912     0.0000559     0.0002864           4        4488           0
   41.081     0.0000048     0.0001700           4        4488           0
   41.251     0.0000345     0.0001446           4        4488           0
   41.420     0.0000462     0.0002339           4        4488           0
   41.589     0.0012590     0.0001760           4        4488           0
   41.759     0.0024130     0.0002240           4        4488           0
   41.928     0.0000255     0.0011393           4        4508           0
   42.097     0.0000084     0.0005745           4        4508           0
   42.267     0.0005186     0.0007978           4        4488           0
