wave flux error channelflag bitflag stitchflag
    5.127     0.0034456     0.0031027           1         392           0
    5.157     0.0002071     0.0019398           1         136           0
    5.187    -0.0001211     0.0010660           1         136           0
    5.217     0.0003054     0.0006056           1         136           0
    5.247     0.0004226     0.0005850           1         136           0
    5.278     0.0005286     0.0006060           1         136           0
    5.308     0.0004391     0.0005929           1         136           0
    5.338     0.0003848     0.0005587           1         392           0
    5.368     0.0003303     0.0005432           1         392           0
    5.399     0.0003388     0.0005141           1       16776           0
    5.429     0.0003474     0.0005458           1       16796           0
    5.459     0.0001129     0.0005104           1       16796           0
    5.489     0.0003931     0.0004443           1         392           0
    5.520     0.0001808     0.0005029           1         392           0
    5.550     0.0000512     0.0005236           1         392           0
    5.580     0.0004570     0.0005070           1         392           0
    5.610     0.0004608     0.0004882           1         392           0
    5.641     0.0003078     0.0005035           1        8468           0
    5.671     0.0002871     0.0004094           1        8468           0
    5.701     0.0003567     0.0004289           1         392           0
    5.731     0.0003931     0.0004455           1         392           0
    5.762     0.0004786     0.0004860           1         412           0
    5.792     0.0002554     0.0004899           1         412           0
    5.822     0.0001858     0.0004631           1         392           0
    5.852     0.0002154     0.0004785           1         392           0
    5.883     0.0003091     0.0005213           1         392           0
    5.913     0.0003393     0.0005176           1         136           0
    5.943     0.0004134     0.0004290           1         136           0
    5.973     0.0003592     0.0004950           1         136           0
    6.004     0.0007381     0.0005366           1         136           0
    6.034     0.0004957     0.0004958           1         136           0
    6.064     0.0001424     0.0004855           1         392           0
    6.094     0.0000765     0.0004437           1         392           0
    6.125     0.0003258     0.0004906           1         392           0
    6.155     0.0005205     0.0005048           1         392           0
    6.185     0.0003364     0.0004875           1         392           0
    6.215     0.0000573     0.0004822           1         392           0
    6.245     0.0001260     0.0005086           1         392           0
    6.276    -0.0000153     0.0005228           1         392           0
    6.306     0.0002191     0.0005848           1         392           0
    6.336     0.0005116     0.0005685           1         392           0
    6.366     0.0004108     0.0005986           1         392           0
    6.397     0.0006289     0.0006370           1         392           0
    6.427     0.0004602     0.0005569           1         392           0
    6.457     0.0011950     0.0004909           1         392           0
    6.487     0.0010172     0.0005345           1         392           0
    6.518     0.0007071     0.0006068           1         392           0
    6.548     0.0009448     0.0007044           1         392           0
    6.578     0.0012229     0.0006803           1         392           0
    6.608     0.0013247     0.0006976           1         392           0
    6.639     0.0013079     0.0007342           1         136           0
    6.669     0.0013463     0.0006276           1         136           0
    6.699     0.0008040     0.0005919           1         136           0
    6.729     0.0005695     0.0006362           1         136           0
    6.760     0.0005218     0.0006893           1         136           0
    6.790     0.0003515     0.0007261           1         392           0
    6.820     0.0006062     0.0007201           1         392           0
    6.850     0.0005333     0.0007243           1         392           0
    6.881     0.0003380     0.0007547           1         392           0
    6.911     0.0007834     0.0008472           1         392           0
    6.941     0.0004815     0.0007947           1         392           0
    6.971     0.0007126     0.0008022           1         392           0
    7.002     0.0009130     0.0008097           1         392           0
    7.032     0.0006049     0.0009585           1         392           0
    7.062     0.0005326     0.0008418           1         392           0
    7.092     0.0004019     0.0007939           1         392           0
    7.122     0.0004603     0.0008774           1         392           0
    7.153     0.0008513     0.0007512           1         392           0
    7.183     0.0002168     0.0007786           1         392           0
    7.213     0.0009424     0.0006792           1         392           0
    7.243     0.0013157     0.0009174           1         392           0
    7.274     0.0013094     0.0008845           1         392           0
    7.304     0.0012731     0.0007838           1         392           0
    7.334    -0.0001687     0.0011628           1       53312           0
    7.395     0.0008318     0.0013606           1       18496           0
    7.455     0.0008353     0.0011943           1       18496           0
    7.516     0.0005610     0.0012129           1       53312           0
    7.576     0.0007110     0.0015347           1      153664           0
    7.637     0.0007489     0.0006571           1         392           0
    7.697     0.0006435     0.0006388           1         392           0
    7.758     0.0009559     0.0007447           1         392           0
    7.818     0.0010524     0.0007390           1         392           0
    7.879     0.0013273     0.0007042           1         392           0
    7.939     0.0016498     0.0007177           1         392           0
    8.000     0.0017656     0.0006706           1         392           0
    8.060     0.0020303     0.0006184           1         392           0
    8.120     0.0022131     0.0006229           1         392           0
    8.181     0.0021423     0.0006284           1         392           0
    8.241     0.0020212     0.0006201           1         392           0
    8.302     0.0018909     0.0006360           1         392           0
    8.362     0.0020596     0.0003653           2       16796           0
    8.423     0.0019159     0.0003927           2       16796           0
    8.483     0.0015561     0.0004157           2       16792           0
    8.544     0.0013778     0.0004027           2       16776           0
    8.604     0.0015347     0.0003517           2         392           0
    8.665     0.0010420     0.0003782           2         392           0
    8.725     0.0010081     0.0003491           2         392           0
    8.786     0.0013685     0.0003682           2         392           0
    8.846     0.0012285     0.0003670           2         392           0
    8.907     0.0013925     0.0003928           2         392           0
    8.967     0.0010329     0.0003788           2         392           0
    9.028     0.0013418     0.0003776           2         136           0
    9.088     0.0014925     0.0004023           2         136           0
    9.149     0.0013809     0.0003672           2         136           0
    9.209     0.0013883     0.0003925           2         136           0
    9.270     0.0011030     0.0003806           2         136           0
    9.330     0.0009763     0.0004203           2         136           0
    9.391     0.0010151     0.0003893           2         392           0
    9.451     0.0007843     0.0004091           2         392           0
    9.512     0.0005720     0.0003965           2         392           0
    9.572     0.0006235     0.0003915           2         392           0
    9.633     0.0005198     0.0003510           2         392           0
    9.693     0.0005911     0.0003597           2         392           0
    9.754     0.0006534     0.0003636           2       16796           0
    9.814     0.0006891     0.0003435           2       16796           0
    9.875     0.0007176     0.0003348           2         392           0
    9.935     0.0006261     0.0003100           2         392           0
    9.995     0.0005943     0.0003214           2         392           0
   10.056     0.0005624     0.0003156           2         392           0
   10.116     0.0006052     0.0003059           2         392           0
   10.177     0.0005293     0.0003025           2         392           0
   10.237     0.0005905     0.0003010           2         392           0
   10.298     0.0005101     0.0003174           2         392           0
   10.358     0.0003738     0.0003152           2         392           0
   10.419     0.0004966     0.0003297           2         392           0
   10.479     0.0005927     0.0003405           2         392           0
   10.540     0.0006162     0.0003433           2         392           0
   10.600     0.0005941     0.0003386           2         392           0
   10.661     0.0005126     0.0003205           2         392           0
   10.721     0.0007034     0.0003605           2         392           0
   10.782     0.0004165     0.0003480           2         392           0
   10.842     0.0002229     0.0003538           2         392           0
   10.903     0.0005587     0.0003745           2         392           0
   10.963     0.0005591     0.0003892           2         392           0
   11.024     0.0004572     0.0003888           2         392           0
   11.084     0.0006343     0.0003784           2         392           0
   11.145     0.0005491     0.0003848           2         392           0
   11.205     0.0005322     0.0004133           2         392           0
   11.266     0.0004760     0.0004066           2         392           0
   11.326     0.0005700     0.0004110           2         392           0
   11.387     0.0005139     0.0003903           2         412           0
   11.447     0.0006043     0.0004235           2         412           0
   11.508     0.0008827     0.0004372           2         392           0
   11.568     0.0006512     0.0004549           2         392           0
   11.628     0.0007192     0.0004451           2         392           0
   11.689     0.0008155     0.0004577           2         392           0
   11.750     0.0012063     0.0004343           2         392           0
   11.810     0.0015609     0.0004775           2         392           0
   11.870     0.0025149     0.0004518           2         392           0
   11.931     0.0033130     0.0004438           2         392           0
   11.991     0.0036262     0.0004509           2         392           0
   12.052     0.0030160     0.0004486           2         392           0
   12.112     0.0021950     0.0004592           2         392           0
   12.173     0.0017324     0.0004714           2         392           0
   12.233     0.0015062     0.0004933           2         392           0
   12.294     0.0012461     0.0004586           2         392           0
   12.354     0.0010061     0.0004672           2         392           0
   12.415     0.0009044     0.0004573           2         392           0
   12.475     0.0008487     0.0004509           2         392           0
   12.536     0.0010592     0.0004180           2         392           0
   12.596     0.0012326     0.0004422           2         392           0
   12.657     0.0014372     0.0004391           2         392           0
   12.717     0.0013039     0.0004409           2         392           0
   12.778     0.0012386     0.0004576           2         392           0
   12.838     0.0014829     0.0004567           2         392           0
   12.899     0.0013090     0.0004981           2         392           0
   12.959     0.0014489     0.0004708           2         392           0
   13.020     0.0012772     0.0004806           2         392           0
   13.080     0.0013224     0.0005043           2         392           0
   13.141     0.0016692     0.0005342           2         392           0
   13.201     0.0014177     0.0005651           2         392           0
   13.262     0.0014036     0.0005621           2         392           0
   13.322     0.0014911     0.0005855           2         392           0
   13.383     0.0013129     0.0005697           2         392           0
   13.443     0.0015541     0.0006004           2         392           0
   13.503     0.0020578     0.0006041           2         392           0
   13.564     0.0022621     0.0006037           2         392           0
   13.625     0.0024963     0.0006230           2         392           0
   13.685     0.0016741     0.0006214           2         392           0
   13.745     0.0010164     0.0006320           2         392           0
   13.806     0.0011801     0.0006351           2         392           0
   13.866     0.0010889     0.0006907           2         392           0
   13.927     0.0014823     0.0007101           2         392           0
   13.987     0.0007960     0.0007258           2         392           0
   14.048     0.0010690     0.0007167           2         392           0
   14.108     0.0010772     0.0007572           2         392           0
   14.169     0.0010101     0.0007999           2         392           0
   14.229     0.0006964     0.0008276           2         392           0
   14.290    -0.0005430     0.0006403           2         392           0
   14.350     0.0005496     0.0004990           2         392           0
   14.411    -0.0000223     0.0001185           2         392           0
   14.532     0.0008980     0.0001730           2         392           0
   14.577     0.0008743     0.0004104           3        4360           0
   14.662     0.0002161     0.0004285           3        4360           0
   14.747     0.0002370     0.0004585           3        4360           0
   14.832     0.0007424     0.0004174           3        4360           0
   14.916     0.0009218     0.0004746           3        4360           0
   15.001     0.0006343     0.0004484           3        4360           0
   15.085     0.0006973     0.0004379           3        4360           0
   15.170     0.0006438     0.0004205           3        4360           0
   15.255     0.0006915     0.0004952           3        4360           0
   15.340     0.0007315     0.0003994           3        4360           0
   15.424     0.0009507     0.0003325           3        4360           0
   15.509     0.0006788     0.0003346           3        4360           0
   15.594     0.0003666     0.0003512           3        4360           0
   15.678     0.0003769     0.0003687           3        4360           0
   15.763     0.0004971     0.0003608           3        4360           0
   15.848     0.0003824     0.0003807           3        4360           0
   15.932     0.0005076     0.0005246           3        4360           0
   16.017     0.0000420     0.0006102           3        4360           0
   16.102     0.0002900     0.0008336           3        4360           0
   16.186     0.0009682     0.0005573           3        4360           0
   16.271     0.0004584     0.0005260           3        4360           0
   16.356     0.0011029     0.0005469           3        4360           0
   16.440     0.0010933     0.0004845           3        4360           0
   16.525     0.0009786     0.0004343           3        4360           0
   16.610     0.0004568     0.0003943           3        4360           0
   16.694     0.0002785     0.0004158           3        4360           0
   16.779     0.0008388     0.0005147           3        4360           0
   16.864     0.0009193     0.0006703           3        4360           0
   16.948     0.0004949     0.0006289           3        4360           0
   17.033     0.0007642     0.0004924           3        4360           0
   17.118     0.0005610     0.0010326           3        4360           0
   17.202     0.0015113     0.0007524           3        4360           0
   17.287     0.0016446     0.0014338           3        4360           0
   17.372     0.0011842     0.0005090           3        4360           0
   17.456     0.0014113     0.0006968           3        4360           0
   17.541     0.0012705     0.0005140           3        4360           0
   17.626     0.0012153     0.0005177           3        4360           0
   17.711     0.0012711     0.0004937           3        4360           0
   17.795     0.0017205     0.0005253           3        4360           0
   17.880     0.0016865     0.0005522           3        4360           0
   17.965     0.0011090     0.0008207           3        4360           0
   18.049     0.0020462     0.0016132           3        4360           0
   18.134     0.0023447     0.0024266           3        4360           0
   18.219     0.0014897     0.0016444           3        4360           0
   18.303     0.0013162     0.0007010           3        4360           0
   18.388     0.0017997     0.0007184           3        4360           0
   18.472     0.0013818     0.0006870           3        4360           0
   18.557     0.0013940     0.0007254           3        4360           0
   18.642     0.0008387     0.0006266           3        4360           0
   18.727     0.0010614     0.0004679           3        4360           0
   18.811     0.0012990     0.0011882           3        4360           0
   18.896     0.0012097     0.0006288           3        4360           0
   18.981     0.0011816     0.0008525           3        4360           0
   19.065     0.0010377     0.0005087           3        4360           0
   19.150     0.0007668     0.0006983           3        4360           0
   19.235     0.0013751     0.0010487           3    19009600           0
   19.404     0.0017711     0.0015318           3    19009600           0
   19.573     0.0013154     0.0011759           3    19009600           0
   19.743     0.0016078     0.0010467           3    19009600           0
   19.912     0.0013824     0.0010755           3    19009600           0
   20.081     0.0003096     0.0037601           3        4360           0
   20.251     0.0007789     0.0023962           3        4360           0
   20.420     0.0016924     0.0014328           3        4360           0
   20.590     0.0015706     0.0012529           3        4360           0
   20.759     0.0007281     0.0013364           3        4360           0
   20.928     0.0011530     0.0016026           3        4360           0
   21.097     0.0016637     0.0006887           4        4360           0
   21.267     0.0020761     0.0007438           4        4360           0
   21.436     0.0021439     0.0007312           4        4360           0
   21.606     0.0017137     0.0007777           4        4360           0
   21.775     0.0019828     0.0008076           4        4360           0
   21.944     0.0021406     0.0008660           4        4360           0
   22.114     0.0017057     0.0008321           4        4360           0
   22.283     0.0011191     0.0005954           4        4360           0
   22.452     0.0022460     0.0006714           4        4360           0
   22.622     0.0017206     0.0005755           4        4360           0
   22.791     0.0011415     0.0004754           4        4360           0
   22.960     0.0015513     0.0004763           4        4360           0
   23.130     0.0019279     0.0005122           4        4360           0
   23.299     0.0016850     0.0005405           4        4360           0
   23.469     0.0017921     0.0005404           4        4360           0
   23.638     0.0015489     0.0005466           4        4360           0
   23.807     0.0014996     0.0004931           4        4360           0
   23.976     0.0017878     0.0007699           4        4360           0
   24.146     0.0017083     0.0014906           4        4360           0
   24.315     0.0016420     0.0011367           4        4360           0
   24.485     0.0021424     0.0006329           4        4360           0
   24.654     0.0023779     0.0008595           4        4360           0
   24.823     0.0025623     0.0017368           4        4360           0
   24.993     0.0023444     0.0005878           4        4360           0
   25.162     0.0025938     0.0005812           4        4360           0
   25.331     0.0024838     0.0006292           4        4360           0
   25.501     0.0017753     0.0006676           4        4360           0
   25.670     0.0020544     0.0007157           4        4360           0
   25.839     0.0031425     0.0028828           4        4360           0
   26.009     0.0019721     0.0008719           4        4360           0
   26.178     0.0027177     0.0005178           4        4360           0
   26.347     0.0024960     0.0021110           4        4360           0
   26.517     0.0022740     0.0011366           4        4360           0
   26.686     0.0022651     0.0012462           4        4360           0
   26.856     0.0026342     0.0022998           4        4360           0
   27.025     0.0031087     0.0023415           4        4360           0
   27.194     0.0027785     0.0009118           4        4360           0
   27.364     0.0028905     0.0018664           4        4360           0
   27.533     0.0034174     0.0008792           4        4360           0
   27.702     0.0025935     0.0023474           4        4360           0
   27.872     0.0029017     0.0027934           4        4360           0
   28.041     0.0029008     0.0007312           4        4360           0
   28.210     0.0029776     0.0006414           4        4360           0
   28.380     0.0033426     0.0006323           4        4360           0
   28.549     0.0030610     0.0006718           4        4360           0
   28.719     0.0029948     0.0006401           4        4360           0
   28.888     0.0034317     0.0006172           4        4360           0
   29.057     0.0026378     0.0007279           4        4360           0
   29.226     0.0029721     0.0007452           4        4360           0
   29.396     0.0036647     0.0008518           4        4360           0
   29.565     0.0038388     0.0027256           4        4360           0
   29.735     0.0037305     0.0025313           4        4360           0
   29.904     0.0035816     0.0008434           4        4360           0
   30.073     0.0035369     0.0020927           4        4360           0
   30.243     0.0024755     0.0024256           4        4360           0
   30.412     0.0033843     0.0069698           4        4360           0
   30.581     0.0046399     0.0127138           4        4360           0
   30.751     0.0045214     0.0023509           4        4360           0
   30.920     0.0035934     0.0012950           4        4360           0
   31.089     0.0040596     0.0013839           4        4360           0
   31.259     0.0038245     0.0009040           4        4360           0
   31.428     0.0041911     0.0012167           4        4360           0
   31.597     0.0048258     0.0011020           4        4360           0
   31.767     0.0045137     0.0008355           4        4360           0
   31.936     0.0036322     0.0011587           4        4360           0
   32.105     0.0038014     0.0017096           4        4360           0
   32.275     0.0052574     0.0011140           4        4360           0
   32.444     0.0049454     0.0013060           4        4360           0
   32.614     0.0032899     0.0022973           4        4360           0
   32.783     0.0041492     0.0012875           4        4360           0
   32.952     0.0058848     0.0013145           4        4360           0
   33.122     0.0014007     0.0032979           4        4360           0
   33.291     0.0043122     0.0019040           4        4360           0
   33.460     0.0043813     0.0015509           4        4360           0
   33.630     0.0056106     0.0015547           4        4360           0
   33.799     0.0052118     0.0019035           4        4360           0
   33.968     0.0049512     0.0020393           4        4360           0
   34.138     0.0053570     0.0020720           4        4360           0
   34.307     0.0037891     0.0017201           4        4360           0
   34.477     0.0029014     0.0021851           4        4360           0
   34.646     0.0047727     0.0018122           4        4360           0
   34.815     0.0070287     0.0031097           4        4360           0
   34.985     0.0061072     0.0026461           4        4360           0
   35.154     0.0080238     0.0035895           4        4360           0
   35.323     0.0041848     0.0056211           4        4360           0
   35.493     0.0075693     0.0029880           4        4360           0
   35.662     0.0071144     0.0029469           4        4360           0
   35.831     0.0053475     0.0030591           4        4360           0
   36.001     0.0058427     0.0027812           4        4360           0
   36.170     0.0068519     0.0035756           4        4360           0
   36.339     0.0054366     0.0055553           4        4360           0
   36.509     0.0051052     0.0045021           4        4360           0
   36.678     0.0030876     0.0048679           4        4360           0
   36.847     0.0012542     0.0044557           4        4360           0
   37.017     0.0020730     0.0054316           4        4360           0
   37.186     0.0067627     0.0057303           4        4360           0
   37.355     0.0044487     0.0058446           4        4360           0
   37.525     0.0038572     0.0046429           4        4360           0
   37.694     0.0095880     0.0068360           4        4360           0
   37.864     0.0088468     0.0083040           4        4360           0
   38.033     0.0102136     0.0067059           4        4360           0
   38.202     0.0030851     0.0066892           4        4360           0
   38.372     0.0015017     0.0118192           4        4360           0
   38.541     0.0056071     0.0330420           4        4360           0
   38.710     0.0070782     0.0195734           4        4360           0
   38.880    -0.0074820     0.0289413           4        4360           0
   39.049    -0.0102329     0.2256913           4        4360           0
   39.218    -0.0042329     0.0652671           4        4360           0
   39.388    -0.0049652     0.0185926           4        4360           0
   39.557    -0.0062332     0.0138538           4        4360           0
   39.727    -0.0078488     0.0325771           4        4360           0
   39.896     0.0009802     0.0352365           4        4488           0
   40.065     0.0000574     0.0089868           4        4488           0
   40.235    -0.0017293     0.0076303           4        4488           0
   40.404     0.0004153     0.0027134           4        4488           0
   40.573     0.0007634     0.0009078           4        4488           0
   40.743     0.0006732     0.0003652           4        4508           0
   40.912     0.0001214     0.0002545           4        4488           0
   41.081    -0.0000127     0.0002047           4        4488           0
   41.251    -0.0000132     0.0001496           4        4488           0
   41.420     0.0000040     0.0002356           4        4488           0
   41.589    -0.0002197     0.0003277           4        4488           0
   41.759    -0.0006670     0.0003917           4        4488           0
   41.928     0.0004625     0.0009375           4        4508           0
   42.097     0.0000987     0.0005268           4        4508           0
   42.267     0.0000896     0.0006497           4        4488           0
