wave flux error channelflag bitflag stitchflag
    5.127     0.0001384     0.0029140           1         392           0
    5.157    -0.0003582     0.0019348           1         136           0
    5.187     0.0002063     0.0009545           1         136           0
    5.217     0.0001870     0.0006231           1         136           0
    5.247     0.0003388     0.0005813           1         136           0
    5.278     0.0004296     0.0006331           1         136           0
    5.308     0.0002692     0.0005816           1         136           0
    5.338     0.0002142     0.0005395           1         392           0
    5.368     0.0003403     0.0005549           1         392           0
    5.399     0.0003053     0.0005826           1       16776           0
    5.429     0.0003225     0.0005597           1       16796           0
    5.459     0.0005006     0.0005491           1       16796           0
    5.489     0.0004704     0.0004936           1         392           0
    5.520     0.0000095     0.0004844           1         392           0
    5.550     0.0004416     0.0005025           1         392           0
    5.580     0.0002954     0.0005323           1         392           0
    5.610     0.0002515     0.0005122           1         392           0
    5.641     0.0004429     0.0004820           1        8468           0
    5.671     0.0003011     0.0004784           1        8468           0
    5.701     0.0001179     0.0004639           1         392           0
    5.731     0.0002390     0.0004491           1         392           0
    5.762     0.0002895     0.0004890           1         412           0
    5.792     0.0003501     0.0004496           1         412           0
    5.822     0.0003983     0.0005289           1         392           0
    5.852     0.0005914     0.0005022           1         392           0
    5.883     0.0005630     0.0005347           1         392           0
    5.913     0.0004448     0.0005005           1         136           0
    5.943     0.0004741     0.0005248           1         136           0
    5.973     0.0004864     0.0005077           1         136           0
    6.004     0.0001494     0.0005145           1         136           0
    6.034     0.0002887     0.0005153           1         136           0
    6.064     0.0003315     0.0004977           1         392           0
    6.094     0.0002197     0.0004620           1         392           0
    6.125     0.0000638     0.0004612           1         392           0
    6.155     0.0003269     0.0004657           1         392           0
    6.185     0.0004170     0.0004695           1         392           0
    6.215     0.0003497     0.0004537           1         392           0
    6.245     0.0004259     0.0004693           1         392           0
    6.276     0.0005448     0.0004761           1         392           0
    6.306     0.0006224     0.0004433           1         392           0
    6.336     0.0003247     0.0005413           1         392           0
    6.366     0.0009696     0.0005478           1         392           0
    6.397     0.0008035     0.0005364           1         392           0
    6.427     0.0008286     0.0005502           1         392           0
    6.457     0.0009894     0.0005086           1         392           0
    6.487     0.0007169     0.0005785           1         392           0
    6.518     0.0007422     0.0006081           1         392           0
    6.548     0.0006791     0.0006484           1         392           0
    6.578     0.0010539     0.0007140           1         392           0
    6.608     0.0008098     0.0007345           1         392           0
    6.639     0.0011393     0.0007651           1         136           0
    6.669     0.0008620     0.0006641           1         136           0
    6.699     0.0013617     0.0006013           1         136           0
    6.729     0.0011884     0.0005707           1         136           0
    6.760     0.0010951     0.0007027           1         136           0
    6.790     0.0013603     0.0006214           1         392           0
    6.820     0.0018525     0.0006889           1         392           0
    6.850     0.0027508     0.0006470           1         392           0
    6.881     0.0039198     0.0006685           1         392           0
    6.911     0.0051347     0.0006556           1         392           0
    6.941     0.0063353     0.0006776           1         392           0
    6.971     0.0059483     0.0007467           1         392           0
    7.002     0.0050927     0.0007303           1         392           0
    7.032     0.0045766     0.0007749           1         392           0
    7.062     0.0034635     0.0007944           1         392           0
    7.092     0.0028704     0.0007286           1         392           0
    7.122     0.0028143     0.0007362           1         392           0
    7.153     0.0027176     0.0007396           1         392           0
    7.183     0.0018574     0.0007789           1         392           0
    7.213     0.0014471     0.0008122           1         392           0
    7.243     0.0008622     0.0008193           1         392           0
    7.274     0.0012242     0.0008961           1         392           0
    7.304     0.0016782     0.0008632           1         392           0
    7.334     0.0016718     0.0010909           1       53312           0
    7.395     0.0010545     0.0011459           1       18496           0
    7.455     0.0019585     0.0009591           1       18496           0
    7.516     0.0020593     0.0009711           1       53312           0
    7.576     0.0019188     0.0013279           1      153664           0
    7.637     0.0024400     0.0004757           1         392           0
    7.697     0.0025272     0.0004900           1         392           0
    7.758     0.0026957     0.0005939           1         392           0
    7.818     0.0026086     0.0005654           1         392           0
    7.879     0.0027738     0.0005359           1         392           0
    7.939     0.0025328     0.0005587           1         392           0
    8.000     0.0025813     0.0005067           1         392           0
    8.060     0.0028519     0.0004844           1         392           0
    8.120     0.0033206     0.0004757           1         392           0
    8.181     0.0040420     0.0004630           1         392           0
    8.241     0.0046492     0.0004711           1         392           0
    8.302     0.0056611     0.0004978           1         392           0
    8.362     0.0064490     0.0001870           2       16796           0
    8.423     0.0076000     0.0001750           2       16796           0
    8.483     0.0087486     0.0002654           2       16792           0
    8.544     0.0090289     0.0002695           2       16776           0
    8.604     0.0076630     0.0002030           2         392           0
    8.665     0.0086348     0.0002441           2         392           0
    8.725     0.0083387     0.0002379           2         392           0
    8.786     0.0078639     0.0002407           2         392           0
    8.846     0.0075886     0.0002563           2         392           0
    8.907     0.0060086     0.0002818           2         392           0
    8.967     0.0041020     0.0001620           2         392           0
    9.028     0.0044962     0.0003077           2         136           0
    9.088     0.0044030     0.0002619           2         136           0
    9.149     0.0047253     0.0002535           2         136           0
    9.209     0.0045197     0.0002893           2         136           0
    9.270     0.0047183     0.0002572           2         136           0
    9.330     0.0048800     0.0002822           2         136           0
    9.391     0.0039454     0.0002734           2         392           0
    9.451     0.0046180     0.0003027           2         392           0
    9.512     0.0053805     0.0002760           2         392           0
    9.572     0.0055057     0.0002534           2         392           0
    9.633     0.0056479     0.0002523           2         392           0
    9.693     0.0051484     0.0002563           2         392           0
    9.754     0.0036130     0.0001860           2       16796           0
    9.814     0.0026600     0.0001560           2       16796           0
    9.875     0.0030422     0.0002220           2         392           0
    9.935     0.0025892     0.0002402           2         392           0
    9.995     0.0023422     0.0002415           2         392           0
   10.056     0.0022212     0.0002355           2         392           0
   10.116     0.0021832     0.0002207           2         392           0
   10.177     0.0016471     0.0002615           2         392           0
   10.237     0.0017866     0.0002209           2         392           0
   10.298     0.0016700     0.0002296           2         392           0
   10.358     0.0013008     0.0002750           2         392           0
   10.419     0.0013869     0.0002833           2         392           0
   10.479     0.0013398     0.0002790           2         392           0
   10.540     0.0013456     0.0002823           2         392           0
   10.600     0.0014907     0.0002831           2         392           0
   10.661     0.0015077     0.0002835           2         392           0
   10.721     0.0015085     0.0002911           2         392           0
   10.782     0.0015077     0.0002951           2         392           0
   10.842     0.0019510     0.0002576           2         392           0
   10.903     0.0012600     0.0003346           2         392           0
   10.963     0.0012925     0.0003310           2         392           0
   11.024     0.0013266     0.0003410           2         392           0
   11.084     0.0011385     0.0003820           2         392           0
   11.145     0.0010165     0.0004078           2         392           0
   11.205     0.0009820     0.0004288           2         392           0
   11.266     0.0011717     0.0003428           2         392           0
   11.326     0.0013542     0.0003473           2         392           0
   11.387     0.0018184     0.0003919           2         412           0
   11.447     0.0014394     0.0004104           2         412           0
   11.508     0.0009981     0.0004336           2         392           0
   11.568     0.0006190     0.0004314           2         392           0
   11.628     0.0016357     0.0004171           2         392           0
   11.689     0.0013227     0.0004472           2         392           0
   11.750     0.0019268     0.0004072           2         392           0
   11.810     0.0018200     0.0003946           2         392           0
   11.870     0.0023694     0.0003790           2         392           0
   11.931     0.0022009     0.0003968           2         392           0
   11.991     0.0023488     0.0004332           2         392           0
   12.052     0.0022147     0.0004090           2         392           0
   12.112     0.0015091     0.0004626           2         392           0
   12.173     0.0023763     0.0003986           2         392           0
   12.233     0.0032659     0.0003905           2         392           0
   12.294     0.0041478     0.0003149           2         392           0
   12.354     0.0042302     0.0003393           2         392           0
   12.415     0.0052238     0.0003544           2         392           0
   12.475     0.0060900     0.0002200           2         392           0
   12.536     0.0092444     0.0003268           2         392           0
   12.596     0.0109987     0.0003083           2         392           0
   12.657     0.0100649     0.0003253           2         392           0
   12.717     0.0081809     0.0003258           2         392           0
   12.778     0.0064173     0.0003414           2         392           0
   12.838     0.0047598     0.0003842           2         392           0
   12.899     0.0045750     0.0004039           2         392           0
   12.959     0.0039712     0.0004096           2         392           0
   13.020     0.0032908     0.0004080           2         392           0
   13.080     0.0033633     0.0004188           2         392           0
   13.141     0.0033783     0.0004316           2         392           0
   13.201     0.0036114     0.0004279           2         392           0
   13.262     0.0037028     0.0004533           2         392           0
   13.322     0.0041572     0.0004878           2         392           0
   13.383     0.0038709     0.0005161           2         392           0
   13.443     0.0040007     0.0004927           2         392           0
   13.503     0.0041289     0.0005243           2         392           0
   13.564     0.0036351     0.0005265           2         392           0
   13.625     0.0035696     0.0005201           2         392           0
   13.685     0.0050244     0.0004539           2         392           0
   13.745     0.0044858     0.0005433           2         392           0
   13.806     0.0052107     0.0005972           2         392           0
   13.866     0.0047725     0.0005895           2         392           0
   13.927     0.0050891     0.0006459           2         392           0
   13.987     0.0052146     0.0006550           2         392           0
   14.048     0.0059104     0.0006474           2         392           0
   14.069     0.0081506     0.0005284           3        4360           0
   14.154     0.0090569     0.0005872           3        4360           0
   14.239     0.0107682     0.0006625           3        4360           0
   14.323     0.0136443     0.0004288           3        4360           0
   14.408     0.0107120     0.0002010           3        4360           0
   14.493     0.0062816     0.0002744           3        4360           0
   14.577     0.0048992     0.0004380           3        4360           0
   14.662     0.0053763     0.0003651           3        4360           0
   14.747     0.0050574     0.0004842           3        4360           0
   14.832     0.0046424     0.0005636           3        4360           0
   14.916     0.0047030     0.0005117           3        4360           0
   15.001     0.0044610     0.0004935           3        4360           0
   15.085     0.0046416     0.0004760           3        4360           0
   15.170     0.0051629     0.0004488           3        4360           0
   15.255     0.0046932     0.0004935           3        4360           0
   15.340     0.0038721     0.0003274           3        4360           0
   15.424     0.0041651     0.0003282           3        4360           0
   15.509     0.0037061     0.0003471           3        4360           0
   15.594     0.0039245     0.0003372           3        4360           0
   15.678     0.0036626     0.0003970           3        4360           0
   15.763     0.0044470     0.0002736           3        4360           0
   15.848     0.0044589     0.0004180           3        4360           0
   15.932     0.0047026     0.0005254           3        4360           0
   16.017     0.0040938     0.0005321           3        4360           0
   16.102     0.0033259     0.0005363           3        4360           0
   16.186     0.0032973     0.0005726           3        4360           0
   16.271     0.0042507     0.0004612           3        4360           0
   16.356     0.0031015     0.0005210           3        4360           0
   16.440     0.0034973     0.0005506           3        4360           0
   16.525     0.0037448     0.0004754           3        4360           0
   16.610     0.0036004     0.0003654           3        4360           0
   16.694     0.0032866     0.0004491           3        4360           0
   16.779     0.0035085     0.0005420           3        4360           0
   16.864     0.0034688     0.0006998           3        4360           0
   16.948     0.0034887     0.0006212           3        4360           0
   17.033     0.0030090     0.0004732           3        4360           0
   17.118     0.0032044     0.0011671           3        4360           0
   17.202     0.0037460     0.0008618           3        4360           0
   17.287     0.0039823     0.0006638           3        4360           0
   17.372     0.0047274     0.0006945           3        4360           0
   17.456     0.0044285     0.0017455           3        4360           0
   17.541     0.0042160     0.0009552           3        4360           0
   17.626     0.0039684     0.0005958           3        4360           0
   17.711     0.0042149     0.0005650           3        4360           0
   17.795     0.0044619     0.0005364           3        4360           0
   17.880     0.0040650     0.0005367           3        4360           0
   17.965     0.0039016     0.0005845           3        4360           0
   18.049     0.0045474     0.0005903           3        4360           0
   18.134     0.0039137     0.0006223           3        4360           0
   18.219     0.0057530     0.0006878           3        4360           0
   18.303     0.0059488     0.0006820           3        4360           0
   18.388     0.0080731     0.0006401           3        4360           0
   18.472     0.0070726     0.0007016           3        4360           0
   18.557     0.0064997     0.0008817           3        4360           0
   18.642     0.0061779     0.0006859           3        4360           0
   18.727     0.0063664     0.0006130           3        4360           0
   18.811     0.0065708     0.0006184           3        4360           0
   18.896     0.0069963     0.0005889           3        4360           0
   18.981     0.0085923     0.0005647           3        4360           0
   19.065     0.0095506     0.0006301           3        4360           0
   19.150     0.0081171     0.0007424           3        4360           0
   19.235     0.0043784     0.0009601           3    19009600           0
   19.404     0.0064643     0.0017406           3    19009600           0
   19.573     0.0046532     0.0021410           3    19009600           0
   19.743     0.0049364     0.0009973           3    19009600           0
   19.912     0.0047653     0.0011412           3    19009600           0
   20.081     0.0037422     0.0038031           3        4360           0
   20.251     0.0038806     0.0018993           3        4360           0
   20.420     0.0040055     0.0018445           3        4360           0
   20.590     0.0046805     0.0012005           3        4360           0
   20.759     0.0053860     0.0015528           3        4360           0
   20.928     0.0059358     0.0023421           3        4360           0
   21.097     0.0064551     0.0006408           4        4360           0
   21.267     0.0064927     0.0008892           4        4360           0
   21.436     0.0049052     0.0006664           4        4360           0
   21.606     0.0040470     0.0008677           4        4360           0
   21.775     0.0045334     0.0004722           4        4360           0
   21.944     0.0056666     0.0007208           4        4360           0
   22.114     0.0033265     0.0006061           4        4360           0
   22.283     0.0046697     0.0005754           4        4360           0
   22.452     0.0051142     0.0006443           4        4360           0
   22.622     0.0055555     0.0007210           4        4360           0
   22.791     0.0051057     0.0005723           4        4360           0
   22.960     0.0050970     0.0004614           4        4360           0
   23.130     0.0048827     0.0004966           4        4360           0
   23.299     0.0057133     0.0005738           4        4360           0
   23.469     0.0052601     0.0005480           4        4360           0
   23.638     0.0051081     0.0005429           4        4360           0
   23.807     0.0053316     0.0004879           4        4360           0
   23.976     0.0063319     0.0004963           4        4360           0
   24.146     0.0064186     0.0005893           4        4360           0
   24.315     0.0055206     0.0005754           4        4360           0
   24.485     0.0059672     0.0006715           4        4360           0
   24.654     0.0064727     0.0006628           4        4360           0
   24.823     0.0059818     0.0005842           4        4360           0
   24.993     0.0068566     0.0007060           4        4360           0
   25.162     0.0067506     0.0006269           4        4360           0
   25.331     0.0058949     0.0006566           4        4360           0
   25.501     0.0067367     0.0006723           4        4360           0
   25.670     0.0069980     0.0007421           4        4360           0
   25.839     0.0071154     0.0028624           4        4360           0
   26.009     0.0071208     0.0008763           4        4360           0
   26.178     0.0069566     0.0005677           4        4360           0
   26.347     0.0072000     0.0005432           4        4360           0
   26.517     0.0072720     0.0005135           4        4360           0
   26.686     0.0080123     0.0006016           4        4360           0
   26.856     0.0077259     0.0005801           4        4360           0
   27.025     0.0068264     0.0005512           4        4360           0
   27.194     0.0068047     0.0004752           4        4360           0
   27.364     0.0073388     0.0004717           4        4360           0
   27.533     0.0078349     0.0005906           4        4360           0
   27.702     0.0080396     0.0006719           4        4360           0
   27.872     0.0078033     0.0006554           4        4360           0
   28.041     0.0085590     0.0007208           4        4360           0
   28.210     0.0096104     0.0006952           4        4360           0
   28.380     0.0082336     0.0006220           4        4360           0
   28.549     0.0086138     0.0007518           4        4360           0
   28.719     0.0085203     0.0006341           4        4360           0
   28.888     0.0095659     0.0006637           4        4360           0
   29.057     0.0096862     0.0006569           4        4360           0
   29.226     0.0089680     0.0006806           4        4360           0
   29.396     0.0078529     0.0007606           4        4360           0
   29.565     0.0082658     0.0007390           4        4360           0
   29.735     0.0090238     0.0007012           4        4360           0
   29.904     0.0088502     0.0008092           4        4360           0
   30.073     0.0093867     0.0011844           4        4360           0
   30.243     0.0096450     0.0024682           4        4360           0
   30.412     0.0094288     0.0009745           4        4360           0
   30.581     0.0096934     0.0011726           4        4360           0
   30.751     0.0091003     0.0009636           4        4360           0
   30.920     0.0097769     0.0010324           4        4360           0
   31.089     0.0096574     0.0008955           4        4360           0
   31.259     0.0102349     0.0008628           4        4360           0
   31.428     0.0098090     0.0005255           4        4360           0
   31.597     0.0106462     0.0021001           4        4360           0
   31.767     0.0105434     0.0008187           4        4360           0
   31.936     0.0101819     0.0007664           4        4360           0
   32.105     0.0101638     0.0008600           4        4360           0
   32.275     0.0100749     0.0011575           4        4360           0
   32.444     0.0105212     0.0012252           4        4360           0
   32.614     0.0107374     0.0025237           4        4360           0
   32.783     0.0105996     0.0022511           4        4360           0
   32.952     0.0114833     0.0012063           4        4360           0
   33.122     0.0101313     0.0027845           4        4360           0
   33.291     0.0090863     0.0025173           4        4360           0
   33.460     0.0100299     0.0018750           4        4360           0
   33.630     0.0109308     0.0014649           4        4360           0
   33.799     0.0119810     0.0015377           4        4360           0
   33.968     0.0110169     0.0017168           4        4360           0
   34.138     0.0113726     0.0018898           4        4360           0
   34.307     0.0125969     0.0021563           4        4360           0
   34.477     0.0139065     0.0024305           4        4360           0
   34.646     0.0132541     0.0036452           4        4360           0
   34.815     0.0152442     0.0018585           4        4360           0
   34.985     0.0184927     0.0070495           4        4360           0
   35.154     0.0120915     0.0701055           4        4360           0
   35.323     0.0139868     0.0198086           4        4360           0
   35.493     0.0095318     0.0029402           4        4360           0
   35.662     0.0076966     0.0030441           4        4360           0
   35.831     0.0074711     0.0027766           4        4360           0
   36.001     0.0076021     0.0027776           4        4360           0
   36.170     0.0127117     0.0055404           4        4360           0
   36.339     0.0140800     0.0044976           4        4360           0
   36.509     0.0125227     0.0036919           4        4360           0
   36.678     0.0111056     0.0058966           4        4360           0
   36.847     0.0148248     0.0036261           4        4360           0
   37.017     0.0072170     0.0064473           4        4360           0
   37.186     0.0139011     0.0047633           4        4360           0
   37.355     0.0147546     0.0057321           4        4360           0
   37.525     0.0181499     0.0049027           4        4360           0
   37.694     0.0121772     0.0052673           4        4360           0
   37.864     0.0021391     0.0084196           4        4360           0
   38.033    -0.0014643     0.0358028           4        4360           0
   38.202    -0.0099380     0.0574979           4        4360           0
   38.372     0.0077224     0.0121909           4        4360           0
   38.541     0.0016891     0.0237251           4        4360           0
   38.710     0.0114521     0.0143433           4        4360           0
   38.880     0.0300945     0.0462297           4        4360           0
   39.049     0.0574937     0.2828111           4        4360           0
   39.218     0.0245796     0.0978076           4        4360           0
   39.388     0.0090564     0.0196146           4        4360           0
   39.557     0.0442301     0.0339676           4        4360           0
   39.727     0.0429416     0.0555871           4        4360           0
   39.896     0.0169078     0.0230948           4        4488           0
   40.065     0.0044697     0.0110945           4        4488           0
   40.235     0.0005768     0.0042998           4        4488           0
   40.404     0.0002509     0.0024849           4        4488           0
   40.573     0.0002361     0.0021619           4        4488           0
   40.743     0.0000792     0.0006509           4        4508           0
   40.912     0.0000541     0.0005583           4        4488           0
   41.081    -0.0000055     0.0002612           4        4488           0
   41.251     0.0000714     0.0006284           4        4488           0
   41.420    -0.0000011     0.0006715           4        4488           0
   41.589    -0.0004477     0.0003915           4        4488           0
   41.759    -0.0001288     0.0002334           4        4488           0
   41.928     0.0007210     0.0008616           4        4508           0
   42.097    -0.0002246     0.0005597           4        4508           0
   42.267     0.0015034     0.0007692           4        4488           0
