wave flux error channelflag bitflag stitchflag
    5.127     0.0002369     0.0032849           1         392           0
    5.157    -0.0002262     0.0019706           1         136           0
    5.187     0.0006083     0.0009434           1         136           0
    5.217     0.0006998     0.0005684           1         136           0
    5.247     0.0006491     0.0005779           1         136           0
    5.278     0.0005106     0.0005761           1         136           0
    5.308     0.0003456     0.0005675           1         136           0
    5.338     0.0004255     0.0005046           1         392           0
    5.368     0.0007831     0.0005537           1         392           0
    5.399     0.0007446     0.0005125           1       16776           0
    5.429     0.0005353     0.0005501           1       16796           0
    5.459     0.0003640     0.0004862           1       16796           0
    5.489     0.0005549     0.0004117           1         392           0
    5.520     0.0005798     0.0004558           1         392           0
    5.550     0.0003783     0.0005071           1         392           0
    5.580     0.0008120     0.0004774           1         392           0
    5.610     0.0008331     0.0005009           1         392           0
    5.641     0.0009009     0.0004899           1        8468           0
    5.671     0.0012347     0.0004370           1        8468           0
    5.701     0.0009311     0.0004225           1         392           0
    5.731     0.0007784     0.0004051           1         392           0
    5.762     0.0009668     0.0004754           1         412           0
    5.792     0.0009129     0.0004896           1         412           0
    5.822     0.0005648     0.0004846           1         392           0
    5.852     0.0006976     0.0005072           1         392           0
    5.883     0.0008334     0.0005169           1         392           0
    5.913     0.0010068     0.0005298           1         136           0
    5.943     0.0008739     0.0005306           1         136           0
    5.973     0.0009889     0.0005473           1         136           0
    6.004     0.0010133     0.0005247           1         136           0
    6.034     0.0013542     0.0005291           1         136           0
    6.064     0.0014589     0.0005005           1         392           0
    6.094     0.0012089     0.0004599           1         392           0
    6.125     0.0015560     0.0005248           1         392           0
    6.155     0.0019096     0.0004934           1         392           0
    6.185     0.0018153     0.0004780           1         392           0
    6.215     0.0017490     0.0005000           1         392           0
    6.245     0.0011943     0.0005057           1         392           0
    6.276     0.0012426     0.0005623           1         392           0
    6.306     0.0015282     0.0005600           1         392           0
    6.336     0.0013484     0.0005419           1         392           0
    6.366     0.0014381     0.0005909           1         392           0
    6.397     0.0017297     0.0005785           1         392           0
    6.427     0.0015955     0.0005754           1         392           0
    6.457     0.0019934     0.0005179           1         392           0
    6.487     0.0023203     0.0005396           1         392           0
    6.518     0.0025675     0.0006108           1         392           0
    6.548     0.0027145     0.0006914           1         392           0
    6.578     0.0031154     0.0006856           1         392           0
    6.608     0.0034638     0.0006832           1         392           0
    6.639     0.0049868     0.0005318           1         136           0
    6.669     0.0081578     0.0005614           1         136           0
    6.699     0.0089035     0.0004138           1         136           0
    6.729     0.0091676     0.0004697           1         136           0
    6.760     0.0086900     0.0006999           1         136           0
    6.790     0.0088904     0.0006155           1         392           0
    6.820     0.0056001     0.0007656           1         392           0
    6.850     0.0047617     0.0007383           1         392           0
    6.881     0.0042761     0.0007160           1         392           0
    6.911     0.0038742     0.0007523           1         392           0
    6.941     0.0028634     0.0007743           1         392           0
    6.971     0.0027565     0.0007809           1         392           0
    7.002     0.0029369     0.0008745           1         392           0
    7.032     0.0027944     0.0008843           1         392           0
    7.062     0.0027133     0.0007871           1         392           0
    7.092     0.0028199     0.0007206           1         392           0
    7.122     0.0030032     0.0007512           1         392           0
    7.153     0.0029570     0.0008086           1         392           0
    7.183     0.0026117     0.0008256           1         392           0
    7.213     0.0027063     0.0007695           1         392           0
    7.243     0.0031912     0.0009270           1         392           0
    7.274     0.0027477     0.0008484           1         392           0
    7.304     0.0027601     0.0009350           1         392           0
    7.334     0.0043792     0.0011452           1       53312           0
    7.395     0.0031141     0.0014020           1       18496           0
    7.455     0.0036052     0.0011542           1       18496           0
    7.516     0.0042768     0.0011542           1       53312           0
    7.576     0.0045608     0.0014974           1      153664           0
    7.637     0.0042592     0.0005896           1         392           0
    7.697     0.0040821     0.0006131           1         392           0
    7.758     0.0042618     0.0007521           1         392           0
    7.818     0.0048621     0.0006972           1         392           0
    7.879     0.0057952     0.0006243           1         392           0
    7.939     0.0065555     0.0005344           1         392           0
    8.000     0.0080425     0.0005907           1         392           0
    8.060     0.0093576     0.0006353           1         392           0
    8.120     0.0128959     0.0004821           1         392           0
    8.181     0.0136295     0.0006718           1         392           0
    8.241     0.0143747     0.0005776           1         392           0
    8.302     0.0136176     0.0005720           1         392           0
    8.362     0.0131580     0.0004063           2       16796           0
    8.423     0.0130073     0.0003688           2       16796           0
    8.483     0.0126138     0.0004105           2       16792           0
    8.544     0.0112780     0.0003955           2       16776           0
    8.604     0.0099635     0.0003219           2         392           0
    8.665     0.0083482     0.0003682           2         392           0
    8.725     0.0074408     0.0003714           2         392           0
    8.786     0.0069931     0.0003570           2         392           0
    8.846     0.0063223     0.0003746           2         392           0
    8.907     0.0063794     0.0003302           2         392           0
    8.967     0.0065823     0.0003378           2         392           0
    9.028     0.0065760     0.0003429           2         136           0
    9.088     0.0065339     0.0003939           2         136           0
    9.149     0.0074087     0.0003821           2         136           0
    9.209     0.0082813     0.0002973           2         136           0
    9.270     0.0087615     0.0003966           2         136           0
    9.330     0.0083547     0.0003874           2         136           0
    9.391     0.0074431     0.0003838           2         392           0
    9.451     0.0055367     0.0003362           2         392           0
    9.512     0.0044235     0.0003265           2         392           0
    9.572     0.0044452     0.0002989           2         392           0
    9.633     0.0034452     0.0003608           2         392           0
    9.693     0.0032014     0.0003483           2         392           0
    9.754     0.0031304     0.0003463           2       16796           0
    9.814     0.0026468     0.0003181           2       16796           0
    9.875     0.0024003     0.0003268           2         392           0
    9.935     0.0020558     0.0003167           2         392           0
    9.995     0.0022747     0.0003092           2         392           0
   10.056     0.0022512     0.0003264           2         392           0
   10.116     0.0022975     0.0002967           2         392           0
   10.177     0.0021632     0.0003108           2         392           0
   10.237     0.0021809     0.0003004           2         392           0
   10.298     0.0021128     0.0002988           2         392           0
   10.358     0.0023432     0.0003218           2         392           0
   10.419     0.0025835     0.0002785           2         392           0
   10.479     0.0023342     0.0003386           2         392           0
   10.540     0.0020353     0.0003409           2         392           0
   10.600     0.0020018     0.0003333           2         392           0
   10.661     0.0020465     0.0003437           2         392           0
   10.721     0.0020138     0.0003545           2         392           0
   10.782     0.0019652     0.0003649           2         392           0
   10.842     0.0020850     0.0003600           2         392           0
   10.903     0.0021588     0.0003595           2         392           0
   10.963     0.0018917     0.0004036           2         392           0
   11.024     0.0018829     0.0003932           2         392           0
   11.084     0.0017310     0.0003962           2         392           0
   11.145     0.0018993     0.0004069           2         392           0
   11.205     0.0020563     0.0004106           2         392           0
   11.266     0.0023510     0.0004207           2         392           0
   11.326     0.0026219     0.0004160           2         392           0
   11.387     0.0028147     0.0004298           2         412           0
   11.447     0.0031558     0.0004219           2         412           0
   11.508     0.0031036     0.0004439           2         392           0
   11.568     0.0030140     0.0004410           2         392           0
   11.628     0.0031569     0.0004857           2         392           0
   11.689     0.0030358     0.0004624           2         392           0
   11.750     0.0033194     0.0004676           2         392           0
   11.810     0.0042061     0.0004641           2         392           0
   11.870     0.0051762     0.0004303           2         392           0
   11.931     0.0056498     0.0004421           2         392           0
   11.991     0.0103041     0.0003541           2         392           0
   12.052     0.0102208     0.0003931           2         392           0
   12.112     0.0164857     0.0002854           2         392           0
   12.173     0.0160549     0.0003760           2         392           0
   12.233     0.0133976     0.0004788           2         392           0
   12.294     0.0110567     0.0004666           2         392           0
   12.354     0.0088781     0.0004852           2         392           0
   12.415     0.0072875     0.0004141           2         392           0
   12.475     0.0066764     0.0004055           2         392           0
   12.536     0.0062942     0.0004738           2         392           0
   12.596     0.0055772     0.0004491           2         392           0
   12.657     0.0053097     0.0004406           2         392           0
   12.717     0.0057810     0.0003844           2         392           0
   12.778     0.0056425     0.0003998           2         392           0
   12.838     0.0052773     0.0003898           2         392           0
   12.899     0.0060949     0.0004790           2         392           0
   12.959     0.0062280     0.0004935           2         392           0
   13.020     0.0059849     0.0005010           2         392           0
   13.080     0.0061919     0.0005096           2         392           0
   13.141     0.0060590     0.0005580           2         392           0
   13.201     0.0061825     0.0005690           2         392           0
   13.262     0.0072017     0.0004338           2         392           0
   13.322     0.0074650     0.0005379           2         392           0
   13.383     0.0075402     0.0006031           2         392           0
   13.443     0.0079518     0.0005990           2         392           0
   13.503     0.0083917     0.0006387           2         392           0
   13.564     0.0090482     0.0005798           2         392           0
   13.625     0.0095966     0.0006135           2         392           0
   13.685     0.0100338     0.0006308           2         392           0
   13.745     0.0109261     0.0006522           2         392           0
   13.806     0.0135640     0.0005731           2         392           0
   13.866     0.0132687     0.0005977           2         392           0
   13.927     0.0083779     0.0005762           2         392           0
   13.987     0.0076274     0.0007255           2         392           0
   14.048     0.0057890     0.0007230           2         392           0
   14.154     0.0067765     0.0014006           3        4360           0
   14.239     0.0060547     0.0006401           3        4360           0
   14.323     0.0056247     0.0006016           3        4360           0
   14.408     0.0052721     0.0006177           3        4360           0
   14.493     0.0055587     0.0006302           3        4360           0
   14.577     0.0060711     0.0006296           3        4360           0
   14.662     0.0064822     0.0005232           3        4360           0
   14.747     0.0056091     0.0006885           3        4360           0
   14.832     0.0051041     0.0006927           3        4360           0
   14.916     0.0045595     0.0007905           3        4360           0
   15.001     0.0048044     0.0007265           3        4360           0
   15.085     0.0043124     0.0006901           3        4360           0
   15.170     0.0053015     0.0004351           3        4360           0
   15.255     0.0048762     0.0006386           3        4360           0
   15.340     0.0050845     0.0006202           3        4360           0
   15.424     0.0048357     0.0005558           3        4360           0
   15.509     0.0046092     0.0005436           3        4360           0
   15.594     0.0045575     0.0005663           3        4360           0
   15.678     0.0044901     0.0005854           3        4360           0
   15.763     0.0043031     0.0005400           3        4360           0
   15.848     0.0037702     0.0005365           3        4360           0
   15.932     0.0037030     0.0006961           3        4360           0
   16.017     0.0040003     0.0007677           3        4360           0
   16.102     0.0049803     0.0008264           3        4360           0
   16.186     0.0035927     0.0008174           3        4360           0
   16.271     0.0042357     0.0006909           3        4360           0
   16.356     0.0042342     0.0007281           3        4360           0
   16.440     0.0046308     0.0008757           3        4360           0
   16.525     0.0046835     0.0040967           3        4360           0
   16.610     0.0045550     0.0005380           3        4360           0
   16.694     0.0057812     0.0024880           3        4360           0
   16.779     0.0069703     0.0008916           3        4360           0
   16.864     0.0068759     0.0010241           3        4360           0
   16.948     0.0050890     0.0009058           3        4360           0
   17.033     0.0044338     0.0007298           3        4360           0
   17.118     0.0049023     0.0016025           3        4360           0
   17.202     0.0053072     0.0011932           3        4360           0
   17.287     0.0047812     0.0007968           3        4360           0
   17.372     0.0060173     0.0007981           3        4360           0
   17.456     0.0061395     0.0008964           3        4360           0
   17.541     0.0058993     0.0007183           3        4360           0
   17.626     0.0082990     0.0003580           3        4360           0
   17.711     0.0105890     0.0003730           3        4360           0
   17.795     0.0105588     0.0005112           3        4360           0
   17.880     0.0095425     0.0005494           3        4360           0
   17.965     0.0086407     0.0007015           3        4360           0
   18.049     0.0084102     0.0008812           3        4360           0
   18.134     0.0092726     0.0008801           3        4360           0
   18.219     0.0085772     0.0009862           3        4360           0
   18.303     0.0102496     0.0012123           3        4360           0
   18.388     0.0109676     0.0010776           3        4360           0
   18.472     0.0099094     0.0009456           3        4360           0
   18.557     0.0109319     0.0036745           3        4360           0
   18.642     0.0106125     0.0019652           3        4360           0
   18.727     0.0099033     0.0009398           3        4360           0
   18.811     0.0096093     0.0009454           3        4360           0
   18.896     0.0093560     0.0008283           3        4360           0
   18.981     0.0076792     0.0009059           3        4360           0
   19.065     0.0081456     0.0009326           3        4360           0
   19.150     0.0081137     0.0008651           3        4360           0
   19.235     0.0046967     0.0015083           3    19009600           0
   19.404     0.0069191     0.0023744           3    19009600           0
   19.573     0.0078803     0.0017521           3    19009600           0
   19.743     0.0071826     0.0017482           3    19009600           0
   19.912     0.0074457     0.0015434           3    19009600           0
   20.081     0.0084536     0.0043423           3        4360           0
   20.251     0.0102370     0.0024253           3        4360           0
   20.420     0.0090046     0.0024883           3        4360           0
   20.590     0.0081856     0.0015663           3        4360           0
   20.759     0.0077276     0.0016129           3        4360           0
   20.928     0.0076153     0.0037449           3        4360           0
   21.097     0.0070389     0.0008424           4        4360           0
   21.267     0.0072055     0.0010884           4        4360           0
   21.436     0.0109241     0.0009111           4        4360           0
   21.606     0.0079447     0.0012132           4        4360           0
   21.775     0.0079676     0.0009065           4        4360           0
   21.944     0.0078245     0.0009837           4        4360           0
   22.114     0.0083414     0.0011890           4        4360           0
   22.283     0.0095413     0.0008657           4        4360           0
   22.452     0.0101756     0.0009175           4        4360           0
   22.622     0.0100338     0.0011919           4        4360           0
   22.791     0.0102827     0.0007101           4        4360           0
   22.960     0.0094571     0.0005818           4        4360           0
   23.130     0.0093126     0.0007370           4        4360           0
   23.299     0.0103220     0.0008031           4        4360           0
   23.469     0.0109869     0.0007844           4        4360           0
   23.638     0.0109735     0.0007168           4        4360           0
   23.807     0.0111491     0.0006842           4        4360           0
   23.976     0.0117950     0.0007403           4        4360           0
   24.146     0.0113119     0.0007279           4        4360           0
   24.315     0.0123254     0.0006705           4        4360           0
   24.485     0.0123025     0.0007054           4        4360           0
   24.654     0.0111592     0.0008481           4        4360           0
   24.823     0.0127685     0.0007660           4        4360           0
   24.993     0.0117144     0.0010266           4        4360           0
   25.162     0.0131999     0.0009421           4        4360           0
   25.331     0.0135780     0.0009180           4        4360           0
   25.501     0.0137841     0.0009818           4        4360           0
   25.670     0.0135996     0.0010112           4        4360           0
   25.839     0.0130968     0.0035806           4        4360           0
   26.009     0.0144242     0.0011972           4        4360           0
   26.178     0.0144320     0.0007257           4        4360           0
   26.347     0.0145659     0.0016806           4        4360           0
   26.517     0.0149480     0.0008970           4        4360           0
   26.686     0.0158189     0.0007025           4        4360           0
   26.856     0.0147177     0.0007521           4        4360           0
   27.025     0.0154297     0.0008575           4        4360           0
   27.194     0.0161779     0.0008148           4        4360           0
   27.364     0.0163849     0.0007935           4        4360           0
   27.533     0.0169189     0.0007288           4        4360           0
   27.702     0.0169810     0.0009676           4        4360           0
   27.872     0.0184400     0.0011879           4        4360           0
   28.041     0.0201235     0.0010670           4        4360           0
   28.210     0.0175167     0.0011986           4        4360           0
   28.380     0.0190564     0.0010582           4        4360           0
   28.549     0.0182162     0.0011707           4        4360           0
   28.719     0.0196136     0.0011685           4        4360           0
   28.888     0.0186046     0.0010171           4        4360           0
   29.057     0.0193742     0.0011136           4        4360           0
   29.226     0.0199818     0.0010567           4        4360           0
   29.396     0.0195612     0.0012752           4        4360           0
   29.565     0.0199279     0.0024224           4        4360           0
   29.735     0.0204364     0.0022692           4        4360           0
   29.904     0.0198815     0.0012670           4        4360           0
   30.073     0.0224531     0.0014393           4        4360           0
   30.243     0.0228737     0.0015226           4        4360           0
   30.412     0.0245564     0.0031964           4        4360           0
   30.581     0.0247749     0.0143827           4        4360           0
   30.751     0.0229384     0.0024387           4        4360           0
   30.920     0.0235131     0.0014754           4        4360           0
   31.089     0.0230342     0.0012937           4        4360           0
   31.259     0.0248758     0.0012677           4        4360           0
   31.428     0.0249102     0.0011098           4        4360           0
   31.597     0.0257331     0.0010941           4        4360           0
   31.767     0.0273707     0.0011657           4        4360           0
   31.936     0.0266606     0.0020005           4        4360           0
   32.105     0.0251439     0.0031226           4        4360           0
   32.275     0.0270275     0.0014365           4        4360           0
   32.444     0.0271546     0.0020501           4        4360           0
   32.614     0.0269705     0.0034589           4        4360           0
   32.783     0.0277888     0.0019153           4        4360           0
   32.952     0.0283972     0.0020982           4        4360           0
   33.122     0.0326927     0.0030404           4        4360           0
   33.291     0.0297766     0.0037224           4        4360           0
   33.460     0.0304673     0.0035634           4        4360           0
   33.630     0.0320184     0.0024040           4        4360           0
   33.799     0.0314702     0.0023744           4        4360           0
   33.968     0.0331845     0.0025676           4        4360           0
   34.138     0.0344537     0.0023563           4        4360           0
   34.307     0.0356588     0.0039363           4        4360           0
   34.477     0.0334297     0.0030881           4        4360           0
   34.646     0.0345573     0.0025396           4        4360           0
   34.815     0.0365828     0.0048229           4        4360           0
   34.985     0.0333377     0.0222993           4        4360           0
   35.154     0.0299981     0.0082725           4        4360           0
   35.323     0.0327315     0.0078660           4        4360           0
   35.493     0.0376756     0.0102701           4        4360           0
   35.662     0.0372487     0.0029780           4        4360           0
   35.831     0.0396279     0.0027322           4        4360           0
   36.001     0.0499283     0.0029066           4        4360           0
   36.170     0.0458039     0.0046190           4        4360           0
   36.339     0.0455891     0.0077131           4        4360           0
   36.509     0.0461297     0.0055302           4        4360           0
   36.678     0.0466937     0.0130082           4        4360           0
   36.847     0.0431331     0.0064564           4        4360           0
   37.017     0.0350040     0.0135442           4        4360           0
   37.186     0.0462017     0.0111686           4        4360           0
   37.355     0.0290653     0.0063346           4        4360           0
   37.525     0.0425770     0.0059681           4        4360           0
   37.694     0.0727774     0.0053139           4        4360           0
   37.864     0.0568989     0.0184245           4        4360           0
   38.033     0.0438633     0.0428495           4        4360           0
   38.202     0.0625499     0.0457223           4        4360           0
   38.372     0.0375379     0.0215976           4        4360           0
   38.541     0.0459643     0.0405517           4        4360           0
   38.710     0.0245368     0.0228349           4        4360           0
   38.880     0.0437441     0.0253296           4        4360           0
   39.049     0.0352116     0.1988546           4        4360           0
   39.218     0.0427945     0.1044306           4        4360           0
   39.388     0.0282381     0.0109714           4        4360           0
   39.557    -0.0002670     0.0554432           4        4360           0
   39.727     0.0049441     0.0983601           4        4360           0
   39.896     0.0194300     0.0348250           4        4488           0
   40.065     0.0015341     0.0127211           4        4488           0
   40.235     0.0004346     0.0093519           4        4488           0
   40.404     0.0031696     0.0035312           4        4488           0
   40.573     0.0002810     0.0019262           4        4488           0
   40.743     0.0001487     0.0019117           4        4508           0
   40.912    -0.0002161     0.0008319           4        4488           0
   41.081    -0.0000631     0.0003614           4        4488           0
   41.251    -0.0000033     0.0006145           4        4488           0
   41.420    -0.0000164     0.0006590           4        4488           0
   41.589    -0.0003164     0.0004311           4        4488           0
   41.759     0.0002771     0.0004998           4        4488           0
   41.928     0.0004824     0.0012499           4        4508           0
   42.097     0.0008801     0.0008548           4        4508           0
   42.267     0.0017142     0.0009983           4        4488           0
