wave flux error channelflag bitflag stitchflag
    5.127     0.0041901     0.0258493           1         392           0
    5.157     0.0027820     0.0472186           1         136           0
    5.187    -0.0004026     0.0473019           1         136           0
    5.217     0.0010370     0.0167909           1         136           0
    5.247    -0.0002780     0.0135470           1         136           0
    5.278     0.0012367     0.0130147           1         136           0
    5.308    -0.0014308     0.0491371           1         136           0
    5.338     0.0003624     0.0219369           1         392           0
    5.368     0.0011583     0.0070715           1         392           0
    5.399    -0.0010227     0.0143487           1       16776           0
    5.429    -0.0007499     0.0077035           1       16796           0
    5.459     0.0010252     0.0058033           1       16796           0
    5.489     0.0004910     0.0065563           1         392           0
    5.520    -0.0001561     0.0103388           1         392           0
    5.550    -0.0003400     0.0141125           1         392           0
    5.580     0.0004526     0.0127092           1         392           0
    5.610     0.0005027     0.0231967           1         392           0
    5.641     0.0001227     0.0208341           1        8468           0
    5.671     0.0006460     0.0221949           1        8468           0
    5.701     0.0008662     0.0270346           1         392           0
    5.731     0.0044370     0.0181920           1         392           0
    5.762    -0.0002934     0.0129771           1         412           0
    5.792     0.0000277     0.0167662           1         412           0
    5.822     0.0004038     0.0210809           1         392           0
    5.852    -0.0005426     0.0237709           1         392           0
    5.883     0.0007312     0.0181182           1         392           0
    5.913     0.0001950     0.0231467           1         136           0
    5.943     0.0019183     0.0241959           1         136           0
    5.973     0.0008036     0.0226682           1         136           0
    6.004    -0.0012121     0.0225067           1         136           0
    6.034     0.0029803     0.0293445           1         136           0
    6.064     0.0035700     0.0271546           1         392           0
    6.094     0.0095636     0.0145803           1         392           0
    6.125     0.0082639     0.0197371           1         392           0
    6.155     0.0061513     0.0196663           1         392           0
    6.185     0.0045613     0.0195377           1         392           0
    6.215     0.0008693     0.0212434           1         392           0
    6.245     0.0011710     0.0225666           1         392           0
    6.276    -0.0021731     0.0251569           1         392           0
    6.306     0.0005175     0.0324964           1         392           0
    6.336     0.0001436     0.0253111           1         392           0
    6.366    -0.0008902     0.0159172           1         392           0
    6.397    -0.0000118     0.0020443           1         392           0
    6.427     0.0007459     0.0042847           1         392           0
    6.457     0.0017528     0.0025010           1         392           0
    6.487     0.0033396     0.0226744           1         392           0
    6.518     0.0024538     0.0266148           1         392           0
    6.548     0.0009160     0.0068344           1         392           0
    6.578     0.0007617     0.0179863           1         392           0
    6.608     0.0021406     0.0238405           1         392           0
    6.639    -0.0002435     0.0122012           1         136           0
    6.669     0.0023716     0.0132804           1         136           0
    6.699     0.0025897     0.0087186           1         136           0
    6.729     0.0018034     0.0099013           1         136           0
    6.760     0.0024596     0.0195971           1         136           0
    6.790     0.0022700     0.0142658           1         392           0
    6.820     0.0025638     0.0095751           1         392           0
    6.850     0.0034412     0.0125869           1         392           0
    6.881    -0.0003333     0.0165495           1         392           0
    6.911     0.0017063     0.0135650           1         392           0
    6.941     0.0037020     0.0120501           1         392           0
    6.971     0.0012442     0.0107372           1         392           0
    7.002     0.0003531     0.0037485           1         392           0
    7.032     0.0002653     0.0096612           1         392           0
    7.062     0.0018978     0.0135678           1         392           0
    7.092     0.0018123     0.0139637           1         392           0
    7.122     0.0014060     0.0232501           1         392           0
    7.153     0.0013347     0.0239280           1         392           0
    7.183     0.0008937     0.0315299           1         392           0
    7.213     0.0029155     0.0263918           1         392           0
    7.243     0.0008889     0.0311145           1         392           0
    7.274    -0.0002772     0.0340140           1         392           0
    7.304    -0.0022741     0.0329518           1         392           0
    7.334     0.0012886     0.1762843           1       53312           0
    7.395     0.0001941     0.0493808           1       18496           0
    7.455     0.0018073     0.1703543           1       18496           0
    7.516     0.0002976     0.1789575           1       53312           0
    7.576    -0.0012900     0.0199940           1      153664           0
    7.637     0.0017536     0.0230703           1         392           0
    7.697     0.0004098     0.0279944           1         392           0
    7.758     0.0008055     0.0262118           1         392           0
    7.818    -0.0009295     0.0531907           1         392           0
    7.879    -0.0041845     0.0312923           1         392           0
    7.939    -0.0014661     0.0354680           1         392           0
    8.000     0.0019501     0.0243210           1         392           0
    8.060     0.0011781     0.0205218           1         392           0
    8.120    -0.0000421     0.0198698           1         392           0
    8.181    -0.0012660     0.0207306           1         392           0
    8.241    -0.0000168     0.0106317           1         392           0
    8.302     0.0005543     0.0447925           1         392           0
    8.362    -0.0011558     0.0142085           1       16796           0
    8.423    -0.0021484     0.0104164           2       16796           0
    8.483    -0.0034241     0.0853201           2       16792           0
    8.544    -0.0034214     0.0334202           2       16776           0
    8.604    -0.0022192     0.0219478           2         392           0
    8.665     0.0143902     1.4396430           2         392           0
    8.725     0.0003438     0.0106326           2         392           0
    8.786     0.0015924     0.0052599           2         392           0
    8.846     0.0017142     0.0052172           2         392           0
    8.907     0.0019538     0.0050701           2         392           0
    8.967     0.0018329     0.0058045           2         392           0
    9.028     0.0011038     0.0070162           2         136           0
    9.088     0.0006982     0.0066562           2         136           0
    9.149     0.0015542     0.0061031           2         136           0
    9.209     0.0012696     0.0060502           2         136           0
    9.270     0.0019344     0.0056924           2         136           0
    9.330     0.0012581     0.0059887           2         136           0
    9.391     0.0004763     0.0070376           2         392           0
    9.451     0.0003283     0.0080336           2         392           0
    9.512     0.0001630     0.0063440           2         392           0
    9.572    -0.0010817     0.0073684           2         392           0
    9.633    -0.0006363     0.0058493           2         392           0
    9.693     0.0006620     0.0042671           2         392           0
    9.754     0.0015283     0.0044676           2       16796           0
    9.814     0.0004473     0.0042356           2       16796           0
    9.875     0.0011003     0.0038923           2         392           0
    9.935    -0.0003448     0.0043034           2         392           0
    9.995    -0.0002111     0.0034836           2         392           0
   10.056     0.0005052     0.0031283           2         392           0
   10.116     0.0006588     0.0023085           2         392           0
   10.177     0.0013667     0.0031001           2         392           0
   10.237     0.0008131     0.0041540           2         392           0
   10.298     0.0007232     0.0043073           2         392           0
   10.358     0.0014901     0.0043536           2         392           0
   10.419     0.0020962     0.0041268           2         392           0
   10.479     0.0002204     0.0041814           2         392           0
   10.540     0.0005198     0.0031986           2         392           0
   10.600     0.0009895     0.0026760           2         392           0
   10.661     0.0008789     0.0027297           2         392           0
   10.721     0.0010895     0.0030919           2         392           0
   10.782     0.0013932     0.0025471           2         392           0
   10.842     0.0020485     0.0024615           2         392           0
   10.903     0.0003036     0.0025584           2         392           0
   10.963    -0.0005188     0.0026851           2         392           0
   11.024     0.0008753     0.0025890           2         392           0
   11.084     0.0007467     0.0021508           2         392           0
   11.145     0.0010401     0.0018667           2         392           0
   11.205     0.0006526     0.0018442           2         392           0
   11.266     0.0010206     0.0016061           2         392           0
   11.326     0.0004924     0.0014287           2         392           0
   11.387     0.0006798     0.0013483           2         412           0
   11.447     0.0011595     0.0013652           2         412           0
   11.508     0.0012094     0.0013340           2         392           0
   11.568     0.0019772     0.0012446           2         392           0
   11.628     0.0011088     0.0012246           2         392           0
   11.689     0.0013469     0.0012155           2         392           0
   11.750     0.0019440     0.0012000           2         392           0
   11.810     0.0014544     0.0011927           2         392           0
   11.870     0.0016291     0.0012836           2         392           0
   11.931     0.0021618     0.0011801           2         392           0
   11.991     0.0032157     0.0012184           2         392           0
   12.052     0.0047434     0.0011803           2         392           0
   12.112     0.0048461     0.0012818           2         392           0
   12.173     0.0043846     0.0013401           2         392           0
   12.233     0.0036065     0.0013049           2         392           0
   12.294     0.0028508     0.0013644           2         392           0
   12.354     0.0029223     0.0012509           2         392           0
   12.415     0.0023814     0.0012843           2         392           0
   12.475     0.0025574     0.0010900           2         392           0
   12.536     0.0021187     0.0011398           2         392           0
   12.596     0.0021551     0.0012120           2         392           0
   12.657     0.0024402     0.0011878           2         392           0
   12.717     0.0023458     0.0011363           2         392           0
   12.778     0.0024609     0.0010491           2         392           0
   12.838     0.0020210     0.0011062           2         392           0
   12.899     0.0030317     0.0011255           2         392           0
   12.959     0.0025757     0.0011366           2         392           0
   13.020     0.0025551     0.0012268           2         392           0
   13.080     0.0025646     0.0012297           2         392           0
   13.141     0.0023945     0.0012366           2         392           0
   13.201     0.0037514     0.0013087           2         392           0
   13.262     0.0029359     0.0014981           2         392           0
   13.322     0.0030485     0.0012416           2         392           0
   13.383     0.0032065     0.0013131           2         392           0
   13.443     0.0034724     0.0012840           2         392           0
   13.503     0.0031634     0.0013294           2         392           0
   13.564     0.0034973     0.0013275           2         392           0
   13.625     0.0033723     0.0013069           2         392           0
   13.685     0.0038063     0.0013915           2         392           0
   13.745     0.0044734     0.0013041           2         392           0
   13.806     0.0035218     0.0012936           2         392           0
   13.866     0.0038580     0.0013227           2         392           0
   13.927     0.0039959     0.0012948           2         392           0
   13.987     0.0030729     0.0013078           2         392           0
   14.048     0.0033091     0.0013227           2         392           0
   14.108     0.0041134     0.0014180           2         392           0
   14.169     0.0032794     0.0014670           2         392           0
   14.229     0.0025881     0.0015484           2         392           0
   14.290     0.0023723     0.0014599           2         392           0
   14.408     0.0013724     0.0003852           3        4360           0
   14.493     0.0012703     0.0004839           3        4360           0
   14.577     0.0011147     0.0007211           3        4360           0
   14.662     0.0014068     0.0004231           3        4360           0
   14.747     0.0017540     0.0004575           3        4360           0
   14.832     0.0016684     0.0005658           3        4360           0
   14.916     0.0012053     0.0004986           3        4360           0
   15.001     0.0013239     0.0004667           3        4360           0
   15.085     0.0013327     0.0004845           3        4360           0
   15.170     0.0009929     0.0004578           3        4360           0
   15.255     0.0012853     0.0004590           3        4360           0
   15.340     0.0013184     0.0004437           3        4360           0
   15.424     0.0013374     0.0003769           3        4360           0
   15.509     0.0015257     0.0003435           3        4360           0
   15.594     0.0013136     0.0003631           3        4360           0
   15.678     0.0010353     0.0003759           3        4360           0
   15.763     0.0012088     0.0003482           3        4360           0
   15.848     0.0008633     0.0003862           3        4360           0
   15.932     0.0013184     0.0004784           3        4360           0
   16.017     0.0015712     0.0004633           3        4360           0
   16.102     0.0010046     0.0005173           3        4360           0
   16.186     0.0009603     0.0005404           3        4360           0
   16.271     0.0011247     0.0005029           3        4360           0
   16.356     0.0008848     0.0005015           3        4360           0
   16.440     0.0006331     0.0003872           3        4360           0
   16.525     0.0010076     0.0012911           3        4360           0
   16.610     0.0016339     0.0003678           3        4360           0
   16.694     0.0014242     0.0011749           3        4360           0
   16.779     0.0014418     0.0016753           3        4360           0
   16.864     0.0013866     0.0005447           3        4360           0
   16.948     0.0012955     0.0006729           3        4360           0
   17.033     0.0012347     0.0004888           3        4360           0
   17.118     0.0017162     0.0010156           3        4360           0
   17.202     0.0015423     0.0007063           3        4360           0
   17.287     0.0015749     0.0005447           3        4360           0
   17.372     0.0014598     0.0005513           3        4360           0
   17.456     0.0023130     0.0004996           3        4360           0
   17.541     0.0021500     0.0005283           3        4360           0
   17.626     0.0023467     0.0005129           3        4360           0
   17.711     0.0023750     0.0004864           3        4360           0
   17.795     0.0021894     0.0004989           3        4360           0
   17.880     0.0024877     0.0005257           3        4360           0
   17.965     0.0029020     0.0005708           3        4360           0
   18.049     0.0026451     0.0005849           3        4360           0
   18.134     0.0025992     0.0006374           3        4360           0
   18.219     0.0028313     0.0007177           3        4360           0
   18.303     0.0040801     0.0007407           3        4360           0
   18.388     0.0036162     0.0006136           3        4360           0
   18.472     0.0018475     0.0006539           3        4360           0
   18.557     0.0023090     0.0007668           3        4360           0
   18.642     0.0024696     0.0006295           3        4360           0
   18.727     0.0024850     0.0005471           3        4360           0
   18.811     0.0023006     0.0005996           3        4360           0
   18.896     0.0024813     0.0006071           3        4360           0
   18.981     0.0024019     0.0005620           3        4360           0
   19.065     0.0019614     0.0005850           3        4360           0
   19.150     0.0018827     0.0006689           3        4360           0
   19.235     0.0012205     0.0009975           3    19009600           0
   19.404    -0.0069208     0.0014830           3    19009600           0
   19.573     0.0021806     0.0015275           3    19009600           0
   19.743     0.0019146     0.0013872           3    19009600           0
   19.912     0.0015592     0.0011440           3    19009600           0
   20.081     0.0017012     0.0034832           3        4360           0
   20.251     0.0017978     0.0018056           3        4360           0
   20.420     0.0024731     0.0012433           3        4360           0
   20.590     0.0019873     0.0013794           3        4360           0
   20.759     0.0014084     0.0013189           3        4360           0
   20.928     0.0015367     0.0018354           3        4360           0
   21.097     0.0021789     0.0006351           4        4360           0
   21.267     0.0020611     0.0007445           4        4360           0
   21.436     0.0026505     0.0008090           4        4360           0
   21.606     0.0032018     0.0007937           4        4360           0
   21.775     0.0024959     0.0007406           4        4360           0
   21.944     0.0025487     0.0005844           4        4360           0
   22.114     0.0030292     0.0008033           4        4360           0
   22.283     0.0027037     0.0005387           4        4360           0
   22.452     0.0022772     0.0006394           4        4360           0
   22.622     0.0028152     0.0007142           4        4360           0
   22.791     0.0031419     0.0005608           4        4360           0
   22.960     0.0029846     0.0004884           4        4360           0
   23.130     0.0035426     0.0005287           4        4360           0
   23.299     0.0037435     0.0005441           4        4360           0
   23.469     0.0035650     0.0005552           4        4360           0
   23.638     0.0032059     0.0005156           4        4360           0
   23.807     0.0028608     0.0004625           4        4360           0
   23.976     0.0034245     0.0009117           4        4360           0
   24.146     0.0037366     0.0015697           4        4360           0
   24.315     0.0036864     0.0005434           4        4360           0
   24.485     0.0037349     0.0006179           4        4360           0
   24.654     0.0037576     0.0005522           4        4360           0
   24.823     0.0038103     0.0005959           4        4360           0
   24.993     0.0041300     0.0006443           4        4360           0
   25.162     0.0045857     0.0005864           4        4360           0
   25.331     0.0043862     0.0005896           4        4360           0
   25.501     0.0045854     0.0005509           4        4360           0
   25.670     0.0038367     0.0007054           4        4360           0
   25.839     0.0046216     0.0028287           4        4360           0
   26.009     0.0050412     0.0008553           4        4360           0
   26.178     0.0042618     0.0005511           4        4360           0
   26.347     0.0045566     0.0004518           4        4360           0
   26.517     0.0049484     0.0004707           4        4360           0
   26.686     0.0056125     0.0005376           4        4360           0
   26.856     0.0059705     0.0005416           4        4360           0
   27.025     0.0053675     0.0005467           4        4360           0
   27.194     0.0048454     0.0005568           4        4360           0
   27.364     0.0052328     0.0005042           4        4360           0
   27.533     0.0055346     0.0004793           4        4360           0
   27.702     0.0060570     0.0004963           4        4360           0
   27.872     0.0061585     0.0006177           4        4360           0
   28.041     0.0072061     0.0005879           4        4360           0
   28.210     0.0063470     0.0006890           4        4360           0
   28.380     0.0057806     0.0026923           4        4360           0
   28.549     0.0059239     0.0007791           4        4360           0
   28.719     0.0059079     0.0007200           4        4360           0
   28.888     0.0066108     0.0014462           4        4360           0
   29.057     0.0069515     0.0008184           4        4360           0
   29.226     0.0066176     0.0007109           4        4360           0
   29.396     0.0082019     0.0047269           4        4360           0
   29.565     0.0086390     0.0042213           4        4360           0
   29.735     0.0070948     0.0006774           4        4360           0
   29.904     0.0072376     0.0007479           4        4360           0
   30.073     0.0066881     0.0006638           4        4360           0
   30.243     0.0073788     0.0022916           4        4360           0
   30.412     0.0078390     0.0061835           4        4360           0
   30.581     0.0071170     0.0095240           4        4360           0
   30.751     0.0071098     0.0010500           4        4360           0
   30.920     0.0067842     0.0009170           4        4360           0
   31.089     0.0070230     0.0009133           4        4360           0
   31.259     0.0074743     0.0008335           4        4360           0
   31.428     0.0071728     0.0007103           4        4360           0
   31.597     0.0074041     0.0007608           4        4360           0
   31.767     0.0075720     0.0007440           4        4360           0
   31.936     0.0074846     0.0008069           4        4360           0
   32.105     0.0069513     0.0009358           4        4360           0
   32.275     0.0061858     0.0010362           4        4360           0
   32.444     0.0069006     0.0012395           4        4360           0
   32.614     0.0074995     0.0012312           4        4360           0
   32.783     0.0093274     0.0012508           4        4360           0
   32.952     0.0081544     0.0013037           4        4360           0
   33.122     0.0104648     0.0016629           4        4360           0
   33.291     0.0082526     0.0015147           4        4360           0
   33.460     0.0119646     0.0009928           4        4360           0
   33.630     0.0090564     0.0012884           4        4360           0
   33.799     0.0089472     0.0016068           4        4360           0
   33.968     0.0085295     0.0018037           4        4360           0
   34.138     0.0085509     0.0020986           4        4360           0
   34.307     0.0091235     0.0018505           4        4360           0
   34.477     0.0076831     0.0020572           4        4360           0
   34.646     0.0084215     0.0018119           4        4360           0
   34.815     0.0128816     0.0017731           4        4360           0
   34.985     0.0109080     0.0021625           4        4360           0
   35.154     0.0110362     0.0047812           4        4360           0
   35.323     0.0117733     0.0034730           4        4360           0
   35.493     0.0120424     0.0156710           4        4360           0
   35.662     0.0097956     0.0056348           4        4360           0
   35.831     0.0136428     0.0026956           4        4360           0
   36.001     0.0123758     0.0028286           4        4360           0
   36.170     0.0125843     0.0028675           4        4360           0
   36.339     0.0147071     0.0031107           4        4360           0
   36.509     0.0128268     0.0035348           4        4360           0
   36.678     0.0114547     0.0044766           4        4360           0
   36.847     0.0071107     0.0033453           4        4360           0
   37.017     0.0071114     0.0045044           4        4360           0
   37.186     0.0055692     0.0057081           4        4360           0
   37.355     0.0096982     0.0054109           4        4360           0
   37.525     0.0093921     0.0043582           4        4360           0
   37.694     0.0135729     0.0058209           4        4360           0
   37.864     0.0149015     0.0064780           4        4360           0
   38.033     0.0179802     0.0360802           4        4360           0
   38.202     0.0133590     0.0586768           4        4360           0
   38.372     0.0114725     0.0113086           4        4360           0
   38.541    -0.0051546     0.0255377           4        4360           0
   38.710    -0.0167956     0.0207416           4        4360           0
   38.880     0.0171319     0.0149784           4        4360           0
   39.049     0.0164311     0.1025822           4        4360           0
   39.218     0.0176250     0.0521521           4        4360           0
   39.388     0.0115820     0.0105252           4        4360           0
   39.557     0.0155805     0.0152325           4        4360           0
   39.727     0.0107433     0.0331271           4        4360           0
   39.896     0.0013570     0.0117103           4        4488           0
   40.065    -0.0009401     0.0098866           4        4488           0
   40.235     0.0002210     0.0040633           4        4488           0
   40.404     0.0013958     0.0018834           4        4488           0
   40.573    -0.0002199     0.0007809           4        4488           0
   40.743     0.0004894     0.0003790           4        4508           0
   40.912     0.0001009     0.0001946           4        4488           0
   41.081    -0.0000083     0.0001139           4        4488           0
   41.251    -0.0000306     0.0001496           4        4488           0
   41.420     0.0000218     0.0002597           4        4488           0
   41.589     0.0000830     0.0001950           4        4488           0
   41.759     0.0002600     0.0002890           4        4488           0
   41.928     0.0002744     0.0013999           4        4508           0
   42.097     0.0000345     0.0005670           4        4508           0
   42.267     0.0001720     0.0007342           4        4488           0
