wave flux error channelflag bitflag stitchflag
    5.127     0.0002017     0.0033624           1         392           0
    5.157     0.0009449     0.0020406           1         136           0
    5.187     0.0003854     0.0009339           1         136           0
    5.217     0.0004423     0.0006092           1         136           0
    5.247     0.0003756     0.0006222           1         136           0
    5.278     0.0004868     0.0006078           1         136           0
    5.308     0.0005802     0.0006155           1         136           0
    5.338     0.0004449     0.0005514           1         392           0
    5.368     0.0000197     0.0005530           1         392           0
    5.399     0.0004278     0.0005613           1       16776           0
    5.429     0.0003936     0.0005232           1       16796           0
    5.459     0.0002859     0.0005348           1       16796           0
    5.489     0.0005405     0.0005154           1         392           0
    5.520     0.0006062     0.0004964           1         392           0
    5.550     0.0005631     0.0004286           1         392           0
    5.580     0.0006753     0.0004838           1         392           0
    5.610     0.0004696     0.0004487           1         392           0
    5.641     0.0004989     0.0004053           1        8468           0
    5.671     0.0004162     0.0004540           1        8468           0
    5.701     0.0005162     0.0004364           1         392           0
    5.731     0.0005611     0.0004206           1         392           0
    5.762     0.0006001     0.0004548           1         412           0
    5.792     0.0007333     0.0005125           1         412           0
    5.822     0.0005476     0.0004915           1         392           0
    5.852     0.0003774     0.0005258           1         392           0
    5.883     0.0007786     0.0005874           1         392           0
    5.913     0.0009961     0.0004709           1         136           0
    5.943     0.0009011     0.0005021           1         136           0
    5.973     0.0010532     0.0005247           1         136           0
    6.004     0.0010034     0.0005066           1         136           0
    6.034     0.0008845     0.0004841           1         136           0
    6.064     0.0011311     0.0004881           1         392           0
    6.094     0.0011489     0.0004965           1         392           0
    6.125     0.0011823     0.0005241           1         392           0
    6.155     0.0011462     0.0005231           1         392           0
    6.185     0.0010666     0.0004801           1         392           0
    6.215     0.0008244     0.0005134           1         392           0
    6.245     0.0013276     0.0005097           1         392           0
    6.276     0.0016474     0.0005274           1         392           0
    6.306     0.0018306     0.0005024           1         392           0
    6.336     0.0016500     0.0006084           1         392           0
    6.366     0.0019914     0.0005842           1         392           0
    6.397     0.0020300     0.0006387           1         392           0
    6.427     0.0029474     0.0005904           1         392           0
    6.457     0.0050320     0.0005908           1         392           0
    6.487     0.0060492     0.0004874           1         392           0
    6.518     0.0059538     0.0006100           1         392           0
    6.548     0.0053566     0.0006927           1         392           0
    6.578     0.0043791     0.0007253           1         392           0
    6.608     0.0039707     0.0006972           1         392           0
    6.639     0.0033193     0.0006636           1         136           0
    6.669     0.0027369     0.0006176           1         136           0
    6.699     0.0022051     0.0005521           1         136           0
    6.729     0.0020876     0.0006288           1         136           0
    6.760     0.0019168     0.0006564           1         136           0
    6.790     0.0015302     0.0006727           1         392           0
    6.820     0.0012431     0.0007783           1         392           0
    6.850     0.0015195     0.0007003           1         392           0
    6.881     0.0013351     0.0007379           1         392           0
    6.911     0.0022101     0.0007180           1         392           0
    6.941     0.0017999     0.0007572           1         392           0
    6.971     0.0019601     0.0008229           1         392           0
    7.002     0.0024073     0.0009424           1         392           0
    7.032     0.0021636     0.0008686           1         392           0
    7.062     0.0019992     0.0008771           1         392           0
    7.092     0.0019465     0.0008244           1         392           0
    7.122     0.0020037     0.0007369           1         392           0
    7.153     0.0024297     0.0008150           1         392           0
    7.183     0.0027319     0.0007851           1         392           0
    7.213     0.0023860     0.0008484           1         392           0
    7.243     0.0029748     0.0008465           1         392           0
    7.274     0.0033405     0.0009335           1         392           0
    7.304     0.0033899     0.0009541           1         392           0
    7.334     0.0033431     0.0010729           1       53312           0
    7.395     0.0024133     0.0013244           1       18496           0
    7.455     0.0026686     0.0012091           1       18496           0
    7.516     0.0029720     0.0011169           1       53312           0
    7.576     0.0035458     0.0014622           1      153664           0
    7.637     0.0039555     0.0006352           1         392           0
    7.697     0.0045979     0.0006774           1         392           0
    7.758     0.0054207     0.0007330           1         392           0
    7.818     0.0070057     0.0007393           1         392           0
    7.879     0.0083644     0.0007249           1         392           0
    7.939     0.0095750     0.0007180           1         392           0
    8.000     0.0095644     0.0007189           1         392           0
    8.060     0.0091790     0.0006391           1         392           0
    8.120     0.0089157     0.0006377           1         392           0
    8.181     0.0084741     0.0005660           1         392           0
    8.241     0.0078540     0.0006207           1         392           0
    8.302     0.0069683     0.0006164           1         392           0
    8.362     0.0061846     0.0003894           2       16796           0
    8.423     0.0056350     0.0003170           2       16796           0
    8.483     0.0050395     0.0004149           2       16792           0
    8.544     0.0045151     0.0003863           2       16776           0
    8.604     0.0042853     0.0003999           2         392           0
    8.665     0.0044944     0.0003946           2         392           0
    8.725     0.0045920     0.0003583           2         392           0
    8.786     0.0046799     0.0003268           2         392           0
    8.846     0.0049135     0.0003232           2         392           0
    8.907     0.0054021     0.0003448           2         392           0
    8.967     0.0057566     0.0003083           2         392           0
    9.028     0.0054975     0.0004291           2         136           0
    9.088     0.0051913     0.0003976           2         136           0
    9.149     0.0042808     0.0003761           2         136           0
    9.209     0.0034465     0.0003973           2         136           0
    9.270     0.0028546     0.0003708           2         136           0
    9.330     0.0023328     0.0004075           2         136           0
    9.391     0.0023005     0.0003733           2         392           0
    9.451     0.0022138     0.0003938           2         392           0
    9.512     0.0018247     0.0003472           2         392           0
    9.572     0.0018342     0.0003730           2         392           0
    9.633     0.0017347     0.0003416           2         392           0
    9.693     0.0019078     0.0003432           2         392           0
    9.754     0.0017092     0.0003336           2       16796           0
    9.814     0.0015866     0.0003141           2       16796           0
    9.875     0.0013040     0.0003264           2         392           0
    9.935     0.0015434     0.0003265           2         392           0
    9.995     0.0017403     0.0003140           2         392           0
   10.056     0.0016231     0.0003115           2         392           0
   10.116     0.0017289     0.0002942           2         392           0
   10.177     0.0017850     0.0002891           2         392           0
   10.237     0.0015738     0.0003018           2         392           0
   10.298     0.0014041     0.0003080           2         392           0
   10.358     0.0015274     0.0003096           2         392           0
   10.419     0.0013406     0.0003410           2         392           0
   10.479     0.0014799     0.0003291           2         392           0
   10.540     0.0014087     0.0003292           2         392           0
   10.600     0.0014380     0.0003558           2         392           0
   10.661     0.0014469     0.0003408           2         392           0
   10.721     0.0014482     0.0003314           2         392           0
   10.782     0.0015516     0.0003665           2         392           0
   10.842     0.0017834     0.0003795           2         392           0
   10.903     0.0017873     0.0003107           2         392           0
   10.963     0.0020933     0.0003980           2         392           0
   11.024     0.0023181     0.0003941           2         392           0
   11.084     0.0023770     0.0003974           2         392           0
   11.145     0.0023140     0.0004300           2         392           0
   11.205     0.0022285     0.0004509           2         392           0
   11.266     0.0024502     0.0004351           2         392           0
   11.326     0.0020432     0.0004089           2         392           0
   11.387     0.0026947     0.0004174           2         412           0
   11.447     0.0032414     0.0004255           2         412           0
   11.508     0.0040633     0.0004373           2         392           0
   11.568     0.0042431     0.0004451           2         392           0
   11.628     0.0056154     0.0004361           2         392           0
   11.689     0.0084834     0.0004056           2         392           0
   11.750     0.0116929     0.0004629           2         392           0
   11.810     0.0114829     0.0004593           2         392           0
   11.870     0.0089901     0.0003594           2         392           0
   11.931     0.0073383     0.0004571           2         392           0
   11.991     0.0060048     0.0004532           2         392           0
   12.052     0.0051325     0.0004610           2         392           0
   12.112     0.0045373     0.0004683           2         392           0
   12.173     0.0040100     0.0004708           2         392           0
   12.233     0.0042910     0.0004641           2         392           0
   12.294     0.0041325     0.0004766           2         392           0
   12.354     0.0039948     0.0004673           2         392           0
   12.415     0.0043365     0.0003904           2         392           0
   12.475     0.0042431     0.0004440           2         392           0
   12.536     0.0044505     0.0004629           2         392           0
   12.596     0.0043349     0.0004295           2         392           0
   12.657     0.0043750     0.0004542           2         392           0
   12.717     0.0040871     0.0004537           2         392           0
   12.778     0.0042204     0.0004524           2         392           0
   12.838     0.0045706     0.0004554           2         392           0
   12.899     0.0048849     0.0004710           2         392           0
   12.959     0.0048378     0.0004986           2         392           0
   13.020     0.0048672     0.0004880           2         392           0
   13.080     0.0051015     0.0005244           2         392           0
   13.141     0.0056093     0.0005457           2         392           0
   13.201     0.0063281     0.0005558           2         392           0
   13.262     0.0064198     0.0005954           2         392           0
   13.322     0.0075369     0.0005745           2         392           0
   13.383     0.0095665     0.0004965           2         392           0
   13.443     0.0063588     0.0005394           2         392           0
   13.503     0.0046162     0.0005970           2         392           0
   13.564     0.0036016     0.0005950           2         392           0
   13.625     0.0033946     0.0006545           2         392           0
   13.685     0.0035973     0.0006401           2         392           0
   13.745     0.0035611     0.0006409           2         392           0
   13.806     0.0033798     0.0006606           2         392           0
   13.866     0.0031821     0.0006508           2         392           0
   13.927     0.0038574     0.0006918           2         392           0
   13.987     0.0030508     0.0007369           2         392           0
   14.048     0.0035094     0.0007413           2         392           0
   14.108     0.0038333     0.0007785           2         392           0
   14.154     0.0046401     0.0007220           3        4360           0
   14.239     0.0047722     0.0005564           3        4360           0
   14.323     0.0049994     0.0006217           3        4360           0
   14.408     0.0049573     0.0006153           3        4360           0
   14.493     0.0043520     0.0005674           3        4360           0
   14.577     0.0038307     0.0005504           3        4360           0
   14.662     0.0034840     0.0005691           3        4360           0
   14.747     0.0036180     0.0005838           3        4360           0
   14.832     0.0043876     0.0008262           3        4360           0
   14.916     0.0040154     0.0006708           3        4360           0
   15.001     0.0035120     0.0006730           3        4360           0
   15.085     0.0040957     0.0006577           3        4360           0
   15.170     0.0028449     0.0005709           3        4360           0
   15.255     0.0031430     0.0006439           3        4360           0
   15.340     0.0025281     0.0006605           3        4360           0
   15.424     0.0025703     0.0005971           3        4360           0
   15.509     0.0032714     0.0004347           3        4360           0
   15.594     0.0032056     0.0005157           3        4360           0
   15.678     0.0032675     0.0005082           3        4360           0
   15.763     0.0030090     0.0005381           3        4360           0
   15.848     0.0026773     0.0005638           3        4360           0
   15.932     0.0039718     0.0006502           3        4360           0
   16.017     0.0033189     0.0007275           3        4360           0
   16.102     0.0026738     0.0008044           3        4360           0
   16.186     0.0034576     0.0008009           3        4360           0
   16.271     0.0050525     0.0007987           3        4360           0
   16.356     0.0038463     0.0007376           3        4360           0
   16.440     0.0029355     0.0006747           3        4360           0
   16.525     0.0028259     0.0006088           3        4360           0
   16.610     0.0031970     0.0005563           3        4360           0
   16.694     0.0038628     0.0005053           3        4360           0
   16.779     0.0034745     0.0006733           3        4360           0
   16.864     0.0032072     0.0016829           3        4360           0
   16.948     0.0036992     0.0040364           3        4360           0
   17.033     0.0041119     0.0006897           3        4360           0
   17.118     0.0048834     0.0017928           3        4360           0
   17.202     0.0043975     0.0011038           3        4360           0
   17.287     0.0054024     0.0008254           3        4360           0
   17.372     0.0045731     0.0008184           3        4360           0
   17.456     0.0045657     0.0007149           3        4360           0
   17.541     0.0046634     0.0007004           3        4360           0
   17.626     0.0045274     0.0006134           3        4360           0
   17.711     0.0051391     0.0005710           3        4360           0
   17.795     0.0071773     0.0005306           3        4360           0
   17.880     0.0069818     0.0006852           3        4360           0
   17.965     0.0058406     0.0007898           3        4360           0
   18.049     0.0064341     0.0008311           3        4360           0
   18.134     0.0063859     0.0009165           3        4360           0
   18.219     0.0067337     0.0008998           3        4360           0
   18.303     0.0049931     0.0010880           3        4360           0
   18.388     0.0042294     0.0009727           3        4360           0
   18.472     0.0043431     0.0013146           3        4360           0
   18.557     0.0048306     0.0012111           3        4360           0
   18.642     0.0054150     0.0008547           3        4360           0
   18.727     0.0047103     0.0007793           3        4360           0
   18.811     0.0040859     0.0026759           3        4360           0
   18.896     0.0028256     0.0026836           3        4360           0
   18.981     0.0037902     0.0007141           3        4360           0
   19.065     0.0047024     0.0008079           3        4360           0
   19.150     0.0048374     0.0008944           3        4360           0
   19.235     0.0041820     0.0012755           3    19009600           0
   19.404     0.0075082     0.0020092           3    19009600           0
   19.573     0.0046412     0.0013327           3    19009600           0
   19.743     0.0054320     0.0013992           3    19009600           0
   19.912     0.0042143     0.0015047           3    19009600           0
   20.081     0.0048735     0.0051564           3        4360           0
   20.251     0.0044971     0.0030163           3        4360           0
   20.420     0.0055548     0.0026458           3        4360           0
   20.590     0.0055711     0.0017065           3        4360           0
   20.759     0.0058587     0.0021062           3        4360           0
   20.928     0.0059586     0.0048523           3        4360           0
   21.097     0.0050785     0.0008414           4        4360           0
   21.267     0.0060593     0.0010482           4        4360           0
   21.436     0.0066566     0.0011209           4        4360           0
   21.606     0.0056373     0.0011624           4        4360           0
   21.775     0.0054838     0.0010892           4        4360           0
   21.944     0.0066499     0.0012251           4        4360           0
   22.114     0.0065263     0.0011627           4        4360           0
   22.283     0.0055746     0.0007432           4        4360           0
   22.452     0.0054939     0.0009715           4        4360           0
   22.622     0.0067460     0.0010742           4        4360           0
   22.791     0.0068520     0.0006390           4        4360           0
   22.960     0.0068451     0.0006272           4        4360           0
   23.130     0.0061833     0.0007220           4        4360           0
   23.299     0.0063237     0.0007630           4        4360           0
   23.469     0.0069155     0.0006148           4        4360           0
   23.638     0.0071216     0.0007364           4        4360           0
   23.807     0.0072399     0.0006735           4        4360           0
   23.976     0.0069769     0.0006994           4        4360           0
   24.146     0.0072080     0.0008405           4        4360           0
   24.315     0.0073824     0.0007878           4        4360           0
   24.485     0.0074315     0.0009508           4        4360           0
   24.654     0.0078374     0.0007916           4        4360           0
   24.823     0.0083739     0.0008877           4        4360           0
   24.993     0.0079409     0.0011471           4        4360           0
   25.162     0.0076339     0.0008784           4        4360           0
   25.331     0.0085346     0.0007515           4        4360           0
   25.501     0.0080660     0.0008235           4        4360           0
   25.670     0.0079256     0.0010004           4        4360           0
   25.839     0.0090904     0.0033259           4        4360           0
   26.009     0.0083569     0.0010511           4        4360           0
   26.178     0.0086734     0.0007881           4        4360           0
   26.347     0.0083524     0.0007108           4        4360           0
   26.517     0.0092346     0.0007543           4        4360           0
   26.686     0.0095073     0.0008578           4        4360           0
   26.856     0.0092480     0.0008935           4        4360           0
   27.025     0.0102055     0.0011774           4        4360           0
   27.194     0.0104402     0.0006852           4        4360           0
   27.364     0.0098852     0.0007540           4        4360           0
   27.533     0.0101669     0.0007202           4        4360           0
   27.702     0.0100093     0.0008697           4        4360           0
   27.872     0.0095807     0.0010723           4        4360           0
   28.041     0.0089700     0.0008947           4        4360           0
   28.210     0.0073633     0.0010989           4        4360           0
   28.380     0.0104233     0.0010875           4        4360           0
   28.549     0.0114268     0.0008994           4        4360           0
   28.719     0.0113554     0.0009945           4        4360           0
   28.888     0.0112400     0.0008715           4        4360           0
   29.057     0.0115994     0.0009597           4        4360           0
   29.226     0.0113563     0.0008343           4        4360           0
   29.396     0.0114306     0.0011391           4        4360           0
   29.565     0.0118237     0.0012838           4        4360           0
   29.735     0.0130901     0.0009576           4        4360           0
   29.904     0.0129221     0.0010645           4        4360           0
   30.073     0.0124356     0.0009605           4        4360           0
   30.243     0.0120664     0.0009817           4        4360           0
   30.412     0.0127994     0.0015165           4        4360           0
   30.581     0.0140341     0.0157258           4        4360           0
   30.751     0.0137735     0.0014335           4        4360           0
   30.920     0.0149949     0.0013293           4        4360           0
   31.089     0.0135673     0.0012362           4        4360           0
   31.259     0.0142921     0.0012829           4        4360           0
   31.428     0.0132659     0.0010773           4        4360           0
   31.597     0.0134038     0.0011656           4        4360           0
   31.767     0.0143427     0.0010875           4        4360           0
   31.936     0.0143003     0.0011290           4        4360           0
   32.105     0.0132661     0.0013452           4        4360           0
   32.275     0.0135685     0.0014206           4        4360           0
   32.444     0.0145797     0.0018946           4        4360           0
   32.614     0.0144955     0.0034018           4        4360           0
   32.783     0.0163958     0.0017410           4        4360           0
   32.952     0.0141612     0.0012594           4        4360           0
   33.122     0.0149650     0.0040548           4        4360           0
   33.291     0.0161293     0.0021786           4        4360           0
   33.460     0.0187093     0.0021331           4        4360           0
   33.630     0.0180474     0.0021084           4        4360           0
   33.799     0.0179130     0.0023135           4        4360           0
   33.968     0.0195261     0.0026777           4        4360           0
   34.138     0.0168689     0.0027357           4        4360           0
   34.307     0.0166738     0.0028809           4        4360           0
   34.477     0.0180324     0.0028783           4        4360           0
   34.646     0.0213732     0.0022061           4        4360           0
   34.815     0.0252177     0.0038786           4        4360           0
   34.985     0.0295425     0.0156379           4        4360           0
   35.154     0.0236482     0.0056216           4        4360           0
   35.323     0.0290365     0.0066950           4        4360           0
   35.493     0.0239868     0.0098339           4        4360           0
   35.662     0.0159165     0.0064228           4        4360           0
   35.831     0.0204629     0.0090596           4        4360           0
   36.001     0.0142204     0.0098910           4        4360           0
   36.170     0.0198679     0.0047563           4        4360           0
   36.339     0.0294862     0.0073601           4        4360           0
   36.509     0.0351065     0.0117874           4        4360           0
   36.678     0.0309666     0.0095452           4        4360           0
   36.847     0.0224304     0.0069178           4        4360           0
   37.017     0.0209112     0.0119568           4        4360           0
   37.186     0.0185872     0.0062793           4        4360           0
   37.355     0.0190399     0.0063371           4        4360           0
   37.525     0.0222164     0.0061862           4        4360           0
   37.694     0.0188892     0.0078961           4        4360           0
   37.864     0.0163094     0.0259261           4        4360           0
   38.033    -0.0215061     0.0777414           4        4360           0
   38.202    -0.0436936     0.1037885           4        4360           0
   38.372     0.0269026     0.0196016           4        4360           0
   38.541     0.0616515     0.0365525           4        4360           0
   38.710     0.0171946     0.0188664           4        4360           0
   38.880    -0.0073880     0.0218078           4        4360           0
   39.049     0.0060710     0.1600991           4        4360           0
   39.218     0.0084025     0.0581784           4        4360           0
   39.388     0.0117439     0.0207703           4        4360           0
   39.557     0.0071643     0.0189008           4        4360           0
   39.727     0.0064072     0.0198864           4        4360           0
   39.896     0.0039536     0.0239242           4        4488           0
   40.065     0.0062126     0.0119096           4        4488           0
   40.235     0.0036200     0.0055828           4        4488           0
   40.404     0.0003024     0.0023911           4        4488           0
   40.573    -0.0002061     0.0009909           4        4488           0
   40.743     0.0000804     0.0007486           4        4508           0
   40.912     0.0000038     0.0004197           4        4488           0
   41.081    -0.0002599     0.0002855           4        4488           0
   41.251    -0.0000568     0.0002421           4        4488           0
   41.420     0.0000730     0.0003507           4        4488           0
   41.589    -0.0004601     0.0005001           4        4488           0
   41.759    -0.0003197     0.0005112           4        4488           0
   41.928     0.0000507     0.0012874           4        4508           0
   42.097     0.0003736     0.0006347           4        4508           0
   42.267     0.0008512     0.0017752           4        4488           0
