wave flux error channelflag bitflag stitchflag
    5.127    -0.0003879     0.0032607           1         392           0
    5.157    -0.0006020     0.0019331           1         136           0
    5.187    -0.0000989     0.0009684           1         136           0
    5.217    -0.0000051     0.0005554           1         136           0
    5.247    -0.0000225     0.0005420           1         136           0
    5.278     0.0003801     0.0005996           1         136           0
    5.308     0.0003170     0.0005963           1         136           0
    5.338     0.0003567     0.0005500           1         392           0
    5.368     0.0001881     0.0005967           1         392           0
    5.399     0.0002515     0.0005531           1       16776           0
    5.429     0.0001007     0.0005899           1       16796           0
    5.459     0.0002081     0.0005690           1       16796           0
    5.489     0.0002182     0.0005020           1         392           0
    5.520    -0.0001229     0.0005324           1         392           0
    5.550     0.0006366     0.0005337           1         392           0
    5.580     0.0002356     0.0005238           1         392           0
    5.610     0.0001057     0.0004650           1         392           0
    5.641     0.0002909     0.0004988           1        8468           0
    5.671     0.0002058     0.0004964           1        8468           0
    5.701     0.0004646     0.0004546           1         392           0
    5.731     0.0001095     0.0004551           1         392           0
    5.762     0.0003387     0.0004887           1         412           0
    5.792     0.0002405     0.0004815           1         412           0
    5.822     0.0002615     0.0004724           1         392           0
    5.852     0.0002473     0.0005256           1         392           0
    5.883     0.0000913     0.0005570           1         392           0
    5.913     0.0002096     0.0005417           1         136           0
    5.943     0.0002532     0.0005004           1         136           0
    5.973     0.0001237     0.0005078           1         136           0
    6.004     0.0002036     0.0005091           1         136           0
    6.034     0.0002806     0.0004985           1         136           0
    6.064     0.0003042     0.0004529           1         392           0
    6.094     0.0002802     0.0004551           1         392           0
    6.125     0.0004030     0.0004684           1         392           0
    6.155     0.0004527     0.0004602           1         392           0
    6.185     0.0003311     0.0004878           1         392           0
    6.215     0.0003137     0.0004165           1         392           0
    6.245     0.0000433     0.0004644           1         392           0
    6.276     0.0002687     0.0004349           1         392           0
    6.306     0.0002325     0.0004608           1         392           0
    6.336     0.0001629     0.0004941           1         392           0
    6.366     0.0002129     0.0005373           1         392           0
    6.397     0.0003783     0.0005503           1         392           0
    6.427     0.0005196     0.0005462           1         392           0
    6.457     0.0002811     0.0005173           1         392           0
    6.487     0.0005172     0.0005620           1         392           0
    6.518     0.0005573     0.0006108           1         392           0
    6.548     0.0004987     0.0006112           1         392           0
    6.578     0.0006663     0.0007251           1         392           0
    6.608     0.0007164     0.0007201           1         392           0
    6.639     0.0008002     0.0007347           1         136           0
    6.669     0.0006554     0.0006651           1         136           0
    6.699     0.0017197     0.0005438           1         136           0
    6.729     0.0023097     0.0005669           1         136           0
    6.760     0.0032543     0.0004873           1         136           0
    6.790     0.0032381     0.0005376           1         392           0
    6.820     0.0024129     0.0006583           1         392           0
    6.850     0.0016496     0.0007945           1         392           0
    6.881     0.0010783     0.0008459           1         392           0
    6.911     0.0010325     0.0008091           1         392           0
    6.941     0.0007969     0.0008610           1         392           0
    6.971     0.0007260     0.0008505           1         392           0
    7.002     0.0005158     0.0008541           1         392           0
    7.032     0.0006073     0.0009013           1         392           0
    7.062     0.0006816     0.0009257           1         392           0
    7.092     0.0007328     0.0008013           1         392           0
    7.122     0.0004896     0.0008964           1         392           0
    7.153     0.0005330     0.0008261           1         392           0
    7.183     0.0000877     0.0008123           1         392           0
    7.213     0.0004151     0.0008094           1         392           0
    7.243     0.0004753     0.0008123           1         392           0
    7.274     0.0009755     0.0008694           1         392           0
    7.304     0.0027340     0.0007723           1         392           0
    7.334     0.0010751     0.0008902           1       53312           0
    7.395     0.0004861     0.0012650           1       18496           0
    7.455     0.0004997     0.0010689           1       18496           0
    7.516     0.0004843     0.0010495           1       53312           0
    7.576     0.0010641     0.0013830           1      153664           0
    7.637     0.0009914     0.0005655           1         392           0
    7.697     0.0009034     0.0005185           1         392           0
    7.758     0.0007714     0.0005115           1         392           0
    7.818     0.0013797     0.0004416           1         392           0
    7.879     0.0012365     0.0005079           1         392           0
    7.939     0.0010009     0.0006513           1         392           0
    8.000     0.0015471     0.0005454           1         392           0
    8.060     0.0022497     0.0004700           1         392           0
    8.120     0.0024130     0.0003978           1         392           0
    8.181     0.0021904     0.0004062           1         392           0
    8.241     0.0035135     0.0003376           1         392           0
    8.302     0.0037513     0.0003590           1         392           0
    8.362     0.0039265     0.0003326           1       16796           0
    8.423     0.0039447     0.0003710           1       16796           0
    8.483     0.0038657     0.0004092           1       16792           0
    8.544     0.0033828     0.0007469           1       16776           0
    8.604     0.0020504     0.0002857           2         392           0
    8.665     0.0023950     0.0002070           2         392           0
    8.725     0.0025997     0.0003327           2         392           0
    8.786     0.0017139     0.0002506           2         392           0
    8.846     0.0023115     0.0003040           2         392           0
    8.907     0.0014713     0.0002680           2         392           0
    8.967     0.0012140     0.0002916           2         392           0
    9.028     0.0019873     0.0003151           2         136           0
    9.088     0.0025302     0.0002525           2         136           0
    9.149     0.0021754     0.0003527           2         136           0
    9.209     0.0021737     0.0003377           2         136           0
    9.270     0.0026978     0.0002759           2         136           0
    9.330     0.0026981     0.0003538           2         136           0
    9.391     0.0029798     0.0003654           2         392           0
    9.451     0.0024536     0.0003749           2         392           0
    9.512     0.0021459     0.0003493           2         392           0
    9.572     0.0013312     0.0003326           2         392           0
    9.633     0.0014435     0.0003172           2         392           0
    9.693     0.0012602     0.0003286           2         392           0
    9.754     0.0013215     0.0003602           2       16796           0
    9.814     0.0009861     0.0003504           2       16796           0
    9.875     0.0009112     0.0003238           2         392           0
    9.935     0.0006719     0.0003323           2         392           0
    9.995     0.0006924     0.0002587           2         392           0
   10.056     0.0008642     0.0002927           2         392           0
   10.116     0.0010381     0.0002670           2         392           0
   10.177     0.0007883     0.0002598           2         392           0
   10.237     0.0006596     0.0002945           2         392           0
   10.298     0.0006722     0.0003090           2         392           0
   10.358     0.0005569     0.0003195           2         392           0
   10.419     0.0007316     0.0003191           2         392           0
   10.479     0.0009283     0.0003009           2         392           0
   10.540     0.0011062     0.0002864           2         392           0
   10.600     0.0009716     0.0002709           2         392           0
   10.661     0.0010205     0.0002657           2         392           0
   10.721     0.0010299     0.0002921           2         392           0
   10.782     0.0011238     0.0002957           2         392           0
   10.842     0.0007687     0.0003618           2         392           0
   10.903     0.0008004     0.0003269           2         392           0
   10.963     0.0009170     0.0003159           2         392           0
   11.024     0.0004246     0.0003822           2         392           0
   11.084     0.0006352     0.0004025           2         392           0
   11.145     0.0005420     0.0003954           2         392           0
   11.205     0.0005642     0.0004342           2         392           0
   11.266     0.0009310     0.0003392           2         392           0
   11.326     0.0008126     0.0003667           2         392           0
   11.387     0.0008713     0.0003727           2         412           0
   11.447     0.0010536     0.0003761           2         412           0
   11.508     0.0012792     0.0003921           2         392           0
   11.568     0.0009354     0.0004697           2         392           0
   11.628     0.0011990     0.0004099           2         392           0
   11.689     0.0012739     0.0004028           2         392           0
   11.750     0.0007203     0.0004872           2         392           0
   11.810     0.0015716     0.0004101           2         392           0
   11.870     0.0016866     0.0004077           2         392           0
   11.931     0.0011014     0.0004663           2         392           0
   11.991     0.0018099     0.0004035           2         392           0
   12.052     0.0020122     0.0004070           2         392           0
   12.112     0.0025181     0.0004207           2         392           0
   12.173     0.0041962     0.0004076           2         392           0
   12.233     0.0062451     0.0004389           2         392           0
   12.294     0.0060985     0.0004271           2         392           0
   12.354     0.0049572     0.0004490           2         392           0
   12.415     0.0038819     0.0004481           2         392           0
   12.475     0.0034045     0.0004338           2         392           0
   12.536     0.0026770     0.0004184           2         392           0
   12.596     0.0026844     0.0003738           2         392           0
   12.657     0.0021521     0.0003699           2         392           0
   12.717     0.0016837     0.0003669           2         392           0
   12.778     0.0017630     0.0003689           2         392           0
   12.838     0.0018518     0.0003759           2         392           0
   12.899     0.0020557     0.0004013           2         392           0
   12.959     0.0023873     0.0004044           2         392           0
   13.020     0.0024005     0.0004026           2         392           0
   13.080     0.0024097     0.0004077           2         392           0
   13.141     0.0020516     0.0004530           2         392           0
   13.201     0.0015171     0.0005287           2         392           0
   13.262     0.0017009     0.0004614           2         392           0
   13.322     0.0024319     0.0004572           2         392           0
   13.383     0.0025686     0.0004616           2         392           0
   13.443     0.0024497     0.0004805           2         392           0
   13.503     0.0024568     0.0005243           2         392           0
   13.564     0.0029375     0.0005043           2         392           0
   13.625     0.0028167     0.0004939           2         392           0
   13.685     0.0032568     0.0005471           2         392           0
   13.745     0.0036763     0.0006027           2         392           0
   13.806     0.0032289     0.0005760           2         392           0
   13.866     0.0035329     0.0006075           2         392           0
   13.927     0.0051492     0.0006393           2         392           0
   13.987     0.0059433     0.0006331           2         392           0
   14.048     0.0033901     0.0006642           2         392           0
   14.154     0.0026081     0.0005101           3        4360           0
   14.239     0.0022941     0.0004423           3        4360           0
   14.323     0.0021351     0.0004788           3        4360           0
   14.408     0.0020394     0.0004332           3        4360           0
   14.493     0.0022266     0.0003668           3        4360           0
   14.577     0.0020588     0.0006880           3        4360           0
   14.662     0.0024015     0.0009015           3        4360           0
   14.747     0.0017169     0.0003590           3        4360           0
   14.832     0.0025279     0.0004708           3        4360           0
   14.916     0.0019370     0.0005133           3        4360           0
   15.001     0.0019581     0.0005979           3        4360           0
   15.085     0.0018678     0.0005029           3        4360           0
   15.170     0.0019819     0.0004196           3        4360           0
   15.255     0.0015044     0.0017265           3        4360           0
   15.340     0.0016367     0.0006035           3        4360           0
   15.424     0.0016297     0.0004276           3        4360           0
   15.509     0.0021090     0.0003818           3        4360           0
   15.594     0.0019739     0.0004126           3        4360           0
   15.678     0.0014816     0.0004328           3        4360           0
   15.763     0.0016048     0.0004146           3        4360           0
   15.848     0.0020297     0.0003820           3        4360           0
   15.932     0.0018131     0.0005233           3        4360           0
   16.017     0.0015407     0.0005400           3        4360           0
   16.102     0.0012818     0.0005652           3        4360           0
   16.186     0.0019532     0.0004932           3        4360           0
   16.271     0.0019203     0.0005885           3        4360           0
   16.356     0.0014197     0.0005734           3        4360           0
   16.440     0.0012949     0.0005562           3        4360           0
   16.525     0.0011152     0.0004642           3        4360           0
   16.610     0.0015531     0.0004134           3        4360           0
   16.694     0.0012573     0.0003798           3        4360           0
   16.779     0.0013765     0.0004714           3        4360           0
   16.864     0.0017970     0.0005621           3        4360           0
   16.948     0.0020562     0.0006677           3        4360           0
   17.033     0.0023607     0.0005310           3        4360           0
   17.118     0.0027071     0.0010511           3        4360           0
   17.202     0.0021001     0.0008070           3        4360           0
   17.287     0.0020772     0.0005717           3        4360           0
   17.372     0.0015289     0.0005801           3        4360           0
   17.456     0.0014181     0.0006120           3        4360           0
   17.541     0.0020656     0.0005189           3        4360           0
   17.626     0.0025004     0.0004742           3        4360           0
   17.711     0.0024188     0.0005559           3        4360           0
   17.795     0.0029487     0.0005845           3        4360           0
   17.880     0.0032827     0.0005381           3        4360           0
   17.965     0.0038008     0.0005689           3        4360           0
   18.049     0.0042207     0.0005989           3        4360           0
   18.134     0.0032205     0.0006054           3        4360           0
   18.219     0.0030871     0.0006849           3        4360           0
   18.303     0.0033626     0.0007442           3        4360           0
   18.388     0.0036138     0.0008261           3        4360           0
   18.472     0.0041194     0.0007733           3        4360           0
   18.557     0.0048586     0.0008036           3        4360           0
   18.642     0.0050566     0.0006338           3        4360           0
   18.727     0.0034999     0.0006388           3        4360           0
   18.811     0.0035581     0.0006693           3        4360           0
   18.896     0.0039524     0.0006798           3        4360           0
   18.981     0.0039494     0.0006441           3        4360           0
   19.065     0.0033546     0.0006390           3        4360           0
   19.150     0.0028807     0.0007854           3        4360           0
   19.235     0.0015329     0.0010829           3    19009600           0
   19.404     0.0034757     0.0015668           3    19009600           0
   19.573     0.0033046     0.0025199           3    19009600           0
   19.743     0.0020501     0.0021532           3    19009600           0
   19.912     0.0016304     0.0012080           3    19009600           0
   20.081     0.0018899     0.0032992           3        4360           0
   20.251     0.0031090     0.0018086           3        4360           0
   20.420     0.0042962     0.0013729           3        4360           0
   20.590     0.0032903     0.0012825           3        4360           0
   20.759     0.0023559     0.0015903           3        4360           0
   20.928     0.0019968     0.0029754           3        4360           0
   21.097     0.0019118     0.0006372           4        4360           0
   21.267     0.0027874     0.0006558           4        4360           0
   21.436     0.0024250     0.0008190           4        4360           0
   21.606     0.0027733     0.0008094           4        4360           0
   21.775     0.0025100     0.0007528           4        4360           0
   21.944     0.0026604     0.0006268           4        4360           0
   22.114     0.0024871     0.0008051           4        4360           0
   22.283     0.0028176     0.0005056           4        4360           0
   22.452     0.0026513     0.0006676           4        4360           0
   22.622     0.0031200     0.0027417           4        4360           0
   22.791     0.0031440     0.0007610           4        4360           0
   22.960     0.0030391     0.0004349           4        4360           0
   23.130     0.0027508     0.0005478           4        4360           0
   23.299     0.0030270     0.0006979           4        4360           0
   23.469     0.0030504     0.0012316           4        4360           0
   23.638     0.0033084     0.0009102           4        4360           0
   23.807     0.0033069     0.0005251           4        4360           0
   23.976     0.0032484     0.0004893           4        4360           0
   24.146     0.0035609     0.0005626           4        4360           0
   24.315     0.0037676     0.0005047           4        4360           0
   24.485     0.0041711     0.0005073           4        4360           0
   24.654     0.0044805     0.0005258           4        4360           0
   24.823     0.0036675     0.0006757           4        4360           0
   24.993     0.0037616     0.0007390           4        4360           0
   25.162     0.0037434     0.0005972           4        4360           0
   25.331     0.0041118     0.0006772           4        4360           0
   25.501     0.0037953     0.0005975           4        4360           0
   25.670     0.0043470     0.0007764           4        4360           0
   25.839     0.0036190     0.0020076           4        4360           0
   26.009     0.0043875     0.0007583           4        4360           0
   26.178     0.0045815     0.0006556           4        4360           0
   26.347     0.0045851     0.0005060           4        4360           0
   26.517     0.0045260     0.0004489           4        4360           0
   26.686     0.0039592     0.0006107           4        4360           0
   26.856     0.0039301     0.0006076           4        4360           0
   27.025     0.0042410     0.0005887           4        4360           0
   27.194     0.0046116     0.0005798           4        4360           0
   27.364     0.0044164     0.0004545           4        4360           0
   27.533     0.0044410     0.0005256           4        4360           0
   27.702     0.0042818     0.0011855           4        4360           0
   27.872     0.0043031     0.0031420           4        4360           0
   28.041     0.0043356     0.0007440           4        4360           0
   28.210     0.0050927     0.0007703           4        4360           0
   28.380     0.0052570     0.0007497           4        4360           0
   28.549     0.0038196     0.0006246           4        4360           0
   28.719     0.0052712     0.0019832           4        4360           0
   28.888     0.0054045     0.0005232           4        4360           0
   29.057     0.0046785     0.0006756           4        4360           0
   29.226     0.0048956     0.0007720           4        4360           0
   29.396     0.0050811     0.0009808           4        4360           0
   29.565     0.0050021     0.0021053           4        4360           0
   29.735     0.0057245     0.0006660           4        4360           0
   29.904     0.0067773     0.0009014           4        4360           0
   30.073     0.0054929     0.0006748           4        4360           0
   30.243     0.0053053     0.0007106           4        4360           0
   30.412     0.0055051     0.0025636           4        4360           0
   30.581     0.0060408     0.0080687           4        4360           0
   30.751     0.0061546     0.0009517           4        4360           0
   30.920     0.0058877     0.0010138           4        4360           0
   31.089     0.0044405     0.0009377           4        4360           0
   31.259     0.0055817     0.0009201           4        4360           0
   31.428     0.0071475     0.0005385           4        4360           0
   31.597     0.0062023     0.0008181           4        4360           0
   31.767     0.0065297     0.0008272           4        4360           0
   31.936     0.0062496     0.0008787           4        4360           0
   32.105     0.0056460     0.0009622           4        4360           0
   32.275     0.0054838     0.0011075           4        4360           0
   32.444     0.0063338     0.0012592           4        4360           0
   32.614     0.0074281     0.0012931           4        4360           0
   32.783     0.0073797     0.0013154           4        4360           0
   32.952     0.0068335     0.0031062           4        4360           0
   33.122     0.0069840     0.0016466           4        4360           0
   33.291     0.0077317     0.0015562           4        4360           0
   33.460     0.0082350     0.0015551           4        4360           0
   33.630     0.0077016     0.0014866           4        4360           0
   33.799     0.0079100     0.0017086           4        4360           0
   33.968     0.0079681     0.0018586           4        4360           0
   34.138     0.0082038     0.0019562           4        4360           0
   34.307     0.0058621     0.0019172           4        4360           0
   34.477     0.0049986     0.0020680           4        4360           0
   34.646     0.0068276     0.0018197           4        4360           0
   34.815     0.0071058     0.0025268           4        4360           0
   34.985     0.0053217     0.0088534           4        4360           0
   35.154     0.0077761     0.0031212           4        4360           0
   35.323     0.0082786     0.0044930           4        4360           0
   35.493     0.0075820     0.0253053           4        4360           0
   35.662     0.0060588     0.0078260           4        4360           0
   35.831     0.0083152     0.0028121           4        4360           0
   36.001     0.0102363     0.0027908           4        4360           0
   36.170     0.0118082     0.0050743           4        4360           0
   36.339     0.0122037     0.0093423           4        4360           0
   36.509     0.0172750     0.0095322           4        4360           0
   36.678     0.0169448     0.0056513           4        4360           0
   36.847     0.0110578     0.0055458           4        4360           0
   37.017     0.0062303     0.0083944           4        4360           0
   37.186     0.0084863     0.0111814           4        4360           0
   37.355     0.0084023     0.0060082           4        4360           0
   37.525     0.0091744     0.0044232           4        4360           0
   37.694     0.0092449     0.0048709           4        4360           0
   37.864     0.0139922     0.0076346           4        4360           0
   38.033     0.0185941     0.0214233           4        4360           0
   38.202     0.0122172     0.0332267           4        4360           0
   38.372     0.0119048     0.0138033           4        4360           0
   38.541     0.0114746     0.0226429           4        4360           0
   38.710     0.0097055     0.0162176           4        4360           0
   38.880    -0.0021827     0.0140281           4        4360           0
   39.049     0.0064244     0.0340274           4        4360           0
   39.218     0.0088713     0.0160690           4        4360           0
   39.388     0.0120874     0.0103594           4        4360           0
   39.557     0.0077830     0.0100842           4        4360           0
   39.727    -0.0026208     0.0122951           4        4360           0
   39.896    -0.0070128     0.0146244           4        4488           0
   40.065     0.0003238     0.0084898           4        4488           0
   40.235    -0.0001204     0.0044126           4        4488           0
   40.404     0.0001863     0.0017874           4        4488           0
   40.573     0.0002165     0.0008178           4        4488           0
   40.743    -0.0001354     0.0005487           4        4508           0
   40.912    -0.0000374     0.0003807           4        4488           0
   41.081    -0.0000049     0.0002569           4        4488           0
   41.251     0.0000173     0.0002023           4        4488           0
   41.420    -0.0000411     0.0002703           4        4488           0
   41.589    -0.0004171     0.0003016           4        4488           0
   41.759    -0.0009380     0.0001670           4        4488           0
   41.928    -0.0002823     0.0009081           4        4508           0
   42.097    -0.0000635     0.0006151           4        4508           0
   42.267    -0.0005446     0.0007289           4        4488           0
