wave flux error channelflag bitflag stitchflag
    5.127     0.0011543     0.0113804           1         392           0
    5.157     0.0061035     0.0177138           1         136           0
    5.187     0.0018543     0.0167687           1         136           0
    5.217     0.0017621     0.0073702           1         136           0
    5.247     0.0007677     0.0434765           1         136           0
    5.278     0.0007240     0.0075730           1         136           0
    5.308     0.0008316     0.0157137           1         136           0
    5.338    -0.0028914     0.0253789           1         392           0
    5.368     0.0003548     0.0121722           1         392           0
    5.399     0.0009746     0.0059981           1       16776           0
    5.429     0.0016978     0.0059149           1       16796           0
    5.459     0.0025261     0.0144457           1       16796           0
    5.489     0.0020102     0.0180157           1         392           0
    5.520    -0.0031225     0.0240097           1         392           0
    5.550     0.0015851     0.0206222           1         392           0
    5.580     0.0009499     0.0241397           1         392           0
    5.610    -0.0005966     0.0247521           1         392           0
    5.641     0.0000431     0.0207057           1        8468           0
    5.671     0.0038046     0.0207521           1        8468           0
    5.701     0.0030333     0.0230183           1         392           0
    5.731     0.0013980     0.0237269           1         392           0
    5.762     0.0003534     0.0209360           1         412           0
    5.792    -0.0006623     0.0207161           1         412           0
    5.822    -0.0011408     0.0214460           1         392           0
    5.852     0.0004689     0.0247741           1         392           0
    5.883     0.0016310     0.0207625           1         392           0
    5.913    -0.0007149     0.0192335           1         136           0
    5.943     0.0009288     0.0199190           1         136           0
    5.973     0.0010342     0.0209481           1         136           0
    6.004    -0.0004322     0.0245484           1         136           0
    6.034     0.0004437     0.0268577           1         136           0
    6.064     0.0009131     0.0195675           1         392           0
    6.094     0.0008491     0.0123209           1         392           0
    6.125     0.0006407     0.0121356           1         392           0
    6.155     0.0000871     0.0171906           1         392           0
    6.185    -0.0019121     0.0137290           1         392           0
    6.215    -0.0003542     0.0177794           1         392           0
    6.245     0.0002042     0.0202153           1         392           0
    6.276     0.0044800     0.0272872           1         392           0
    6.306     0.0003289     0.0337794           1         392           0
    6.336    -0.0006579     0.0266633           1         392           0
    6.366     0.0011575     0.0258589           1         392           0
    6.397     0.0012658     0.0035955           1         392           0
    6.427    -0.0000406     0.0114610           1         392           0
    6.457     0.0000034     0.0093238           1         392           0
    6.487    -0.0004686     0.0227467           1         392           0
    6.518    -0.0007796     0.0117099           1         392           0
    6.548     0.0003759     0.0057492           1         392           0
    6.578    -0.0002856     0.0049332           1         392           0
    6.608     0.0011569     0.0085413           1         392           0
    6.639     0.0002367     0.0083827           1         136           0
    6.669     0.0013085     0.0176867           1         136           0
    6.699    -0.0002256     0.0150547           1         136           0
    6.729    -0.0000608     0.0091215           1         136           0
    6.760     0.0005888     0.0087346           1         136           0
    6.790    -0.0000161     0.0096655           1         392           0
    6.820     0.0005619     0.0106193           1         392           0
    6.850     0.0001385     0.0139487           1         392           0
    6.881    -0.0010568     0.0114161           1         392           0
    6.911    -0.0016224     0.0100871           1         392           0
    6.941     0.0014998     0.0104271           1         392           0
    6.971     0.0014208     0.0116177           1         392           0
    7.002     0.0023107     0.0132260           1         392           0
    7.032     0.0015310     0.0139256           1         392           0
    7.062     0.0023440     0.0150546           1         392           0
    7.092     0.0013052     0.0209583           1         392           0
    7.122     0.0017236     0.0233162           1         392           0
    7.153     0.0021506     0.0225991           1         392           0
    7.183     0.0016537     0.0206577           1         392           0
    7.213     0.0011162     0.0224620           1         392           0
    7.243     0.0011665     0.0254559           1         392           0
    7.274    -0.0013651     0.0229823           1         392           0
    7.304    -0.0030001     0.0287136           1         392           0
    7.334    -0.0005328     0.1832376           1       53312           0
    7.395     0.0027859     0.0384743           1       18496           0
    7.455     0.0057527     0.1829421           1       18496           0
    7.516     0.0048588     0.1824764           1       53312           0
    7.576     0.0023640     0.0154411           1      153664           0
    7.637     0.0022984     0.0184941           1         392           0
    7.697     0.0102747     0.0269519           1         392           0
    7.758     0.0021174     0.0342363           1         392           0
    7.818    -0.0010039     0.0471932           1         392           0
    7.879     0.0003447     0.0212407           1         392           0
    7.939     0.0013265     0.0216104           1         392           0
    8.000    -0.0005355     0.0314740           1         392           0
    8.060    -0.0019430     0.0265121           1         392           0
    8.120     0.0004654     0.0144216           1         392           0
    8.181    -0.0002338     0.0077068           1         392           0
    8.241    -0.0010982     0.0212561           1         392           0
    8.302     0.0010852     0.0347837           1         392           0
    8.362     0.0001633     0.0109729           1       16796           0
    8.423     0.0013768     0.0103843           1       16796           0
    8.483     0.0023260     0.0211543           1       16792           0
    8.544     0.0059910     0.3465348           1       16776           0
    8.604    -0.0014066     0.1526523           2         392           0
    8.665     0.0019699     0.1096438           2         392           0
    8.725     0.0006036     0.0144938           2         392           0
    8.786     0.0057774     0.0040462           2         392           0
    8.846     0.0048661     0.0032602           2         392           0
    8.907     0.0049448     0.0040245           2         392           0
    8.967     0.0045136     0.0058558           2         392           0
    9.028     0.0042953     0.0061527           2         136           0
    9.088     0.0039457     0.0066966           2         136           0
    9.149     0.0036595     0.0067183           2         136           0
    9.209     0.0029828     0.0060025           2         136           0
    9.270     0.0036132     0.0058639           2         136           0
    9.330     0.0039207     0.0064409           2         136           0
    9.391     0.0035103     0.0069065           2         392           0
    9.451     0.0028796     0.0065100           2         392           0
    9.512     0.0036068     0.0061285           2         392           0
    9.572     0.0037433     0.0067437           2         392           0
    9.633     0.0038351     0.0068839           2         392           0
    9.693     0.0043782     0.0066913           2         392           0
    9.754     0.0049728     0.0049602           2       16796           0
    9.814     0.0046848     0.0048725           2       16796           0
    9.875     0.0028123     0.0047960           2         392           0
    9.935     0.0025064     0.0049823           2         392           0
    9.995     0.0026170     0.0049012           2         392           0
   10.056     0.0024051     0.0041520           2         392           0
   10.116     0.0018669     0.0046839           2         392           0
   10.177     0.0017503     0.0042356           2         392           0
   10.237     0.0023477     0.0028533           2         392           0
   10.298     0.0020856     0.0028920           2         392           0
   10.358     0.0020166     0.0022441           2         392           0
   10.419     0.0015275     0.0029814           2         392           0
   10.479     0.0020583     0.0028618           2         392           0
   10.540     0.0014938     0.0033728           2         392           0
   10.600     0.0015053     0.0031476           2         392           0
   10.661     0.0012515     0.0028287           2         392           0
   10.721     0.0009729     0.0025264           2         392           0
   10.782     0.0013468     0.0029993           2         392           0
   10.842     0.0006794     0.0030199           2         392           0
   10.903     0.0010441     0.0027290           2         392           0
   10.963     0.0005892     0.0022840           2         392           0
   11.024     0.0006234     0.0022151           2         392           0
   11.084     0.0010410     0.0016967           2         392           0
   11.145     0.0006323     0.0016176           2         392           0
   11.205     0.0010178     0.0015234           2         392           0
   11.266     0.0009802     0.0014634           2         392           0
   11.326     0.0008794     0.0014479           2         392           0
   11.387     0.0010390     0.0014187           2         412           0
   11.447     0.0007031     0.0013895           2         412           0
   11.508     0.0006995     0.0014311           2         392           0
   11.568     0.0009994     0.0013732           2         392           0
   11.628     0.0005913     0.0013067           2         392           0
   11.689    -0.0000031     0.0012281           2         392           0
   11.750     0.0005847     0.0012733           2         392           0
   11.810     0.0008682     0.0012733           2         392           0
   11.870     0.0007914     0.0012267           2         392           0
   11.931     0.0005705     0.0012591           2         392           0
   11.991     0.0005055     0.0012719           2         392           0
   12.052     0.0016490     0.0012391           2         392           0
   12.112     0.0013876     0.0012232           2         392           0
   12.173     0.0004316     0.0012333           2         392           0
   12.233     0.0010796     0.0013566           2         392           0
   12.294     0.0017028     0.0014150           2         392           0
   12.354     0.0024146     0.0012862           2         392           0
   12.415     0.0026420     0.0013067           2         392           0
   12.475     0.0027213     0.0011941           2         392           0
   12.536     0.0024704     0.0011469           2         392           0
   12.596     0.0039931     0.0010878           2         392           0
   12.657     0.0067271     0.0011203           2         392           0
   12.717     0.0072921     0.0011144           2         392           0
   12.778     0.0077538     0.0010902           2         392           0
   12.838     0.0060901     0.0011502           2         392           0
   12.899     0.0054137     0.0011038           2         392           0
   12.959     0.0048589     0.0010990           2         392           0
   13.020     0.0045458     0.0012446           2         392           0
   13.080     0.0044613     0.0012544           2         392           0
   13.141     0.0019401     0.0013134           2         392           0
   13.201     0.0031961     0.0012988           2         392           0
   13.262     0.0029809     0.0012679           2         392           0
   13.322     0.0029911     0.0012119           2         392           0
   13.383     0.0023397     0.0013808           2         392           0
   13.443     0.0026375     0.0013324           2         392           0
   13.503     0.0025513     0.0013371           2         392           0
   13.564     0.0020947     0.0014678           2         392           0
   13.625     0.0029092     0.0013448           2         392           0
   13.685     0.0027728     0.0013893           2         392           0
   13.745     0.0030087     0.0013552           2         392           0
   13.806     0.0025628     0.0013417           2         392           0
   13.866     0.0031870     0.0013182           2         392           0
   13.927     0.0029801     0.0013050           2         392           0
   13.987     0.0025270     0.0012712           2         392           0
   14.048     0.0032361     0.0013490           2         392           0
   14.108     0.0046637     0.0011950           2         392           0
   14.169     0.0037027     0.0014257           2         392           0
   14.229     0.0035116     0.0016171           2         392           0
   14.323     0.0038794     0.0003414           3        4360           0
   14.408     0.0050525     0.0003274           3        4360           0
   14.493     0.0055586     0.0003540           3        4360           0
   14.577     0.0041676     0.0003625           3        4360           0
   14.662     0.0026649     0.0004053           3        4360           0
   14.747     0.0020564     0.0004553           3        4360           0
   14.832     0.0019157     0.0005713           3        4360           0
   14.916     0.0015846     0.0004958           3        4360           0
   15.001     0.0016545     0.0004781           3        4360           0
   15.085     0.0014642     0.0004457           3        4360           0
   15.170     0.0015893     0.0004297           3        4360           0
   15.255     0.0016514     0.0004595           3        4360           0
   15.340     0.0011052     0.0003840           3        4360           0
   15.424     0.0018366     0.0003653           3        4360           0
   15.509     0.0020861     0.0003314           3        4360           0
   15.594     0.0017126     0.0003501           3        4360           0
   15.678     0.0014540     0.0003788           3        4360           0
   15.763     0.0014749     0.0003536           3        4360           0
   15.848     0.0012495     0.0003828           3        4360           0
   15.932     0.0016755     0.0005110           3        4360           0
   16.017     0.0014456     0.0005012           3        4360           0
   16.102     0.0022197     0.0004651           3        4360           0
   16.186     0.0014641     0.0005146           3        4360           0
   16.271     0.0014086     0.0005415           3        4360           0
   16.356     0.0006023     0.0004729           3        4360           0
   16.440     0.0011769     0.0004911           3        4360           0
   16.525     0.0010990     0.0004483           3        4360           0
   16.610     0.0007332     0.0004249           3        4360           0
   16.694     0.0012860     0.0004387           3        4360           0
   16.779     0.0019187     0.0003995           3        4360           0
   16.864     0.0013715     0.0005774           3        4360           0
   16.948     0.0012589     0.0006479           3        4360           0
   17.033     0.0012784     0.0004588           3        4360           0
   17.118     0.0012827     0.0010712           3        4360           0
   17.202     0.0006865     0.0007125           3        4360           0
   17.287     0.0014661     0.0005820           3        4360           0
   17.372     0.0018205     0.0005746           3        4360           0
   17.456     0.0009988     0.0005734           3        4360           0
   17.541     0.0014365     0.0004834           3        4360           0
   17.626     0.0020489     0.0004358           3        4360           0
   17.711     0.0017458     0.0004152           3        4360           0
   17.795     0.0013685     0.0004868           3        4360           0
   17.880     0.0012812     0.0010436           3        4360           0
   17.965     0.0009733     0.0013506           3        4360           0
   18.049     0.0015230     0.0005341           3        4360           0
   18.134     0.0015492     0.0007079           3        4360           0
   18.219     0.0011657     0.0015780           3        4360           0
   18.303     0.0023135     0.0007022           3        4360           0
   18.388     0.0028942     0.0008525           3        4360           0
   18.472     0.0024627     0.0006656           3        4360           0
   18.557     0.0033772     0.0007643           3        4360           0
   18.642     0.0032021     0.0006907           3        4360           0
   18.727     0.0032927     0.0012753           3        4360           0
   18.811     0.0033246     0.0009980           3        4360           0
   18.896     0.0028380     0.0006136           3        4360           0
   18.981     0.0025392     0.0005803           3        4360           0
   19.065     0.0030990     0.0005862           3        4360           0
   19.150     0.0024657     0.0006893           3        4360           0
   19.235     0.0020881     0.0009881           3    19009600           0
   19.404     0.0039411     0.0015298           3    19009600           0
   19.573     0.0019324     0.0009433           3    19009600           0
   19.743     0.0029037     0.0011646           3    19009600           0
   19.912     0.0024905     0.0011751           3    19009600           0
   20.081     0.0019405     0.0033904           3        4360           0
   20.251     0.0022136     0.0020752           3        4360           0
   20.420     0.0023212     0.0025118           3        4360           0
   20.590     0.0019850     0.0028987           3        4360           0
   20.759     0.0023101     0.0013235           3        4360           0
   20.928     0.0026452     0.0017407           3        4360           0
   21.097     0.0027793     0.0006045           4        4360           0
   21.267     0.0034408     0.0006987           4        4360           0
   21.436     0.0029979     0.0007394           4        4360           0
   21.606     0.0019466     0.0007660           4        4360           0
   21.775     0.0021057     0.0007637           4        4360           0
   21.944     0.0062060     0.0003910           4        4360           0
   22.114     0.0018427     0.0007551           4        4360           0
   22.283     0.0024691     0.0005479           4        4360           0
   22.452     0.0011055     0.0006369           4        4360           0
   22.622     0.0020213     0.0015657           4        4360           0
   22.791     0.0025876     0.0006560           4        4360           0
   22.960     0.0023300     0.0003668           4        4360           0
   23.130     0.0023211     0.0004790           4        4360           0
   23.299     0.0018849     0.0005011           4        4360           0
   23.469     0.0022973     0.0005644           4        4360           0
   23.638     0.0023552     0.0020484           4        4360           0
   23.807     0.0022063     0.0015402           4        4360           0
   23.976     0.0021384     0.0004456           4        4360           0
   24.146     0.0022498     0.0005267           4        4360           0
   24.315     0.0025256     0.0005223           4        4360           0
   24.485     0.0027686     0.0005439           4        4360           0
   24.654     0.0028726     0.0006465           4        4360           0
   24.823     0.0031098     0.0005198           4        4360           0
   24.993     0.0027143     0.0006816           4        4360           0
   25.162     0.0024460     0.0005578           4        4360           0
   25.331     0.0027689     0.0006028           4        4360           0
   25.501     0.0025328     0.0006392           4        4360           0
   25.670     0.0027179     0.0005988           4        4360           0
   25.839     0.0023097     0.0028911           4        4360           0
   26.009     0.0035865     0.0008833           4        4360           0
   26.178     0.0029280     0.0005206           4        4360           0
   26.347     0.0031335     0.0005034           4        4360           0
   26.517     0.0037274     0.0004185           4        4360           0
   26.686     0.0034767     0.0016026           4        4360           0
   26.856     0.0036260     0.0010499           4        4360           0
   27.025     0.0036366     0.0005577           4        4360           0
   27.194     0.0035758     0.0005348           4        4360           0
   27.364     0.0034706     0.0005027           4        4360           0
   27.533     0.0028414     0.0004061           4        4360           0
   27.702     0.0028049     0.0023013           4        4360           0
   27.872     0.0031447     0.0018168           4        4360           0
   28.041     0.0032536     0.0006834           4        4360           0
   28.210     0.0021051     0.0007964           4        4360           0
   28.380     0.0034137     0.0007411           4        4360           0
   28.549     0.0036886     0.0006278           4        4360           0
   28.719     0.0038617     0.0006182           4        4360           0
   28.888     0.0041893     0.0006334           4        4360           0
   29.057     0.0046231     0.0006475           4        4360           0
   29.226     0.0046236     0.0007088           4        4360           0
   29.396     0.0048237     0.0065982           4        4360           0
   29.565     0.0055872     0.0069248           4        4360           0
   29.735     0.0052759     0.0024859           4        4360           0
   29.904     0.0046726     0.0006545           4        4360           0
   30.073     0.0040836     0.0006680           4        4360           0
   30.243     0.0050812     0.0033839           4        4360           0
   30.412     0.0049982     0.0093094           4        4360           0
   30.581     0.0033328     0.0108146           4        4360           0
   30.751     0.0042823     0.0010935           4        4360           0
   30.920     0.0047658     0.0009165           4        4360           0
   31.089     0.0058681     0.0007353           4        4360           0
   31.259     0.0041899     0.0008602           4        4360           0
   31.428     0.0042561     0.0007058           4        4360           0
   31.597     0.0046596     0.0007473           4        4360           0
   31.767     0.0055007     0.0006571           4        4360           0
   31.936     0.0053552     0.0010663           4        4360           0
   32.105     0.0049815     0.0017799           4        4360           0
   32.275     0.0040705     0.0017341           4        4360           0
   32.444     0.0043598     0.0012707           4        4360           0
   32.614     0.0047594     0.0013473           4        4360           0
   32.783     0.0060799     0.0012467           4        4360           0
   32.952     0.0063517     0.0013313           4        4360           0
   33.122     0.0056679     0.0016883           4        4360           0
   33.291     0.0057771     0.0015652           4        4360           0
   33.460     0.0098660     0.0009876           4        4360           0
   33.630     0.0096322     0.0012454           4        4360           0
   33.799     0.0064115     0.0013691           4        4360           0
   33.968     0.0036298     0.0017981           4        4360           0
   34.138     0.0055433     0.0025814           4        4360           0
   34.307     0.0067063     0.0028362           4        4360           0
   34.477     0.0102874     0.0019900           4        4360           0
   34.646     0.0060769     0.0019111           4        4360           0
   34.815     0.0074416     0.0022470           4        4360           0
   34.985     0.0060265     0.0023694           4        4360           0
   35.154     0.0080173     0.0029553           4        4360           0
   35.323     0.0103732     0.0072945           4        4360           0
   35.493     0.0082537     0.0032657           4        4360           0
   35.662     0.0114046     0.0025576           4        4360           0
   35.831     0.0117284     0.0026425           4        4360           0
   36.001     0.0097330     0.0024369           4        4360           0
   36.170     0.0080841     0.0038941           4        4360           0
   36.339     0.0081609     0.0049479           4        4360           0
   36.509     0.0062089     0.0039624           4        4360           0
   36.678     0.0064697     0.0042833           4        4360           0
   36.847     0.0053964     0.0045982           4        4360           0
   37.017     0.0078912     0.0047992           4        4360           0
   37.186     0.0107380     0.0058150           4        4360           0
   37.355     0.0123532     0.0092212           4        4360           0
   37.525     0.0107083     0.0052410           4        4360           0
   37.694     0.0108624     0.0054053           4        4360           0
   37.864     0.0271194     0.0066032           4        4360           0
   38.033     0.0335963     0.0061274           4        4360           0
   38.202     0.0298654     0.0090819           4        4360           0
   38.372     0.0207590     0.0098317           4        4360           0
   38.541     0.0139156     0.0246167           4        4360           0
   38.710     0.0218058     0.0143146           4        4360           0
   38.880     0.0231673     0.0261352           4        4360           0
   39.049     0.0129839     0.0677382           4        4360           0
   39.218     0.0114510     0.0275412           4        4360           0
   39.388     0.0161732     0.0152030           4        4360           0
   39.557     0.0057770     0.0512927           4        4360           0
   39.727     0.0071568     0.0929068           4        4360           0
   39.896     0.0061816     0.0445429           4        4488           0
   40.065     0.0012412     0.0097260           4        4488           0
   40.235     0.0005561     0.0061928           4        4488           0
   40.404     0.0002190     0.0023569           4        4488           0
   40.573    -0.0001458     0.0010665           4        4488           0
   40.743    -0.0003320     0.0004786           4        4508           0
   40.912    -0.0001435     0.0002915           4        4488           0
   41.081    -0.0000182     0.0001673           4        4488           0
   41.251     0.0000603     0.0001416           4        4488           0
   41.420     0.0000074     0.0002284           4        4488           0
   41.589    -0.0001282     0.0003354           4        4488           0
   41.759    -0.0000032     0.0003171           4        4488           0
   41.928     0.0000928     0.0009247           4        4508           0
   42.097    -0.0003036     0.0004750           4        4508           0
   42.267    -0.0004047     0.0007548           4        4488           0
