wave flux error channelflag bitflag stitchflag
    5.127     0.0006022     0.0034524           1         392           0
    5.157     0.0019251     0.0020007           1         136           0
    5.187     0.0019440     0.0009541           1         136           0
    5.217     0.0019880     0.0006382           1         136           0
    5.247     0.0018938     0.0006056           1         136           0
    5.278     0.0019795     0.0005859           1         136           0
    5.308     0.0022572     0.0006115           1         136           0
    5.338     0.0023808     0.0005721           1         392           0
    5.368     0.0022889     0.0005553           1         392           0
    5.399     0.0024881     0.0005687           1       16776           0
    5.429     0.0024445     0.0005753           1       16796           0
    5.459     0.0027448     0.0005257           1       16796           0
    5.489     0.0033927     0.0004924           1         392           0
    5.520     0.0031920     0.0004788           1         392           0
    5.550     0.0028106     0.0005015           1         392           0
    5.580     0.0032681     0.0004624           1         392           0
    5.610     0.0030154     0.0004667           1         392           0
    5.641     0.0023276     0.0004830           1        8468           0
    5.671     0.0020185     0.0004735           1        8468           0
    5.701     0.0024784     0.0004460           1         392           0
    5.731     0.0025086     0.0004567           1         392           0
    5.762     0.0028476     0.0004748           1         412           0
    5.792     0.0030706     0.0005311           1         412           0
    5.822     0.0030240     0.0004829           1         392           0
    5.852     0.0033557     0.0005455           1         392           0
    5.883     0.0039630     0.0005494           1         392           0
    5.913     0.0048486     0.0005142           1         136           0
    5.943     0.0052312     0.0005187           1         136           0
    5.973     0.0051800     0.0004788           1         136           0
    6.004     0.0052809     0.0005170           1         136           0
    6.034     0.0047183     0.0004944           1         136           0
    6.064     0.0044644     0.0005174           1         392           0
    6.094     0.0046251     0.0005152           1         392           0
    6.125     0.0048111     0.0005237           1         392           0
    6.155     0.0051126     0.0004992           1         392           0
    6.185     0.0050990     0.0005028           1         392           0
    6.215     0.0050993     0.0005363           1         392           0
    6.245     0.0055871     0.0004804           1         392           0
    6.276     0.0066260     0.0004179           1         392           0
    6.306     0.0082425     0.0003665           1         392           0
    6.336     0.0082776     0.0006320           1         392           0
    6.366     0.0079957     0.0005446           1         392           0
    6.397     0.0095627     0.0005995           1         392           0
    6.427     0.0140053     0.0006026           1         392           0
    6.457     0.0211473     0.0005020           1         392           0
    6.487     0.0275455     0.0005018           1         392           0
    6.518     0.0290217     0.0005498           1         392           0
    6.548     0.0255546     0.0006557           1         392           0
    6.578     0.0210430     0.0006055           1         392           0
    6.608     0.0171736     0.0004862           1         392           0
    6.639     0.0157861     0.0005452           1         136           0
    6.669     0.0135253     0.0006314           1         136           0
    6.699     0.0118960     0.0005138           1         136           0
    6.729     0.0106586     0.0007016           1         136           0
    6.760     0.0096081     0.0006828           1         136           0
    6.790     0.0086119     0.0007236           1         392           0
    6.820     0.0085413     0.0007759           1         392           0
    6.850     0.0085111     0.0006897           1         392           0
    6.881     0.0088790     0.0007595           1         392           0
    6.911     0.0087389     0.0006938           1         392           0
    6.941     0.0089029     0.0006061           1         392           0
    6.971     0.0094231     0.0008168           1         392           0
    7.002     0.0101225     0.0008694           1         392           0
    7.032     0.0099033     0.0008815           1         392           0
    7.062     0.0096463     0.0008370           1         392           0
    7.092     0.0094910     0.0008097           1         392           0
    7.122     0.0098601     0.0006947           1         392           0
    7.153     0.0110839     0.0007179           1         392           0
    7.183     0.0104248     0.0006195           1         392           0
    7.213     0.0120420     0.0008682           1         392           0
    7.243     0.0125636     0.0008762           1         392           0
    7.274     0.0129897     0.0008333           1         392           0
    7.304     0.0180274     0.0006499           1         392           0
    7.334     0.0141738     0.0008182           1       53312           0
    7.395     0.0126670     0.0010931           1       18496           0
    7.455     0.0127494     0.0011192           1       18496           0
    7.516     0.0141067     0.0011116           1       53312           0
    7.576     0.0152487     0.0014062           1      153664           0
    7.637     0.0180015     0.0005213           1         392           0
    7.697     0.0220261     0.0004618           1         392           0
    7.758     0.0255461     0.0006616           1         392           0
    7.818     0.0313495     0.0007619           1         392           0
    7.879     0.0391691     0.0006657           1         392           0
    7.939     0.0425930     0.0007346           1         392           0
    8.000     0.0431977     0.0006860           1         392           0
    8.060     0.0418844     0.0006805           1         392           0
    8.120     0.0413172     0.0006470           1         392           0
    8.181     0.0407330     0.0006801           1         392           0
    8.241     0.0377148     0.0006017           1         392           0
    8.302     0.0341097     0.0005983           1         392           0
    8.362     0.0295742     0.0003373           2       16796           0
    8.423     0.0257287     0.0004144           2       16796           0
    8.483     0.0233198     0.0003557           2       16792           0
    8.544     0.0216068     0.0004044           2       16776           0
    8.604     0.0212047     0.0003761           2         392           0
    8.665     0.0208580     0.0004029           2         392           0
    8.725     0.0212918     0.0003900           2         392           0
    8.786     0.0214066     0.0003648           2         392           0
    8.846     0.0223284     0.0003843           2         392           0
    8.907     0.0244171     0.0003658           2         392           0
    8.967     0.0262280     0.0004044           2         392           0
    9.028     0.0255639     0.0003985           2         136           0
    9.088     0.0226374     0.0004266           2         136           0
    9.149     0.0186993     0.0003611           2         136           0
    9.209     0.0152813     0.0003960           2         136           0
    9.270     0.0124548     0.0003406           2         136           0
    9.330     0.0107420     0.0003255           2         136           0
    9.391     0.0097693     0.0003856           2         392           0
    9.451     0.0086747     0.0003915           2         392           0
    9.512     0.0080422     0.0004113           2         392           0
    9.572     0.0072171     0.0003555           2         392           0
    9.633     0.0071747     0.0003557           2         392           0
    9.693     0.0067045     0.0003554           2         392           0
    9.754     0.0060755     0.0003608           2       16796           0
    9.814     0.0060434     0.0003350           2       16796           0
    9.875     0.0058686     0.0003301           2         392           0
    9.935     0.0059147     0.0003279           2         392           0
    9.995     0.0060166     0.0003159           2         392           0
   10.056     0.0062236     0.0003446           2         392           0
   10.116     0.0063928     0.0002569           2         392           0
   10.177     0.0060438     0.0002997           2         392           0
   10.237     0.0057351     0.0002548           2         392           0
   10.298     0.0055800     0.0003075           2         392           0
   10.358     0.0056660     0.0003245           2         392           0
   10.419     0.0056248     0.0003342           2         392           0
   10.479     0.0056369     0.0003279           2         392           0
   10.540     0.0057754     0.0003291           2         392           0
   10.600     0.0058252     0.0003259           2         392           0
   10.661     0.0057523     0.0003509           2         392           0
   10.721     0.0056067     0.0003878           2         392           0
   10.782     0.0057146     0.0003755           2         392           0
   10.842     0.0061763     0.0003699           2         392           0
   10.903     0.0064864     0.0003678           2         392           0
   10.963     0.0072184     0.0003834           2         392           0
   11.024     0.0079572     0.0003030           2         392           0
   11.084     0.0087904     0.0003957           2         392           0
   11.145     0.0089229     0.0004145           2         392           0
   11.205     0.0089046     0.0004134           2         392           0
   11.266     0.0094459     0.0004129           2         392           0
   11.326     0.0092269     0.0004148           2         392           0
   11.387     0.0100348     0.0004381           2         412           0
   11.447     0.0118830     0.0004438           2         412           0
   11.508     0.0151800     0.0004529           2         392           0
   11.568     0.0167472     0.0004031           2         392           0
   11.628     0.0204902     0.0003839           2         392           0
   11.689     0.0331223     0.0003362           2         392           0
   11.750     0.0474464     0.0004892           2         392           0
   11.810     0.0461297     0.0003877           2         392           0
   11.870     0.0375513     0.0004574           2         392           0
   11.931     0.0309633     0.0004246           2         392           0
   11.991     0.0263275     0.0004733           2         392           0
   12.052     0.0224081     0.0004219           2         392           0
   12.112     0.0207329     0.0004773           2         392           0
   12.173     0.0191064     0.0004421           2         392           0
   12.233     0.0186006     0.0004783           2         392           0
   12.294     0.0180925     0.0004458           2         392           0
   12.354     0.0183631     0.0004847           2         392           0
   12.415     0.0192772     0.0004728           2         392           0
   12.475     0.0208347     0.0004539           2         392           0
   12.536     0.0218152     0.0004757           2         392           0
   12.596     0.0218197     0.0004573           2         392           0
   12.657     0.0212199     0.0004607           2         392           0
   12.717     0.0208595     0.0003897           2         392           0
   12.778     0.0210698     0.0004471           2         392           0
   12.838     0.0227161     0.0004172           2         392           0
   12.899     0.0240414     0.0005051           2         392           0
   12.959     0.0240089     0.0005182           2         392           0
   13.020     0.0260960     0.0005217           2         392           0
   13.080     0.0282516     0.0005695           2         392           0
   13.141     0.0299291     0.0005137           2         392           0
   13.201     0.0316912     0.0005971           2         392           0
   13.262     0.0329419     0.0004626           2         392           0
   13.322     0.0380340     0.0006026           2         392           0
   13.383     0.0542760     0.0002650           2         392           0
   13.443     0.0552192     0.0005472           2         392           0
   13.503     0.0294140     0.0002740           2         392           0
   13.564     0.0211076     0.0005427           2         392           0
   13.625     0.0192152     0.0006195           2         392           0
   13.685     0.0189641     0.0006815           2         392           0
   13.745     0.0194824     0.0006209           2         392           0
   13.806     0.0196523     0.0006339           2         392           0
   13.866     0.0196422     0.0006947           2         392           0
   13.927     0.0196527     0.0006927           2         392           0
   13.987     0.0201072     0.0007703           2         392           0
   14.048     0.0193906     0.0007376           2         392           0
   14.108     0.0193527     0.0007618           2         392           0
   14.169     0.0199075     0.0007545           2         392           0
   14.229     0.0186805     0.0007213           2         392           0
   14.323     0.0189166     0.0005848           3        4360           0
   14.408     0.0188300     0.0005107           3        4360           0
   14.493     0.0181660     0.0006022           3        4360           0
   14.577     0.0187129     0.0006255           3        4360           0
   14.662     0.0188556     0.0006097           3        4360           0
   14.747     0.0182896     0.0006760           3        4360           0
   14.832     0.0182772     0.0008931           3        4360           0
   14.916     0.0198863     0.0008321           3        4360           0
   15.001     0.0187614     0.0007191           3        4360           0
   15.085     0.0180377     0.0006963           3        4360           0
   15.170     0.0169710     0.0009515           3        4360           0
   15.255     0.0172917     0.0006904           3        4360           0
   15.340     0.0161781     0.0038086           3        4360           0
   15.424     0.0169023     0.0016195           3        4360           0
   15.509     0.0171273     0.0004469           3        4360           0
   15.594     0.0171225     0.0005964           3        4360           0
   15.678     0.0170016     0.0006241           3        4360           0
   15.763     0.0174145     0.0005259           3        4360           0
   15.848     0.0173517     0.0005793           3        4360           0
   15.932     0.0181859     0.0007758           3        4360           0
   16.017     0.0171599     0.0008253           3        4360           0
   16.102     0.0180540     0.0008617           3        4360           0
   16.186     0.0186164     0.0010118           3        4360           0
   16.271     0.0226876     0.0005326           3        4360           0
   16.356     0.0211903     0.0008321           3        4360           0
   16.440     0.0196929     0.0008307           3        4360           0
   16.525     0.0191707     0.0006843           3        4360           0
   16.610     0.0200734     0.0005934           3        4360           0
   16.694     0.0215839     0.0005714           3        4360           0
   16.779     0.0217995     0.0007904           3        4360           0
   16.864     0.0217447     0.0008747           3        4360           0
   16.948     0.0215872     0.0008398           3        4360           0
   17.033     0.0231564     0.0006533           3        4360           0
   17.118     0.0268537     0.0015160           3        4360           0
   17.202     0.0308837     0.0011301           3        4360           0
   17.287     0.0318382     0.0008899           3        4360           0
   17.372     0.0296373     0.0008681           3        4360           0
   17.456     0.0294801     0.0005347           3        4360           0
   17.541     0.0306110     0.0003580           3        4360           0
   17.626     0.0296099     0.0008538           3        4360           0
   17.711     0.0321779     0.0005410           3        4360           0
   17.795     0.0369607     0.0029887           3        4360           0
   17.880     0.0394275     0.0030720           3        4360           0
   17.965     0.0331796     0.0008518           3        4360           0
   18.049     0.0324420     0.0009696           3        4360           0
   18.134     0.0332397     0.0009390           3        4360           0
   18.219     0.0357981     0.0007618           3        4360           0
   18.303     0.0316892     0.0009570           3        4360           0
   18.388     0.0278150     0.0008891           3        4360           0
   18.472     0.0281059     0.0010965           3        4360           0
   18.557     0.0274245     0.0027757           3        4360           0
   18.642     0.0279096     0.0015537           3        4360           0
   18.727     0.0280518     0.0008725           3        4360           0
   18.811     0.0261779     0.0009582           3        4360           0
   18.896     0.0240291     0.0013403           3        4360           0
   18.981     0.0249570     0.0016879           3        4360           0
   19.065     0.0268068     0.0009557           3        4360           0
   19.150     0.0282972     0.0010243           3        4360           0
   19.235     0.0166206     0.0012728           3    19009600           0
   19.404     0.0311230     0.0020967           3    19009600           0
   19.573     0.0301324     0.0013122           3    19009600           0
   19.743     0.0315856     0.0011716           3    19009600           0
   19.912     0.0282980     0.0016624           3    19009600           0
   20.081     0.0287659     0.0016357           3    19009600           0
   20.251     0.0283785     0.0013949           3    19009600           0
   20.420     0.0297525     0.0015724           3    19009600           0
   20.590     0.0314650     0.0029428           3        4360           0
   20.759     0.0326933     0.0064502           3        4360           0
   20.928     0.0308602     0.0026756           3        4360           0
   21.097     0.0344732     0.0032199           3        4360           0
   21.267     0.0335409     0.0026154           3        4360           0
   21.436     0.0330730     0.0010576           4        4360           0
   21.606     0.0357967     0.0012550           4        4360           0
   21.775     0.0385307     0.0012438           4        4360           0
   21.944     0.0376651     0.0032368           4        4360           0
   22.114     0.0370722     0.0014576           4        4360           0
   22.283     0.0382848     0.0006981           4        4360           0
   22.452     0.0394800     0.0010202           4        4360           0
   22.622     0.0402034     0.0013732           4        4360           0
   22.791     0.0403374     0.0010266           4        4360           0
   22.960     0.0417783     0.0008054           4        4360           0
   23.130     0.0437759     0.0008798           4        4360           0
   23.299     0.0436244     0.0008329           4        4360           0
   23.469     0.0439879     0.0008699           4        4360           0
   23.638     0.0441605     0.0008781           4        4360           0
   23.807     0.0454964     0.0007246           4        4360           0
   23.976     0.0478051     0.0007264           4        4360           0
   24.146     0.0482313     0.0030700           4        4360           0
   24.315     0.0490894     0.0033935           4        4360           0
   24.485     0.0522167     0.0007903           4        4360           0
   24.654     0.0523549     0.0010199           4        4360           0
   24.823     0.0540538     0.0010623           4        4360           0
   24.993     0.0577560     0.0009946           4        4360           0
   25.162     0.0549990     0.0014553           4        4360           0
   25.331     0.0553322     0.0011100           4        4360           0
   25.501     0.0571612     0.0011550           4        4360           0
   25.670     0.0596651     0.0015072           4        4360           0
   25.839     0.0595983     0.0033934           4        4360           0
   26.009     0.0606937     0.0012259           4        4360           0
   26.178     0.0631676     0.0031758           4        4360           0
   26.347     0.0629720     0.0008387           4        4360           0
   26.517     0.0643613     0.0008811           4        4360           0
   26.686     0.0651931     0.0011736           4        4360           0
   26.856     0.0675650     0.0010824           4        4360           0
   27.025     0.0715007     0.0009718           4        4360           0
   27.194     0.0733885     0.0009786           4        4360           0
   27.364     0.0713207     0.0009665           4        4360           0
   27.533     0.0716978     0.0010117           4        4360           0
   27.702     0.0724989     0.0011903           4        4360           0
   27.872     0.0755964     0.0016703           4        4360           0
   28.041     0.0785849     0.0012712           4        4360           0
   28.210     0.0791364     0.0011275           4        4360           0
   28.380     0.0798174     0.0013153           4        4360           0
   28.549     0.0779243     0.0012169           4        4360           0
   28.719     0.0798931     0.0011901           4        4360           0
   28.888     0.0822278     0.0011451           4        4360           0
   29.057     0.0849333     0.0009548           4        4360           0
   29.226     0.0884327     0.0007814           4        4360           0
   29.396     0.0889600     0.0017012           4        4360           0
   29.565     0.0896083     0.0039955           4        4360           0
   29.735     0.0887711     0.0035940           4        4360           0
   29.904     0.0906566     0.0014739           4        4360           0
   30.073     0.0922763     0.0031087           4        4360           0
   30.243     0.0946458     0.0072345           4        4360           0
   30.412     0.0976684     0.0044399           4        4360           0
   30.581     0.0985494     0.0264427           4        4360           0
   30.751     0.1014667     0.0036762           4        4360           0
   30.920     0.0973713     0.0012742           4        4360           0
   31.089     0.1040555     0.0018796           4        4360           0
   31.259     0.1015008     0.0011711           4        4360           0
   31.428     0.1042406     0.0012071           4        4360           0
   31.597     0.1077523     0.0012995           4        4360           0
   31.767     0.1127251     0.0011004           4        4360           0
   31.936     0.1146684     0.0008252           4        4360           0
   32.105     0.1136417     0.0012202           4        4360           0
   32.275     0.1179483     0.0014958           4        4360           0
   32.444     0.1153814     0.0023544           4        4360           0
   32.614     0.1162865     0.0048734           4        4360           0
   32.783     0.1199777     0.0017312           4        4360           0
   32.952     0.1192671     0.0018992           4        4360           0
   33.122     0.1255100     0.0027756           4        4360           0
   33.291     0.1252630     0.0024089           4        4360           0
   33.460     0.1304564     0.0022909           4        4360           0
   33.630     0.1359378     0.0022934           4        4360           0
   33.799     0.1351186     0.0025278           4        4360           0
   33.968     0.1407617     0.0029552           4        4360           0
   34.138     0.1484464     0.0033909           4        4360           0
   34.307     0.1483266     0.0024492           4        4360           0
   34.477     0.1432583     0.0035063           4        4360           0
   34.646     0.1535035     0.0028708           4        4360           0
   34.815     0.1579714     0.0059778           4        4360           0
   34.985     0.2029523     0.0296113           4        4360           0
   35.154     0.1910336     0.0092811           4        4360           0
   35.323     0.1697540     0.0056016           4        4360           0
   35.493     0.1681923     0.0311850           4        4360           0
   35.662     0.1593907     0.0110521           4        4360           0
   35.831     0.1585692     0.0045664           4        4360           0
   36.001     0.1542925     0.0026886           4        4360           0
   36.170     0.1611649     0.0058940           4        4360           0
   36.339     0.2104823     0.0082940           4        4360           0
   36.509     0.2720520     0.0076207           4        4360           0
   36.678     0.2375455     0.0061694           4        4360           0
   36.847     0.1782301     0.0044812           4        4360           0
   37.017     0.1313300     0.0040770           4        4360           0
   37.186     0.2033270     0.0035260           4        4360           0
   37.355     0.1893740     0.0059760           4        4360           0
   37.525     0.1665240     0.0033530           4        4360           0
   37.694     0.1537387     0.0095085           4        4360           0
   37.864     0.2726117     0.0098171           4        4360           0
   38.033     0.2395721     0.0400296           4        4360           0
   38.202     0.2835415     0.0621669           4        4360           0
   38.372     0.2644805     0.0118315           4        4360           0
   38.541     0.2083121     0.0438583           4        4360           0
   38.710     0.2702801     0.0252221           4        4360           0
   38.880     0.1830701     0.0559480           4        4360           0
   39.049     0.1874969     0.1882796           4        4360           0
   39.218     0.1428574     0.0687705           4        4360           0
   39.388     0.1300773     0.0218704           4        4360           0
   39.557     0.1227182     0.0631695           4        4360           0
   39.727     0.0870212     0.1094243           4        4360           0
   39.896     0.0545718     0.0441839           4        4488           0
   40.065     0.0359813     0.0159248           4        4488           0
   40.235     0.0296270     0.0042770           4        4488           0
   40.404     0.0069524     0.0020959           4        4488           0
   40.573     0.0045910     0.0021034           4        4488           0
   40.743     0.0080254     0.0007741           4        4508           0
   40.912     0.0088990     0.0003190           4        4488           0
   41.081     0.0072770     0.0001980           4        4488           0
   41.251     0.0002480     0.0001800           4        4488           0
   41.420     0.0016351     0.0003765           4        4488           0
   41.589     0.0096460     0.0002530           4        4488           0
   41.759     0.0374770     0.0005170           4        4488           0
   41.928     0.0050820     0.0017467           4        4508           0
   42.097     0.0009117     0.0008068           4        4508           0
   42.267     0.0091315     0.0038747           4        4488           0
