wave flux error channelflag bitflag stitchflag
    5.127    -0.0011496     0.0036207           1         392           0
    5.157     0.0011894     0.0021194           1         136           0
    5.187     0.0001282     0.0009385           1         136           0
    5.217     0.0004320     0.0006276           1         136           0
    5.247     0.0006249     0.0006184           1         136           0
    5.278     0.0005102     0.0005881           1         136           0
    5.308     0.0006742     0.0005806           1         136           0
    5.338     0.0002975     0.0005407           1         392           0
    5.368     0.0002861     0.0005404           1         392           0
    5.399     0.0006153     0.0005572           1       16776           0
    5.429     0.0004402     0.0005397           1       16796           0
    5.459     0.0007361     0.0004952           1       16796           0
    5.489     0.0003817     0.0004642           1         392           0
    5.520     0.0003420     0.0004695           1         392           0
    5.550     0.0006172     0.0003787           1         392           0
    5.580     0.0006188     0.0004908           1         392           0
    5.610     0.0006042     0.0005241           1         392           0
    5.641     0.0004671     0.0004757           1        8468           0
    5.671     0.0007457     0.0004352           1        8468           0
    5.701     0.0007995     0.0004462           1         392           0
    5.731     0.0003275     0.0004447           1         392           0
    5.762     0.0005065     0.0004380           1         412           0
    5.792     0.0006866     0.0004565           1         412           0
    5.822     0.0005559     0.0004842           1         392           0
    5.852     0.0005297     0.0004997           1         392           0
    5.883     0.0006414     0.0005311           1         392           0
    5.913     0.0004943     0.0005111           1         136           0
    5.943     0.0004236     0.0005340           1         136           0
    5.973     0.0007190     0.0005197           1         136           0
    6.004     0.0008833     0.0004842           1         136           0
    6.034     0.0009433     0.0005579           1         136           0
    6.064     0.0011194     0.0005020           1         392           0
    6.094     0.0014513     0.0005237           1         392           0
    6.125     0.0012162     0.0005305           1         392           0
    6.155     0.0008991     0.0005238           1         392           0
    6.185     0.0010653     0.0005008           1         392           0
    6.215     0.0008735     0.0004991           1         392           0
    6.245     0.0009277     0.0005549           1         392           0
    6.276     0.0010318     0.0005478           1         392           0
    6.306     0.0009426     0.0005986           1         392           0
    6.336     0.0005535     0.0006305           1         392           0
    6.366     0.0006247     0.0005658           1         392           0
    6.397     0.0009548     0.0005404           1         392           0
    6.427     0.0010721     0.0005764           1         392           0
    6.457     0.0012273     0.0005818           1         392           0
    6.487     0.0012900     0.0005499           1         392           0
    6.518     0.0017763     0.0006307           1         392           0
    6.548     0.0017617     0.0006468           1         392           0
    6.578     0.0024205     0.0007085           1         392           0
    6.608     0.0032161     0.0006759           1         392           0
    6.639     0.0045134     0.0007130           1         136           0
    6.669     0.0049542     0.0006675           1         136           0
    6.699     0.0045986     0.0005862           1         136           0
    6.729     0.0038729     0.0006893           1         136           0
    6.760     0.0033977     0.0006813           1         136           0
    6.790     0.0025846     0.0007601           1         392           0
    6.820     0.0023850     0.0007418           1         392           0
    6.850     0.0020125     0.0006886           1         392           0
    6.881     0.0016860     0.0007314           1         392           0
    6.911     0.0016880     0.0007076           1         392           0
    6.941     0.0016633     0.0007640           1         392           0
    6.971     0.0010311     0.0008383           1         392           0
    7.002     0.0012006     0.0009124           1         392           0
    7.032     0.0016274     0.0009297           1         392           0
    7.062     0.0018812     0.0008127           1         392           0
    7.092     0.0019822     0.0007830           1         392           0
    7.122     0.0017955     0.0008453           1         392           0
    7.153     0.0017765     0.0007947           1         392           0
    7.183     0.0018961     0.0007730           1         392           0
    7.213     0.0020594     0.0006661           1         392           0
    7.243     0.0021357     0.0009153           1         392           0
    7.274     0.0023288     0.0008879           1         392           0
    7.304     0.0020347     0.0010158           1         392           0
    7.334     0.0031090     0.0011394           1       53312           0
    7.395     0.0018384     0.0014167           1       18496           0
    7.455     0.0023976     0.0011436           1       18496           0
    7.516     0.0026735     0.0011937           1       53312           0
    7.576     0.0022664     0.0014609           1      153664           0
    7.637     0.0023361     0.0006020           1         392           0
    7.697     0.0024582     0.0005923           1         392           0
    7.758     0.0025429     0.0007346           1         392           0
    7.818     0.0028594     0.0007759           1         392           0
    7.879     0.0034231     0.0006427           1         392           0
    7.939     0.0044590     0.0007088           1         392           0
    8.000     0.0051542     0.0006640           1         392           0
    8.060     0.0061099     0.0006348           1         392           0
    8.120     0.0071695     0.0005344           1         392           0
    8.181     0.0072327     0.0005771           1         392           0
    8.241     0.0071274     0.0006188           1         392           0
    8.302     0.0071357     0.0006047           1         392           0
    8.362     0.0071375     0.0004085           2       16796           0
    8.423     0.0066783     0.0004149           2       16796           0
    8.483     0.0060825     0.0004041           2       16792           0
    8.544     0.0056530     0.0003950           2       16776           0
    8.604     0.0049645     0.0004091           2         392           0
    8.665     0.0045019     0.0003820           2         392           0
    8.725     0.0040423     0.0003701           2         392           0
    8.786     0.0038211     0.0003485           2         392           0
    8.846     0.0038940     0.0003540           2         392           0
    8.907     0.0038239     0.0003653           2         392           0
    8.967     0.0035754     0.0003764           2         392           0
    9.028     0.0037444     0.0003935           2         136           0
    9.088     0.0039568     0.0004057           2         136           0
    9.149     0.0044663     0.0004001           2         136           0
    9.209     0.0049270     0.0003603           2         136           0
    9.270     0.0047733     0.0003528           2         136           0
    9.330     0.0040045     0.0003786           2         136           0
    9.391     0.0031867     0.0003529           2         392           0
    9.451     0.0026987     0.0003841           2         392           0
    9.512     0.0022188     0.0003655           2         392           0
    9.572     0.0021064     0.0003900           2         392           0
    9.633     0.0019540     0.0003532           2         392           0
    9.693     0.0017216     0.0003380           2         392           0
    9.754     0.0015729     0.0003259           2       16796           0
    9.814     0.0013478     0.0003169           2       16796           0
    9.875     0.0016683     0.0003272           2         392           0
    9.935     0.0015579     0.0003238           2         392           0
    9.995     0.0014792     0.0003013           2         392           0
   10.056     0.0014252     0.0003173           2         392           0
   10.116     0.0014798     0.0003056           2         392           0
   10.177     0.0015175     0.0003098           2         392           0
   10.237     0.0016123     0.0002975           2         392           0
   10.298     0.0017538     0.0003127           2         392           0
   10.358     0.0017851     0.0003248           2         392           0
   10.419     0.0016540     0.0003333           2         392           0
   10.479     0.0015170     0.0003347           2         392           0
   10.540     0.0013532     0.0003507           2         392           0
   10.600     0.0013694     0.0003384           2         392           0
   10.661     0.0014375     0.0003269           2         392           0
   10.721     0.0013043     0.0003587           2         392           0
   10.782     0.0013734     0.0003624           2         392           0
   10.842     0.0012871     0.0003484           2         392           0
   10.903     0.0013027     0.0003780           2         392           0
   10.963     0.0011999     0.0003790           2         392           0
   11.024     0.0012716     0.0003973           2         392           0
   11.084     0.0013179     0.0003965           2         392           0
   11.145     0.0015036     0.0004150           2         392           0
   11.205     0.0014109     0.0004205           2         392           0
   11.266     0.0017630     0.0004020           2         392           0
   11.326     0.0019468     0.0004133           2         392           0
   11.387     0.0020400     0.0004129           2         412           0
   11.447     0.0020609     0.0004278           2         412           0
   11.508     0.0021806     0.0004379           2         392           0
   11.568     0.0020374     0.0004425           2         392           0
   11.628     0.0021437     0.0004447           2         392           0
   11.689     0.0022369     0.0004739           2         392           0
   11.750     0.0026615     0.0004383           2         392           0
   11.810     0.0033701     0.0004526           2         392           0
   11.870     0.0041659     0.0004521           2         392           0
   11.931     0.0065155     0.0003675           2         392           0
   11.991     0.0078958     0.0004423           2         392           0
   12.052     0.0103254     0.0003992           2         392           0
   12.112     0.0090530     0.0004585           2         392           0
   12.173     0.0081561     0.0002910           2         392           0
   12.233     0.0065331     0.0004618           2         392           0
   12.294     0.0052733     0.0004382           2         392           0
   12.354     0.0043243     0.0004666           2         392           0
   12.415     0.0040113     0.0004438           2         392           0
   12.475     0.0036533     0.0004524           2         392           0
   12.536     0.0036797     0.0004696           2         392           0
   12.596     0.0036347     0.0004365           2         392           0
   12.657     0.0036606     0.0004416           2         392           0
   12.717     0.0038940     0.0004533           2         392           0
   12.778     0.0043048     0.0004740           2         392           0
   12.838     0.0042773     0.0004568           2         392           0
   12.899     0.0038735     0.0004928           2         392           0
   12.959     0.0038478     0.0005104           2         392           0
   13.020     0.0036518     0.0005399           2         392           0
   13.080     0.0040557     0.0005249           2         392           0
   13.141     0.0039556     0.0005554           2         392           0
   13.201     0.0042273     0.0005481           2         392           0
   13.262     0.0044917     0.0005367           2         392           0
   13.322     0.0043370     0.0005638           2         392           0
   13.383     0.0048375     0.0005996           2         392           0
   13.443     0.0051245     0.0006140           2         392           0
   13.503     0.0056787     0.0005937           2         392           0
   13.564     0.0057056     0.0006049           2         392           0
   13.625     0.0062888     0.0006053           2         392           0
   13.685     0.0068871     0.0006649           2         392           0
   13.745     0.0081784     0.0006490           2         392           0
   13.806     0.0055975     0.0006752           2         392           0
   13.866     0.0041325     0.0006768           2         392           0
   13.927     0.0032591     0.0006905           2         392           0
   13.987     0.0033936     0.0007355           2         392           0
   14.048     0.0036291     0.0007077           2         392           0
   14.108     0.0033073     0.0007693           2         392           0
   14.169     0.0031319     0.0007792           2         392           0
   14.229     0.0030086     0.0007939           2         392           0
   14.323     0.0034797     0.0005806           3        4360           0
   14.408     0.0035958     0.0005671           3        4360           0
   14.493     0.0035035     0.0005753           3        4360           0
   14.577     0.0034124     0.0006077           3        4360           0
   14.662     0.0029250     0.0014825           3        4360           0
   14.747     0.0033411     0.0034989           3        4360           0
   14.832     0.0031297     0.0009534           3        4360           0
   14.916     0.0022740     0.0007221           3        4360           0
   15.001     0.0024156     0.0006211           3        4360           0
   15.085     0.0027085     0.0006713           3        4360           0
   15.170     0.0029706     0.0006197           3        4360           0
   15.255     0.0031395     0.0006822           3        4360           0
   15.340     0.0030682     0.0005157           3        4360           0
   15.424     0.0023235     0.0005276           3        4360           0
   15.509     0.0027744     0.0004802           3        4360           0
   15.594     0.0024570     0.0004942           3        4360           0
   15.678     0.0018391     0.0004965           3        4360           0
   15.763     0.0025996     0.0004263           3        4360           0
   15.848     0.0022799     0.0005790           3        4360           0
   15.932     0.0010387     0.0006462           3        4360           0
   16.017     0.0024736     0.0006949           3        4360           0
   16.102     0.0026402     0.0007851           3        4360           0
   16.186     0.0026213     0.0007857           3        4360           0
   16.271     0.0029190     0.0008827           3        4360           0
   16.356     0.0028227     0.0006989           3        4360           0
   16.440     0.0026367     0.0005972           3        4360           0
   16.525     0.0026942     0.0006618           3        4360           0
   16.610     0.0033531     0.0005926           3        4360           0
   16.694     0.0032776     0.0005706           3        4360           0
   16.779     0.0027556     0.0006453           3        4360           0
   16.864     0.0027746     0.0008475           3        4360           0
   16.948     0.0033432     0.0009507           3        4360           0
   17.033     0.0036703     0.0007118           3        4360           0
   17.118     0.0036889     0.0017791           3        4360           0
   17.202     0.0035256     0.0010279           3        4360           0
   17.287     0.0034313     0.0009178           3        4360           0
   17.372     0.0038365     0.0008275           3        4360           0
   17.456     0.0030440     0.0007586           3        4360           0
   17.541     0.0045030     0.0006504           3        4360           0
   17.626     0.0053915     0.0006729           3        4360           0
   17.711     0.0053475     0.0006684           3        4360           0
   17.795     0.0051947     0.0007007           3        4360           0
   17.880     0.0056870     0.0007461           3        4360           0
   17.965     0.0059237     0.0007751           3        4360           0
   18.049     0.0049558     0.0008237           3        4360           0
   18.134     0.0051771     0.0008745           3        4360           0
   18.219     0.0052028     0.0009093           3        4360           0
   18.303     0.0069836     0.0009384           3        4360           0
   18.388     0.0061881     0.0009892           3        4360           0
   18.472     0.0061101     0.0009951           3        4360           0
   18.557     0.0050164     0.0011661           3        4360           0
   18.642     0.0060072     0.0008582           3        4360           0
   18.727     0.0073814     0.0006054           3        4360           0
   18.811     0.0059319     0.0008816           3        4360           0
   18.896     0.0053029     0.0008944           3        4360           0
   18.981     0.0050419     0.0008636           3        4360           0
   19.065     0.0054778     0.0007199           3        4360           0
   19.150     0.0058153     0.0007652           3        4360           0
   19.235     0.0029134     0.0014544           3    19009600           0
   19.404     0.0038275     0.0021351           3    19009600           0
   19.573     0.0043354     0.0016162           3    19009600           0
   19.743     0.0042384     0.0014850           3    19009600           0
   19.912     0.0053596     0.0017322           3    19009600           0
   20.081     0.0042354     0.0049057           3        4360           0
   20.251     0.0043686     0.0044585           3        4360           0
   20.420     0.0052908     0.0019526           3        4360           0
   20.590     0.0052475     0.0017822           3        4360           0
   20.759     0.0060396     0.0020935           3        4360           0
   20.928     0.0047823     0.0022165           3        4360           0
   21.097     0.0050733     0.0009254           4        4360           0
   21.267     0.0046990     0.0011093           4        4360           0
   21.436     0.0051274     0.0010326           4        4360           0
   21.606     0.0045550     0.0011542           4        4360           0
   21.775     0.0051732     0.0010424           4        4360           0
   21.944     0.0040802     0.0009723           4        4360           0
   22.114     0.0047233     0.0011728           4        4360           0
   22.283     0.0043060     0.0007119           4        4360           0
   22.452     0.0052063     0.0009866           4        4360           0
   22.622     0.0051655     0.0010353           4        4360           0
   22.791     0.0040881     0.0008427           4        4360           0
   22.960     0.0051005     0.0006740           4        4360           0
   23.130     0.0053941     0.0007429           4        4360           0
   23.299     0.0056706     0.0007693           4        4360           0
   23.469     0.0065152     0.0008245           4        4360           0
   23.638     0.0068056     0.0007423           4        4360           0
   23.807     0.0063947     0.0006800           4        4360           0
   23.976     0.0062228     0.0007097           4        4360           0
   24.146     0.0067865     0.0008110           4        4360           0
   24.315     0.0073394     0.0007042           4        4360           0
   24.485     0.0075892     0.0009342           4        4360           0
   24.654     0.0068021     0.0007329           4        4360           0
   24.823     0.0071310     0.0009086           4        4360           0
   24.993     0.0071842     0.0010414           4        4360           0
   25.162     0.0076682     0.0008841           4        4360           0
   25.331     0.0069796     0.0009024           4        4360           0
   25.501     0.0076719     0.0009090           4        4360           0
   25.670     0.0082367     0.0009829           4        4360           0
   25.839     0.0073323     0.0030574           4        4360           0
   26.009     0.0074406     0.0010556           4        4360           0
   26.178     0.0071846     0.0007666           4        4360           0
   26.347     0.0074584     0.0006737           4        4360           0
   26.517     0.0071612     0.0007227           4        4360           0
   26.686     0.0072256     0.0007802           4        4360           0
   26.856     0.0074539     0.0007698           4        4360           0
   27.025     0.0078984     0.0007573           4        4360           0
   27.194     0.0096670     0.0006756           4        4360           0
   27.364     0.0098902     0.0007890           4        4360           0
   27.533     0.0100963     0.0007461           4        4360           0
   27.702     0.0101913     0.0008356           4        4360           0
   27.872     0.0103881     0.0009269           4        4360           0
   28.041     0.0096654     0.0009183           4        4360           0
   28.210     0.0112609     0.0010201           4        4360           0
   28.380     0.0101427     0.0008646           4        4360           0
   28.549     0.0098951     0.0008189           4        4360           0
   28.719     0.0098227     0.0010238           4        4360           0
   28.888     0.0112928     0.0007859           4        4360           0
   29.057     0.0097854     0.0008776           4        4360           0
   29.226     0.0110243     0.0010073           4        4360           0
   29.396     0.0099738     0.0012524           4        4360           0
   29.565     0.0109367     0.0036689           4        4360           0
   29.735     0.0110772     0.0032676           4        4360           0
   29.904     0.0102226     0.0010122           4        4360           0
   30.073     0.0116171     0.0009171           4        4360           0
   30.243     0.0124713     0.0009954           4        4360           0
   30.412     0.0118854     0.0012095           4        4360           0
   30.581     0.0112047     0.0014852           4        4360           0
   30.751     0.0123549     0.0011861           4        4360           0
   30.920     0.0128466     0.0012049           4        4360           0
   31.089     0.0142855     0.0011423           4        4360           0
   31.259     0.0125240     0.0011487           4        4360           0
   31.428     0.0135380     0.0011031           4        4360           0
   31.597     0.0131280     0.0011940           4        4360           0
   31.767     0.0123550     0.0010989           4        4360           0
   31.936     0.0125666     0.0011682           4        4360           0
   32.105     0.0133357     0.0013308           4        4360           0
   32.275     0.0130778     0.0014907           4        4360           0
   32.444     0.0129758     0.0018658           4        4360           0
   32.614     0.0108710     0.0034949           4        4360           0
   32.783     0.0126260     0.0014535           4        4360           0
   32.952     0.0140117     0.0022599           4        4360           0
   33.122     0.0137456     0.0018332           4        4360           0
   33.291     0.0138157     0.0023424           4        4360           0
   33.460     0.0155395     0.0019036           4        4360           0
   33.630     0.0161079     0.0016351           4        4360           0
   33.799     0.0118554     0.0023075           4        4360           0
   33.968     0.0114437     0.0024951           4        4360           0
   34.138     0.0134784     0.0037341           4        4360           0
   34.307     0.0141484     0.0048944           4        4360           0
   34.477     0.0130599     0.0029460           4        4360           0
   34.646     0.0164690     0.0027479           4        4360           0
   34.815     0.0156605     0.0056144           4        4360           0
   34.985     0.0152882     0.0284635           4        4360           0
   35.154     0.0141719     0.0089199           4        4360           0
   35.323     0.0170459     0.0056992           4        4360           0
   35.493     0.0144913     0.0035686           4        4360           0
   35.662     0.0177321     0.0056403           4        4360           0
   35.831     0.0216279     0.0045047           4        4360           0
   36.001     0.0222012     0.0035344           4        4360           0
   36.170     0.0229678     0.0028174           4        4360           0
   36.339     0.0178176     0.0050987           4        4360           0
   36.509     0.0120229     0.0090456           4        4360           0
   36.678     0.0129411     0.0070584           4        4360           0
   36.847     0.0184535     0.0057142           4        4360           0
   37.017     0.0136737     0.0039944           4        4360           0
   37.186     0.0140175     0.0080147           4        4360           0
   37.355     0.0236551     0.0061069           4        4360           0
   37.525     0.0178222     0.0055655           4        4360           0
   37.694     0.0167456     0.0092061           4        4360           0
   37.864     0.0209562     0.0101814           4        4360           0
   38.033     0.0164533     0.0079420           4        4360           0
   38.202     0.0284380     0.0073320           4        4360           0
   38.372     0.0130341     0.0188201           4        4360           0
   38.541     0.0062684     0.0234855           4        4360           0
   38.710     0.0130431     0.0251459           4        4360           0
   38.880    -0.0022103     0.0328772           4        4360           0
   39.049    -0.0010347     0.2665287           4        4360           0
   39.218    -0.0003570     0.1218098           4        4360           0
   39.388     0.0116082     0.0191089           4        4360           0
   39.557     0.0267799     0.0382823           4        4360           0
   39.727     0.0366471     0.0757300           4        4360           0
   39.896     0.0001675     0.0524275           4        4488           0
   40.065    -0.0102079     0.0146105           4        4488           0
   40.235     0.0011939     0.0051122           4        4488           0
   40.404    -0.0000700     0.0031003           4        4488           0
   40.573     0.0001217     0.0009770           4        4488           0
   40.743     0.0001220     0.0005295           4        4508           0
   40.912    -0.0002091     0.0004951           4        4488           0
   41.081     0.0001227     0.0002816           4        4488           0
   41.251     0.0001829     0.0002593           4        4488           0
   41.420     0.0000941     0.0003812           4        4488           0
   41.589     0.0007059     0.0004119           4        4488           0
   41.759     0.0008881     0.0003550           4        4488           0
   41.928     0.0000934     0.0011832           4        4508           0
   42.097     0.0009517     0.0007648           4        4508           0
   42.267     0.0017703     0.0010294           4        4488           0
