wave flux error channelflag bitflag stitchflag
    5.127     0.0008549     0.0032746           1         392           0
    5.157     0.0002982     0.0020251           1         136           0
    5.187     0.0004908     0.0009319           1         136           0
    5.217     0.0003226     0.0005534           1         136           0
    5.247    -0.0000393     0.0005984           1         136           0
    5.278     0.0004219     0.0006209           1         136           0
    5.308     0.0000147     0.0006035           1         136           0
    5.338     0.0004328     0.0005720           1         392           0
    5.368     0.0002119     0.0006211           1         392           0
    5.399     0.0000941     0.0005997           1       16776           0
    5.429     0.0003329     0.0005502           1       16796           0
    5.459    -0.0001296     0.0005205           1       16796           0
    5.489     0.0000107     0.0004861           1         392           0
    5.520     0.0000995     0.0004749           1         392           0
    5.550     0.0001935     0.0005072           1         392           0
    5.580    -0.0000408     0.0004980           1         392           0
    5.610    -0.0001342     0.0004854           1         392           0
    5.641    -0.0000123     0.0004858           1        8468           0
    5.671     0.0002389     0.0004323           1        8468           0
    5.701    -0.0001521     0.0004327           1         392           0
    5.731    -0.0000361     0.0004697           1         392           0
    5.762     0.0001619     0.0004600           1         412           0
    5.792    -0.0000409     0.0004757           1         412           0
    5.822     0.0002081     0.0004721           1         392           0
    5.852     0.0000545     0.0005267           1         392           0
    5.883    -0.0000482     0.0005555           1         392           0
    5.913    -0.0000678     0.0005410           1         136           0
    5.943     0.0001063     0.0005244           1         136           0
    5.973     0.0001100     0.0004861           1         136           0
    6.004    -0.0000721     0.0004502           1         136           0
    6.034     0.0001610     0.0004907           1         136           0
    6.064     0.0001671     0.0005067           1         392           0
    6.094     0.0000760     0.0004589           1         392           0
    6.125     0.0003092     0.0004879           1         392           0
    6.155     0.0002493     0.0004927           1         392           0
    6.185    -0.0000841     0.0004618           1         392           0
    6.215    -0.0003530     0.0005303           1         392           0
    6.245     0.0002201     0.0004474           1         392           0
    6.276     0.0003461     0.0003884           1         392           0
    6.306     0.0004302     0.0004090           1         392           0
    6.336     0.0008980     0.0004061           1         392           0
    6.366     0.0004919     0.0005397           1         392           0
    6.397     0.0000712     0.0005486           1         392           0
    6.427     0.0000227     0.0005307           1         392           0
    6.457    -0.0005223     0.0004723           1         392           0
    6.487     0.0007061     0.0005743           1         392           0
    6.518     0.0002516     0.0006374           1         392           0
    6.548     0.0005556     0.0006596           1         392           0
    6.578     0.0003262     0.0007048           1         392           0
    6.608     0.0005162     0.0006966           1         392           0
    6.639     0.0004211     0.0006611           1         136           0
    6.669     0.0001044     0.0006736           1         136           0
    6.699     0.0001686     0.0006697           1         136           0
    6.729     0.0000575     0.0006321           1         136           0
    6.760    -0.0025027     0.0006942           1         136           0
    6.790     0.0003632     0.0008655           1         392           0
    6.820     0.0007137     0.0008045           1         392           0
    6.850     0.0009226     0.0007599           1         392           0
    6.881     0.0010164     0.0008166           1         392           0
    6.911     0.0015724     0.0006877           1         392           0
    6.941     0.0009868     0.0007870           1         392           0
    6.971     0.0011881     0.0007923           1         392           0
    7.002     0.0006229     0.0009712           1         392           0
    7.032     0.0006348     0.0008366           1         392           0
    7.062     0.0004046     0.0008642           1         392           0
    7.092     0.0007159     0.0007867           1         392           0
    7.122     0.0004832     0.0008202           1         392           0
    7.153     0.0003497     0.0007674           1         392           0
    7.183     0.0001114     0.0007296           1         392           0
    7.213     0.0007605     0.0006620           1         392           0
    7.243     0.0006379     0.0008350           1         392           0
    7.274     0.0005928     0.0008208           1         392           0
    7.304     0.0004448     0.0008773           1         392           0
    7.334     0.0005370     0.0011476           1       53312           0
    7.395     0.0007465     0.0012072           1       18496           0
    7.455     0.0005683     0.0010640           1       18496           0
    7.516     0.0003724     0.0010406           1       53312           0
    7.576     0.0004102     0.0013392           1      153664           0
    7.637     0.0005878     0.0005521           1         392           0
    7.697     0.0007451     0.0005871           1         392           0
    7.758     0.0006246     0.0007165           1         392           0
    7.818     0.0007743     0.0006956           1         392           0
    7.879     0.0008382     0.0006483           1         392           0
    7.939     0.0007347     0.0006731           1         392           0
    8.000     0.0008485     0.0006284           1         392           0
    8.060     0.0007802     0.0006475           1         392           0
    8.120     0.0004417     0.0005629           1         392           0
    8.181     0.0005459     0.0004671           1         392           0
    8.241     0.0011785     0.0004470           1         392           0
    8.302     0.0018863     0.0004984           1         392           0
    8.362     0.0020860     0.0002652           2       16796           0
    8.423     0.0023127     0.0002627           2       16796           0
    8.483     0.0023791     0.0002390           2       16792           0
    8.544     0.0020090     0.0002779           2       16776           0
    8.604     0.0015741     0.0002532           2         392           0
    8.665     0.0019795     0.0002684           2         392           0
    8.725     0.0032250     0.0002230           2         392           0
    8.786     0.0030580     0.0002589           2         392           0
    8.846     0.0021989     0.0003001           2         392           0
    8.907     0.0019704     0.0003354           2         392           0
    8.967     0.0016325     0.0003606           2         392           0
    9.028     0.0020271     0.0003506           2         136           0
    9.088     0.0015448     0.0003648           2         136           0
    9.149     0.0017282     0.0003560           2         136           0
    9.209     0.0015095     0.0003592           2         136           0
    9.270     0.0016933     0.0003426           2         136           0
    9.330     0.0015132     0.0003739           2         136           0
    9.391     0.0017445     0.0003790           2         392           0
    9.451     0.0016575     0.0003586           2         392           0
    9.512     0.0023413     0.0002609           2         392           0
    9.572     0.0014670     0.0002723           2         392           0
    9.633     0.0018961     0.0002922           2         392           0
    9.693     0.0015016     0.0003195           2         392           0
    9.754     0.0010602     0.0003226           2       16796           0
    9.814     0.0009872     0.0002892           2       16796           0
    9.875     0.0004865     0.0003446           2         392           0
    9.935     0.0008197     0.0002985           2         392           0
    9.995     0.0008551     0.0002904           2         392           0
   10.056     0.0005622     0.0003278           2         392           0
   10.116     0.0008620     0.0003128           2         392           0
   10.177     0.0009626     0.0002530           2         392           0
   10.237     0.0008377     0.0002542           2         392           0
   10.298     0.0007633     0.0002767           2         392           0
   10.358     0.0008094     0.0002607           2         392           0
   10.419     0.0009247     0.0002588           2         392           0
   10.479     0.0005123     0.0003045           2         392           0
   10.540     0.0004836     0.0003215           2         392           0
   10.600     0.0008551     0.0002745           2         392           0
   10.661     0.0007293     0.0002656           2         392           0
   10.721     0.0011779     0.0002732           2         392           0
   10.782     0.0011456     0.0003020           2         392           0
   10.842     0.0005229     0.0003556           2         392           0
   10.903     0.0005827     0.0003587           2         392           0
   10.963     0.0007023     0.0003629           2         392           0
   11.024     0.0008564     0.0003781           2         392           0
   11.084     0.0007661     0.0003430           2         392           0
   11.145     0.0006410     0.0003867           2         392           0
   11.205     0.0008505     0.0004080           2         392           0
   11.266     0.0006284     0.0004172           2         392           0
   11.326     0.0004734     0.0004215           2         392           0
   11.387     0.0005945     0.0004325           2         412           0
   11.447     0.0008975     0.0003879           2         412           0
   11.508     0.0007737     0.0004745           2         392           0
   11.568     0.0009352     0.0003847           2         392           0
   11.628     0.0005426     0.0004958           2         392           0
   11.689     0.0009122     0.0004933           2         392           0
   11.750     0.0011986     0.0004168           2         392           0
   11.810     0.0009468     0.0004647           2         392           0
   11.870     0.0011954     0.0004164           2         392           0
   11.931     0.0013371     0.0004056           2         392           0
   11.991     0.0013110     0.0004072           2         392           0
   12.052     0.0017478     0.0004037           2         392           0
   12.112     0.0013671     0.0004171           2         392           0
   12.173     0.0011637     0.0004544           2         392           0
   12.233     0.0020851     0.0004262           2         392           0
   12.294     0.0020162     0.0004136           2         392           0
   12.354     0.0028268     0.0004182           2         392           0
   12.415     0.0038576     0.0004233           2         392           0
   12.475     0.0052996     0.0003253           2         392           0
   12.536     0.0057634     0.0004107           2         392           0
   12.596     0.0051849     0.0003870           2         392           0
   12.657     0.0042462     0.0003907           2         392           0
   12.717     0.0031755     0.0003632           2         392           0
   12.778     0.0022538     0.0002900           2         392           0
   12.838     0.0022735     0.0003814           2         392           0
   12.899     0.0019795     0.0003932           2         392           0
   12.959     0.0016749     0.0003106           2         392           0
   13.020     0.0018325     0.0003992           2         392           0
   13.080     0.0019246     0.0004140           2         392           0
   13.141     0.0020468     0.0004239           2         392           0
   13.201     0.0018814     0.0004267           2         392           0
   13.262     0.0020123     0.0004200           2         392           0
   13.322     0.0023770     0.0004438           2         392           0
   13.383     0.0025701     0.0004671           2         392           0
   13.443     0.0023992     0.0004893           2         392           0
   13.503     0.0015464     0.0005785           2         392           0
   13.564     0.0023071     0.0005058           2         392           0
   13.625     0.0023217     0.0005529           2         392           0
   13.685     0.0026420     0.0005761           2         392           0
   13.745     0.0028429     0.0006003           2         392           0
   13.806     0.0023173     0.0005717           2         392           0
   13.866     0.0029500     0.0006187           2         392           0
   13.927     0.0035584     0.0006150           2         392           0
   13.985     0.0047944     0.0007044           3        4488           0
   14.069     0.0039982     0.0005830           3        4360           0
   14.154     0.0041817     0.0006021           3        4360           0
   14.239     0.0051317     0.0004990           3        4360           0
   14.323     0.0040399     0.0015107           3        4360           0
   14.408     0.0027243     0.0009418           3        4360           0
   14.493     0.0022265     0.0003923           3        4360           0
   14.577     0.0022627     0.0004307           3        4360           0
   14.662     0.0024321     0.0004806           3        4360           0
   14.747     0.0024000     0.0004814           3        4360           0
   14.832     0.0024609     0.0004821           3        4360           0
   14.916     0.0019912     0.0005113           3        4360           0
   15.001     0.0022738     0.0004961           3        4360           0
   15.085     0.0029369     0.0004923           3        4360           0
   15.170     0.0021582     0.0003921           3        4360           0
   15.255     0.0019674     0.0005185           3        4360           0
   15.340     0.0017003     0.0004688           3        4360           0
   15.424     0.0016021     0.0003336           3        4360           0
   15.509     0.0015907     0.0003805           3        4360           0
   15.594     0.0018949     0.0004084           3        4360           0
   15.678     0.0018042     0.0004007           3        4360           0
   15.763     0.0016360     0.0003899           3        4360           0
   15.848     0.0017708     0.0003944           3        4360           0
   15.932     0.0020987     0.0005065           3        4360           0
   16.017     0.0018155     0.0005577           3        4360           0
   16.102     0.0017034     0.0005588           3        4360           0
   16.186     0.0018824     0.0005560           3        4360           0
   16.271     0.0016040     0.0005632           3        4360           0
   16.356     0.0017579     0.0004978           3        4360           0
   16.440     0.0018858     0.0005043           3        4360           0
   16.525     0.0019201     0.0030093           3        4360           0
   16.610     0.0020675     0.0023145           3        4360           0
   16.694     0.0020433     0.0008087           3        4360           0
   16.779     0.0016787     0.0012365           3        4360           0
   16.864     0.0014445     0.0019563           3        4360           0
   16.948     0.0013892     0.0006453           3        4360           0
   17.033     0.0013366     0.0005391           3        4360           0
   17.118     0.0016336     0.0012285           3        4360           0
   17.202     0.0024949     0.0008278           3        4360           0
   17.287     0.0027664     0.0006326           3        4360           0
   17.372     0.0019294     0.0006304           3        4360           0
   17.456     0.0022067     0.0006389           3        4360           0
   17.541     0.0026776     0.0005743           3        4360           0
   17.626     0.0028352     0.0005571           3        4360           0
   17.711     0.0020336     0.0005232           3        4360           0
   17.795     0.0018287     0.0005524           3        4360           0
   17.880     0.0034458     0.0003928           3        4360           0
   17.965     0.0022070     0.0005933           3        4360           0
   18.049     0.0028851     0.0006015           3        4360           0
   18.134     0.0028534     0.0006206           3        4360           0
   18.219     0.0034644     0.0007051           3        4360           0
   18.303     0.0044767     0.0007119           3        4360           0
   18.388     0.0037009     0.0006450           3        4360           0
   18.472     0.0034784     0.0006953           3        4360           0
   18.557     0.0037727     0.0007562           3        4360           0
   18.642     0.0032485     0.0006857           3        4360           0
   18.727     0.0035520     0.0019701           3        4360           0
   18.811     0.0043174     0.0013155           3        4360           0
   18.896     0.0050389     0.0006341           3        4360           0
   18.981     0.0050419     0.0005887           3        4360           0
   19.065     0.0042410     0.0006501           3        4360           0
   19.150     0.0036642     0.0009641           3        4360           0
   19.235     0.0023454     0.0008911           3    19009600           0
   19.404     0.0025716     0.0017038           3    19009600           0
   19.573     0.0019752     0.0011616           3    19009600           0
   19.743     0.0023411     0.0011672           3    19009600           0
   19.912     0.0019242     0.0011479           3    19009600           0
   20.081     0.0018606     0.0033360           3        4360           0
   20.251     0.0024901     0.0020038           3        4360           0
   20.420     0.0021228     0.0018122           3        4360           0
   20.590     0.0023797     0.0019798           3        4360           0
   20.759     0.0031691     0.0015313           3        4360           0
   20.928     0.0036540     0.0017154           3        4360           0
   21.097     0.0031715     0.0006209           4        4360           0
   21.267     0.0032630     0.0007786           4        4360           0
   21.436     0.0025989     0.0007967           4        4360           0
   21.606     0.0026888     0.0007877           4        4360           0
   21.775     0.0025002     0.0007656           4        4360           0
   21.944     0.0038413     0.0008246           4        4360           0
   22.114     0.0037311     0.0007419           4        4360           0
   22.283     0.0013687     0.0004958           4        4360           0
   22.452     0.0022692     0.0006322           4        4360           0
   22.622     0.0020401     0.0007150           4        4360           0
   22.791     0.0026048     0.0006548           4        4360           0
   22.960     0.0021240     0.0004614           4        4360           0
   23.130     0.0023212     0.0005424           4        4360           0
   23.299     0.0028540     0.0005702           4        4360           0
   23.469     0.0025152     0.0005936           4        4360           0
   23.638     0.0025819     0.0005922           4        4360           0
   23.807     0.0021901     0.0012433           4        4360           0
   23.976     0.0016846     0.0039586           4        4360           0
   24.146     0.0028239     0.0005320           4        4360           0
   24.315     0.0036054     0.0006529           4        4360           0
   24.485     0.0032366     0.0005861           4        4360           0
   24.654     0.0030190     0.0006468           4        4360           0
   24.823     0.0030696     0.0006642           4        4360           0
   24.993     0.0028812     0.0006448           4        4360           0
   25.162     0.0032743     0.0006473           4        4360           0
   25.331     0.0029113     0.0006360           4        4360           0
   25.501     0.0026395     0.0007216           4        4360           0
   25.670     0.0031709     0.0032425           4        4360           0
   25.839     0.0026214     0.0025972           4        4360           0
   26.009     0.0028650     0.0032842           4        4360           0
   26.178     0.0028065     0.0019548           4        4360           0
   26.347     0.0037065     0.0010734           4        4360           0
   26.517     0.0037412     0.0005135           4        4360           0
   26.686     0.0031957     0.0005825           4        4360           0
   26.856     0.0042154     0.0004612           4        4360           0
   27.025     0.0028028     0.0004636           4        4360           0
   27.194     0.0037083     0.0005247           4        4360           0
   27.364     0.0032324     0.0004513           4        4360           0
   27.533     0.0034749     0.0004504           4        4360           0
   27.702     0.0031815     0.0006207           4        4360           0
   27.872     0.0029871     0.0006446           4        4360           0
   28.041     0.0036263     0.0006381           4        4360           0
   28.210     0.0010828     0.0008107           4        4360           0
   28.380     0.0029861     0.0007975           4        4360           0
   28.549     0.0032573     0.0007267           4        4360           0
   28.719     0.0056283     0.0005446           4        4360           0
   28.888     0.0051845     0.0006543           4        4360           0
   29.057     0.0043758     0.0006855           4        4360           0
   29.226     0.0039697     0.0007365           4        4360           0
   29.396     0.0028074     0.0009557           4        4360           0
   29.565     0.0026711     0.0009322           4        4360           0
   29.735     0.0031272     0.0006999           4        4360           0
   29.904     0.0028625     0.0008471           4        4360           0
   30.073     0.0036744     0.0006603           4        4360           0
   30.243     0.0044750     0.0007502           4        4360           0
   30.412     0.0042541     0.0008928           4        4360           0
   30.581     0.0033990     0.0011746           4        4360           0
   30.751     0.0035075     0.0009396           4        4360           0
   30.920     0.0035595     0.0015814           4        4360           0
   31.089     0.0038470     0.0009590           4        4360           0
   31.259     0.0046207     0.0008396           4        4360           0
   31.428     0.0051822     0.0007634           4        4360           0
   31.597     0.0045034     0.0007496           4        4360           0
   31.767     0.0036789     0.0007672           4        4360           0
   31.936     0.0040992     0.0008561           4        4360           0
   32.105     0.0045515     0.0010202           4        4360           0
   32.275     0.0053059     0.0010106           4        4360           0
   32.444     0.0048185     0.0012924           4        4360           0
   32.614     0.0052228     0.0013735           4        4360           0
   32.783     0.0049094     0.0013123           4        4360           0
   32.952     0.0034529     0.0013433           4        4360           0
   33.122     0.0045445     0.0023349           4        4360           0
   33.291     0.0054086     0.0014715           4        4360           0
   33.460     0.0057208     0.0012842           4        4360           0
   33.630     0.0106560     0.0010962           4        4360           0
   33.799     0.0028723     0.0014179           4        4360           0
   33.968     0.0018147     0.0025355           4        4360           0
   34.138     0.0045753     0.0030316           4        4360           0
   34.307     0.0046200     0.0022004           4        4360           0
   34.477     0.0044108     0.0022525           4        4360           0
   34.646     0.0051320     0.0019353           4        4360           0
   34.815     0.0053538     0.0020279           4        4360           0
   34.985     0.0067643     0.0026649           4        4360           0
   35.154     0.0052403     0.0026017           4        4360           0
   35.323     0.0077892     0.0047219           4        4360           0
   35.493     0.0061532     0.0043334           4        4360           0
   35.662     0.0058680     0.0027336           4        4360           0
   35.831     0.0057922     0.0026413           4        4360           0
   36.001     0.0085004     0.0025954           4        4360           0
   36.170     0.0086708     0.0027710           4        4360           0
   36.339     0.0074803     0.0036449           4        4360           0
   36.509     0.0047853     0.0055772           4        4360           0
   36.678     0.0072237     0.0043947           4        4360           0
   36.847     0.0062700     0.0050609           4        4360           0
   37.017     0.0052906     0.0046341           4        4360           0
   37.186     0.0106551     0.0084770           4        4360           0
   37.355     0.0096413     0.0076291           4        4360           0
   37.525     0.0073752     0.0045539           4        4360           0
   37.694     0.0098511     0.0051813           4        4360           0
   37.864     0.0135398     0.0069275           4        4360           0
   38.033     0.0188762     0.0160667           4        4360           0
   38.202     0.0181566     0.0238991           4        4360           0
   38.372     0.0079282     0.0137059           4        4360           0
   38.541     0.0125100     0.0094539           4        4360           0
   38.710     0.0088844     0.0241961           4        4360           0
   38.880     0.0097344     0.0168586           4        4360           0
   39.049    -0.0053909     0.0200410           4        4360           0
   39.218     0.0001737     0.0117447           4        4360           0
   39.388     0.0006849     0.0133152           4        4360           0
   39.557     0.0076395     0.0387259           4        4360           0
   39.727     0.0063866     0.0653488           4        4360           0
   39.896     0.0026889     0.0173957           4        4488           0
   40.065     0.0015356     0.0112412           4        4488           0
   40.235    -0.0001140     0.0036603           4        4488           0
   40.404    -0.0001238     0.0012407           4        4488           0
   40.573    -0.0001185     0.0008597           4        4488           0
   40.743     0.0002322     0.0003986           4        4508           0
   40.912    -0.0000081     0.0002427           4        4488           0
   41.081    -0.0000023     0.0001367           4        4488           0
   41.251     0.0000723     0.0001464           4        4488           0
   41.420     0.0000526     0.0002281           4        4488           0
   41.589     0.0000512     0.0003304           4        4488           0
   41.759     0.0000187     0.0003721           4        4488           0
   41.928     0.0000579     0.0008974           4        4508           0
   42.097    -0.0000300     0.0005965           4        4508           0
   42.267     0.0000084     0.0006942           4        4488           0
