wave flux error channelflag bitflag stitchflag
    5.127     0.0003603     0.0038599           1         392           0
    5.157     0.0003276     0.0022510           1         136           0
    5.187    -0.0002250     0.0010034           1         136           0
    5.217     0.0000024     0.0006000           1         136           0
    5.247     0.0005196     0.0006428           1         136           0
    5.278     0.0002611     0.0006937           1         136           0
    5.308     0.0000032     0.0006590           1         136           0
    5.338     0.0000348     0.0005952           1         392           0
    5.368    -0.0001073     0.0006652           1         392           0
    5.399    -0.0001863     0.0006460           1       16776           0
    5.429     0.0000260     0.0006441           1       16796           0
    5.459     0.0002230     0.0005578           1       16796           0
    5.489    -0.0000411     0.0005223           1         392           0
    5.520     0.0003447     0.0004791           1         392           0
    5.550    -0.0003765     0.0004903           1         392           0
    5.580     0.0006404     0.0005958           1         392           0
    5.610     0.0003857     0.0004993           1         392           0
    5.641     0.0002381     0.0004764           1        8468           0
    5.671     0.0002894     0.0004403           1        8468           0
    5.701    -0.0000028     0.0004184           1         392           0
    5.731    -0.0002077     0.0004210           1         392           0
    5.762    -0.0001462     0.0004777           1         412           0
    5.792     0.0000354     0.0004182           1         412           0
    5.822     0.0001298     0.0004098           1         392           0
    5.852     0.0001385     0.0004898           1         392           0
    5.883     0.0002957     0.0005038           1         392           0
    5.913     0.0004175     0.0004995           1         136           0
    5.943     0.0001385     0.0004756           1         136           0
    5.973     0.0000572     0.0004762           1         136           0
    6.004     0.0003046     0.0004757           1         136           0
    6.034     0.0003397     0.0004537           1         136           0
    6.064     0.0003664     0.0004192           1         392           0
    6.094     0.0002586     0.0004009           1         392           0
    6.125     0.0001264     0.0004254           1         392           0
    6.155     0.0000305     0.0004711           1         392           0
    6.185    -0.0000458     0.0004807           1         392           0
    6.215     0.0002726     0.0004916           1         392           0
    6.245     0.0005497     0.0004286           1         392           0
    6.276     0.0006028     0.0003861           1         392           0
    6.306     0.0016373     0.0003793           1         392           0
    6.336     0.0016141     0.0004429           1         392           0
    6.366     0.0008123     0.0004809           1         392           0
    6.397     0.0012215     0.0004794           1         392           0
    6.427     0.0028661     0.0003855           1         392           0
    6.457     0.0028540     0.0002850           1         392           0
    6.487     0.0050358     0.0004436           1         392           0
    6.518     0.0048380     0.0002910           1         392           0
    6.548     0.0054751     0.0005141           1         392           0
    6.578     0.0043915     0.0006210           1         392           0
    6.608     0.0037975     0.0005446           1         392           0
    6.639     0.0007459     0.0005090           1         136           0
    6.669     0.0027558     0.0005404           1         136           0
    6.699     0.0022619     0.0005424           1         136           0
    6.729     0.0023399     0.0005145           1         136           0
    6.760    -0.0005709     0.0005731           1         136           0
    6.790     0.0010134     0.0008130           1         392           0
    6.820     0.0008667     0.0007952           1         392           0
    6.850     0.0014915     0.0008174           1         392           0
    6.881     0.0002803     0.0007034           1         392           0
    6.911     0.0007037     0.0007776           1         392           0
    6.941     0.0005064     0.0007985           1         392           0
    6.971     0.0016434     0.0006988           1         392           0
    7.002     0.0007578     0.0005813           1         392           0
    7.032     0.0029727     0.0006492           1         392           0
    7.062     0.0020135     0.0006767           1         392           0
    7.092     0.0028103     0.0005387           1         392           0
    7.122     0.0012578     0.0006781           1         392           0
    7.153     0.0023680     0.0005152           1         392           0
    7.183     0.0019751     0.0005950           1         392           0
    7.213     0.0024336     0.0004954           1         392           0
    7.243     0.0022343     0.0005330           1         392           0
    7.274     0.0012193     0.0006733           1         392           0
    7.304     0.0028126     0.0005751           1         392           0
    7.334     0.0029080     0.0008905           1       53312           0
    7.395     0.0030722     0.0008982           1       18496           0
    7.455     0.0024750     0.0007223           1       18496           0
    7.516     0.0024900     0.0006909           1       53312           0
    7.576     0.0027830     0.0010897           1      153664           0
    7.637     0.0050263     0.0005831           1         136           0
    7.697     0.0067685     0.0004563           1         392           0
    7.758     0.0130235     0.0004053           2         392           0
    7.818     0.0162920     0.0002710           2         392           0
    7.879     0.0182454     0.0003787           2         392           0
    7.939     0.0241657     0.0004265           2         392           0
    8.000     0.0257053     0.0004097           2         392           0
    8.060     0.0248749     0.0003872           2         392           0
    8.120     0.0238185     0.0003681           2         392           0
    8.181     0.0232153     0.0003593           2         392           0
    8.241     0.0223129     0.0002817           2         392           0
    8.302     0.0199634     0.0002772           2         392           0
    8.362     0.0168383     0.0003451           2       16796           0
    8.423     0.0148112     0.0002776           2       16796           0
    8.483     0.0128579     0.0002891           2       16792           0
    8.544     0.0121398     0.0003156           2       16776           0
    8.604     0.0116424     0.0002603           2         392           0
    8.665     0.0111631     0.0003160           2         392           0
    8.725     0.0119697     0.0002798           2         392           0
    8.786     0.0122020     0.0002738           2         392           0
    8.846     0.0125240     0.0002613           2         392           0
    8.907     0.0142063     0.0002583           2         392           0
    8.967     0.0148397     0.0003901           2         392           0
    9.028     0.0142074     0.0002828           2         136           0
    9.088     0.0150705     0.0003063           2         136           0
    9.149     0.0121532     0.0002655           2         136           0
    9.209     0.0102872     0.0003605           2         136           0
    9.270     0.0082062     0.0003526           2         136           0
    9.330     0.0067429     0.0003809           2         136           0
    9.391     0.0063024     0.0003967           2         392           0
    9.451     0.0060676     0.0003746           2         392           0
    9.512     0.0050827     0.0003696           2         392           0
    9.572     0.0047712     0.0003455           2         392           0
    9.633     0.0045588     0.0003244           2         392           0
    9.693     0.0045140     0.0003152           2         392           0
    9.754     0.0043387     0.0003297           2       16796           0
    9.814     0.0040384     0.0003108           2       16796           0
    9.875     0.0041763     0.0002956           2         392           0
    9.935     0.0042233     0.0003019           2         392           0
    9.995     0.0041558     0.0002824           2         392           0
   10.056     0.0043548     0.0002644           2         392           0
   10.116     0.0047131     0.0002105           2         392           0
   10.177     0.0047840     0.0002735           2         392           0
   10.237     0.0043895     0.0002662           2         392           0
   10.298     0.0040929     0.0002737           2         392           0
   10.358     0.0039493     0.0002646           2         392           0
   10.419     0.0037719     0.0002558           2         392           0
   10.479     0.0039902     0.0002854           2         392           0
   10.540     0.0040171     0.0002935           2         392           0
   10.600     0.0039440     0.0002901           2         392           0
   10.661     0.0038628     0.0002948           2         392           0
   10.721     0.0038273     0.0003031           2         392           0
   10.782     0.0039228     0.0003262           2         392           0
   10.842     0.0041512     0.0003051           2         392           0
   10.903     0.0043368     0.0003402           2         392           0
   10.963     0.0049192     0.0003247           2         392           0
   11.024     0.0055926     0.0003424           2         392           0
   11.084     0.0063077     0.0003242           2         392           0
   11.145     0.0065617     0.0003307           2         392           0
   11.205     0.0060695     0.0003468           2         392           0
   11.266     0.0061067     0.0003793           2         392           0
   11.326     0.0061228     0.0003734           2         392           0
   11.387     0.0061023     0.0003527           2         412           0
   11.447     0.0072830     0.0004043           2         412           0
   11.508     0.0089568     0.0004021           2         392           0
   11.568     0.0114842     0.0004132           2         392           0
   11.628     0.0138233     0.0003205           2         392           0
   11.689     0.0132804     0.0003562           2         392           0
   11.750     0.0273380     0.0002420           2         392           0
   11.810     0.0316521     0.0003783           2         392           0
   11.870     0.0260280     0.0002370           2         392           0
   11.931     0.0218900     0.0002560           2         392           0
   11.991     0.0180365     0.0003352           2         392           0
   12.052     0.0142372     0.0004499           2         392           0
   12.112     0.0121555     0.0004623           2         392           0
   12.173     0.0108308     0.0004350           2         392           0
   12.233     0.0101145     0.0004270           2         392           0
   12.294     0.0095741     0.0004517           2         392           0
   12.354     0.0098244     0.0004542           2         392           0
   12.415     0.0099161     0.0004280           2         392           0
   12.475     0.0104455     0.0003958           2         392           0
   12.536     0.0108682     0.0003828           2         392           0
   12.596     0.0107607     0.0003897           2         392           0
   12.657     0.0104167     0.0003785           2         392           0
   12.717     0.0102640     0.0003840           2         392           0
   12.778     0.0100481     0.0003988           2         392           0
   12.838     0.0103313     0.0003843           2         392           0
   12.899     0.0108029     0.0004068           2         392           0
   12.959     0.0114171     0.0004250           2         392           0
   13.020     0.0125304     0.0004131           2         392           0
   13.080     0.0128913     0.0004267           2         392           0
   13.141     0.0138325     0.0004342           2         392           0
   13.201     0.0153353     0.0004495           2         392           0
   13.262     0.0160855     0.0004778           2         392           0
   13.322     0.0165453     0.0004921           2         392           0
   13.383     0.0185435     0.0004184           2         392           0
   13.443     0.0224650     0.0003130           2         392           0
   13.503     0.0167612     0.0004628           2         392           0
   13.564     0.0105074     0.0004364           2         392           0
   13.625     0.0090182     0.0005355           2         392           0
   13.685     0.0083710     0.0005813           2         392           0
   13.745     0.0083134     0.0003977           2         392           0
   13.806     0.0080851     0.0006058           2         392           0
   13.866     0.0082985     0.0005768           2         392           0
   13.927     0.0081491     0.0006253           2         392           0
   13.987     0.0083839     0.0006335           2         392           0
   14.048     0.0081532     0.0007368           2         392           0
   14.108     0.0082203     0.0007165           2         392           0
   14.169     0.0091916     0.0007259           2         392           0
   14.239     0.0084163     0.0006102           3        4360           0
   14.323     0.0079569     0.0006280           3        4360           0
   14.408     0.0077957     0.0031977           3        4360           0
   14.493     0.0076276     0.0024331           3        4360           0
   14.577     0.0080788     0.0006315           3        4360           0
   14.662     0.0066799     0.0004440           3        4360           0
   14.747     0.0068196     0.0006911           3        4360           0
   14.832     0.0075960     0.0005944           3        4360           0
   14.916     0.0085213     0.0007145           3        4360           0
   15.001     0.0082946     0.0007758           3        4360           0
   15.085     0.0080523     0.0013072           3        4360           0
   15.170     0.0069864     0.0035475           3        4360           0
   15.255     0.0064717     0.0011541           3        4360           0
   15.340     0.0059393     0.0008076           3        4360           0
   15.424     0.0064102     0.0005464           3        4360           0
   15.509     0.0070162     0.0005626           3        4360           0
   15.594     0.0071797     0.0005385           3        4360           0
   15.678     0.0070919     0.0004716           3        4360           0
   15.763     0.0069703     0.0003250           3        4360           0
   15.848     0.0065517     0.0004374           3        4360           0
   15.932     0.0076430     0.0004147           3        4360           0
   16.017     0.0067831     0.0007485           3        4360           0
   16.102     0.0064399     0.0007460           3        4360           0
   16.186     0.0078682     0.0008461           3        4360           0
   16.271     0.0099488     0.0006755           3        4360           0
   16.356     0.0136384     0.0008403           3        4360           0
   16.440     0.0097484     0.0011328           3        4360           0
   16.525     0.0083155     0.0009336           3        4360           0
   16.610     0.0082925     0.0006127           3        4360           0
   16.694     0.0086566     0.0004792           3        4360           0
   16.779     0.0087132     0.0006266           3        4360           0
   16.864     0.0090267     0.0007713           3        4360           0
   16.948     0.0085460     0.0008633           3        4360           0
   17.033     0.0096865     0.0007610           3        4360           0
   17.118     0.0117957     0.0013458           3        4360           0
   17.202     0.0148233     0.0012832           3        4360           0
   17.287     0.0156240     0.0008427           3        4360           0
   17.372     0.0142784     0.0009479           3        4360           0
   17.456     0.0135222     0.0007075           3        4360           0
   17.541     0.0144168     0.0006143           3        4360           0
   17.626     0.0149334     0.0006386           3        4360           0
   17.711     0.0151408     0.0006420           3        4360           0
   17.795     0.0158847     0.0027162           3        4360           0
   17.880     0.0171812     0.0028356           3        4360           0
   17.965     0.0174937     0.0009088           3        4360           0
   18.049     0.0161687     0.0009630           3        4360           0
   18.134     0.0156514     0.0008817           3        4360           0
   18.219     0.0158585     0.0009451           3        4360           0
   18.303     0.0150593     0.0010506           3        4360           0
   18.388     0.0139052     0.0011186           3        4360           0
   18.472     0.0118193     0.0010240           3        4360           0
   18.557     0.0122870     0.0033872           3        4360           0
   18.642     0.0120126     0.0020037           3        4360           0
   18.727     0.0126136     0.0057809           3        4360           0
   18.811     0.0125709     0.0051609           3        4360           0
   18.896     0.0118343     0.0008767           3        4360           0
   18.981     0.0116880     0.0008595           3        4360           0
   19.065     0.0106822     0.0007936           3        4360           0
   19.150     0.0106366     0.0009968           3        4360           0
   19.235     0.0065252     0.0013090           3    19009600           0
   19.404     0.0133888     0.0051011           3    19009600           0
   19.573     0.0128947     0.0016946           3    19009600           0
   19.743     0.0175188     0.0010464           3    19009600           0
   19.912     0.0114952     0.0017326           3    19009600           0
   20.081     0.0117018     0.0049656           3        4360           0
   20.251     0.0139098     0.0023910           3        4360           0
   20.420     0.0124019     0.0016191           3        4360           0
   20.590     0.0127358     0.0015396           3        4360           0
   20.759     0.0139335     0.0017471           3        4360           0
   20.928     0.0134668     0.0082144           3        4360           0
   21.097     0.0128349     0.0008942           4        4360           0
   21.267     0.0140384     0.0011069           4        4360           0
   21.436     0.0137285     0.0009466           4        4360           0
   21.606     0.0142049     0.0011051           4        4360           0
   21.775     0.0156596     0.0008970           4        4360           0
   21.944     0.0144474     0.0009622           4        4360           0
   22.114     0.0149433     0.0010200           4        4360           0
   22.283     0.0161742     0.0007512           4        4360           0
   22.452     0.0167858     0.0009412           4        4360           0
   22.622     0.0180487     0.0010757           4        4360           0
   22.791     0.0181472     0.0007908           4        4360           0
   22.960     0.0171677     0.0005631           4        4360           0
   23.130     0.0171744     0.0007353           4        4360           0
   23.299     0.0182380     0.0015352           4        4360           0
   23.469     0.0196718     0.0006136           4        4360           0
   23.638     0.0197318     0.0037086           4        4360           0
   23.807     0.0188868     0.0005728           4        4360           0
   23.976     0.0196214     0.0005718           4        4360           0
   24.146     0.0205952     0.0008856           4        4360           0
   24.315     0.0209491     0.0008311           4        4360           0
   24.485     0.0221943     0.0041996           4        4360           0
   24.654     0.0239141     0.0073822           4        4360           0
   24.823     0.0237224     0.0007999           4        4360           0
   24.993     0.0221275     0.0010772           4        4360           0
   25.162     0.0240248     0.0007704           4        4360           0
   25.331     0.0243790     0.0007740           4        4360           0
   25.501     0.0232801     0.0009223           4        4360           0
   25.670     0.0244308     0.0010124           4        4360           0
   25.839     0.0235422     0.0036061           4        4360           0
   26.009     0.0241755     0.0011438           4        4360           0
   26.178     0.0257280     0.0007859           4        4360           0
   26.347     0.0252091     0.0007808           4        4360           0
   26.517     0.0255989     0.0007488           4        4360           0
   26.686     0.0267418     0.0007697           4        4360           0
   26.856     0.0277897     0.0008118           4        4360           0
   27.025     0.0282565     0.0007688           4        4360           0
   27.194     0.0292210     0.0008338           4        4360           0
   27.364     0.0297920     0.0008191           4        4360           0
   27.533     0.0293348     0.0007858           4        4360           0
   27.702     0.0292335     0.0007413           4        4360           0
   27.872     0.0299185     0.0011018           4        4360           0
   28.041     0.0301617     0.0009544           4        4360           0
   28.210     0.0342606     0.0007880           4        4360           0
   28.380     0.0307314     0.0010050           4        4360           0
   28.549     0.0317560     0.0010146           4        4360           0
   28.719     0.0329291     0.0009606           4        4360           0
   28.888     0.0318924     0.0008831           4        4360           0
   29.057     0.0332764     0.0006506           4        4360           0
   29.226     0.0336681     0.0007170           4        4360           0
   29.396     0.0330800     0.0011473           4        4360           0
   29.565     0.0325823     0.0011146           4        4360           0
   29.735     0.0361684     0.0008969           4        4360           0
   29.904     0.0358068     0.0011846           4        4360           0
   30.073     0.0360495     0.0017092           4        4360           0
   30.243     0.0360268     0.0043293           4        4360           0
   30.412     0.0380072     0.0031394           4        4360           0
   30.581     0.0388248     0.0104135           4        4360           0
   30.751     0.0380245     0.0014809           4        4360           0
   30.920     0.0386961     0.0013099           4        4360           0
   31.089     0.0394958     0.0012144           4        4360           0
   31.259     0.0395584     0.0010222           4        4360           0
   31.428     0.0408058     0.0012491           4        4360           0
   31.597     0.0414755     0.0012606           4        4360           0
   31.767     0.0421639     0.0012743           4        4360           0
   31.936     0.0436147     0.0011358           4        4360           0
   32.105     0.0451333     0.0013933           4        4360           0
   32.275     0.0464714     0.0020369           4        4360           0
   32.444     0.0448134     0.0029222           4        4360           0
   32.614     0.0442481     0.0047310           4        4360           0
   32.783     0.0469459     0.0019808           4        4360           0
   32.952     0.0487727     0.0020056           4        4360           0
   33.122     0.0503681     0.0025631           4        4360           0
   33.291     0.0482307     0.0021371           4        4360           0
   33.460     0.0530237     0.0020550           4        4360           0
   33.630     0.0527947     0.0020686           4        4360           0
   33.799     0.0551926     0.0019078           4        4360           0
   33.968     0.0564943     0.0021007           4        4360           0
   34.138     0.0572271     0.0029547           4        4360           0
   34.307     0.0592780     0.0028877           4        4360           0
   34.477     0.0599578     0.0030091           4        4360           0
   34.646     0.0623157     0.0027369           4        4360           0
   34.815     0.0624989     0.0054978           4        4360           0
   34.985     0.0477411     0.0272298           4        4360           0
   35.154     0.0945523     0.0093347           4        4360           0
   35.323     0.0781632     0.0068751           4        4360           0
   35.493     0.0645439     0.0063059           4        4360           0
   35.662     0.0635387     0.0043138           4        4360           0
   35.831     0.0608564     0.0037414           4        4360           0
   36.001     0.0607248     0.0036654           4        4360           0
   36.170     0.0656942     0.0039143           4        4360           0
   36.339     0.0811844     0.0038730           4        4360           0
   36.509     0.1099759     0.0047857           4        4360           0
   36.678     0.1260840     0.0072947           4        4360           0
   36.847     0.0822833     0.0067829           4        4360           0
   37.017     0.0572288     0.0045319           4        4360           0
   37.186     0.0850418     0.0082637           4        4360           0
   37.355     0.0603502     0.0064712           4        4360           0
   37.525     0.0575470     0.0062642           4        4360           0
   37.694     0.0625904     0.0138308           4        4360           0
   37.864     0.0838373     0.0192014           4        4360           0
   38.033     0.0790437     0.0076028           4        4360           0
   38.202     0.0787446     0.0617333           4        4360           0
   38.372     0.0934538     0.0159580           4        4360           0
   38.541     0.0863218     0.0231909           4        4360           0
   38.710     0.0603115     0.0271448           4        4360           0
   38.880     0.0931399     0.0276102           4        4360           0
   39.049     0.0729075     0.2025609           4        4360           0
   39.218     0.0482544     0.0753781           4        4360           0
   39.388     0.0551199     0.0250461           4        4360           0
   39.557     0.0358868     0.0775598           4        4360           0
   39.727     0.0513766     0.1372439           4        4360           0
   39.896     0.0116067     0.0500953           4        4488           0
   40.065     0.0112556     0.0128699           4        4488           0
   40.235     0.0079952     0.0063238           4        4488           0
   40.404     0.0007128     0.0026768           4        4488           0
   40.573     0.0007878     0.0020766           4        4488           0
   40.743     0.0024001     0.0006182           4        4508           0
   40.912     0.0002037     0.0001904           4        4488           0
   41.081     0.0000893     0.0001764           4        4488           0
   41.251     0.0002538     0.0003102           4        4488           0
   41.420     0.0002243     0.0004965           4        4488           0
   41.589    -0.0000739     0.0005754           4        4488           0
   41.759     0.0007303     0.0003113           4        4488           0
   41.928     0.0009887     0.0011489           4        4508           0
   42.097     0.0005063     0.0006153           4        4508           0
   42.267     0.0039535     0.0010172           4        4488           0
