wave flux error channelflag bitflag stitchflag
    5.127     0.0004163     0.0029823           1         392           0
    5.157     0.0013404     0.0018310           1         136           0
    5.187    -0.0000610     0.0009517           1         136           0
    5.217     0.0006213     0.0006242           1         136           0
    5.247     0.0003722     0.0006059           1         136           0
    5.278     0.0005556     0.0006564           1         136           0
    5.308     0.0003712     0.0005766           1         136           0
    5.338     0.0003671     0.0004924           1         392           0
    5.368     0.0003218     0.0005424           1         392           0
    5.399     0.0003223     0.0005248           1       16776           0
    5.429     0.0006581     0.0005383           1       16796           0
    5.459     0.0001968     0.0005181           1       16796           0
    5.489     0.0000606     0.0004857           1         392           0
    5.520     0.0003613     0.0004642           1         392           0
    5.550     0.0007069     0.0004958           1         392           0
    5.580     0.0005598     0.0004774           1         392           0
    5.610     0.0005823     0.0004807           1         392           0
    5.641     0.0008079     0.0004784           1        8468           0
    5.671     0.0006357     0.0004336           1        8468           0
    5.701     0.0007693     0.0004488           1         392           0
    5.731     0.0006993     0.0004195           1         392           0
    5.762     0.0004641     0.0004723           1         412           0
    5.792     0.0004369     0.0004830           1         412           0
    5.822     0.0003070     0.0004651           1         392           0
    5.852     0.0003601     0.0005007           1         392           0
    5.883     0.0006609     0.0005223           1         392           0
    5.913     0.0006074     0.0005224           1         136           0
    5.943     0.0006612     0.0005084           1         136           0
    5.973     0.0005673     0.0004974           1         136           0
    6.004     0.0008741     0.0004850           1         136           0
    6.034     0.0008305     0.0005199           1         136           0
    6.064     0.0013685     0.0005399           1         392           0
    6.094     0.0011145     0.0004982           1         392           0
    6.125     0.0012394     0.0005084           1         392           0
    6.155     0.0010920     0.0005356           1         392           0
    6.185     0.0011255     0.0005387           1         392           0
    6.215     0.0009147     0.0005296           1         392           0
    6.245     0.0009146     0.0005283           1         392           0
    6.276     0.0011462     0.0005002           1         392           0
    6.306     0.0010309     0.0005090           1         392           0
    6.336     0.0011023     0.0005688           1         392           0
    6.366     0.0010259     0.0005638           1         392           0
    6.397     0.0009939     0.0005440           1         392           0
    6.427     0.0016498     0.0005192           1         392           0
    6.457     0.0015910     0.0005225           1         392           0
    6.487     0.0014743     0.0005697           1         392           0
    6.518     0.0021516     0.0006013           1         392           0
    6.548     0.0023941     0.0006516           1         392           0
    6.578     0.0028047     0.0007143           1         392           0
    6.608     0.0045711     0.0007505           1         392           0
    6.639     0.0065103     0.0006499           1         136           0
    6.669     0.0077238     0.0006668           1         136           0
    6.699     0.0073433     0.0005885           1         136           0
    6.729     0.0064642     0.0006762           1         136           0
    6.760     0.0051181     0.0006359           1         136           0
    6.790     0.0044830     0.0007164           1         392           0
    6.820     0.0037308     0.0007430           1         392           0
    6.850     0.0036836     0.0007297           1         392           0
    6.881     0.0030647     0.0007406           1         392           0
    6.911     0.0028073     0.0007326           1         392           0
    6.941     0.0025739     0.0007180           1         392           0
    6.971     0.0020800     0.0007359           1         392           0
    7.002     0.0019793     0.0009208           1         392           0
    7.032     0.0019238     0.0009015           1         392           0
    7.062     0.0020147     0.0008587           1         392           0
    7.092     0.0022543     0.0008311           1         392           0
    7.122     0.0024913     0.0008113           1         392           0
    7.153     0.0023930     0.0008003           1         392           0
    7.183     0.0024240     0.0007905           1         392           0
    7.213     0.0028108     0.0006962           1         392           0
    7.243     0.0027166     0.0008340           1         392           0
    7.274     0.0023139     0.0008576           1         392           0
    7.304     0.0026308     0.0009678           1         392           0
    7.334     0.0033720     0.0011147           1       53312           0
    7.395     0.0029055     0.0013127           1       18496           0
    7.455     0.0028700     0.0011582           1       18496           0
    7.516     0.0031081     0.0011972           1       53312           0
    7.576     0.0032284     0.0015887           1      153664           0
    7.637     0.0034332     0.0006150           1         392           0
    7.697     0.0034581     0.0006154           1         392           0
    7.758     0.0035695     0.0007751           1         392           0
    7.818     0.0043750     0.0007333           1         392           0
    7.879     0.0049614     0.0006848           1         392           0
    7.939     0.0060142     0.0006917           1         392           0
    8.000     0.0078482     0.0006007           1         392           0
    8.060     0.0092081     0.0005264           1         392           0
    8.120     0.0105658     0.0005435           1         392           0
    8.181     0.0114397     0.0005768           1         392           0
    8.241     0.0108406     0.0006175           1         392           0
    8.302     0.0103518     0.0006297           1         392           0
    8.362     0.0106370     0.0004013           2       16796           0
    8.423     0.0101068     0.0004567           2       16796           0
    8.483     0.0090974     0.0004473           2       16792           0
    8.544     0.0078069     0.0003733           2       16776           0
    8.604     0.0067181     0.0003748           2         392           0
    8.665     0.0059927     0.0003051           2         392           0
    8.725     0.0053565     0.0003741           2         392           0
    8.786     0.0048491     0.0003599           2         392           0
    8.846     0.0049801     0.0003689           2         392           0
    8.907     0.0050474     0.0003690           2         392           0
    8.967     0.0051644     0.0003844           2         392           0
    9.028     0.0052604     0.0003951           2         136           0
    9.088     0.0052894     0.0003864           2         136           0
    9.149     0.0059153     0.0003763           2         136           0
    9.209     0.0061350     0.0003776           2         136           0
    9.270     0.0059335     0.0003864           2         136           0
    9.330     0.0051145     0.0003972           2         136           0
    9.391     0.0045209     0.0003978           2         392           0
    9.451     0.0036382     0.0004182           2         392           0
    9.512     0.0028950     0.0003825           2         392           0
    9.572     0.0023956     0.0003740           2         392           0
    9.633     0.0022113     0.0003570           2         392           0
    9.693     0.0019360     0.0003448           2         392           0
    9.754     0.0014999     0.0003428           2       16796           0
    9.814     0.0015523     0.0003147           2       16796           0
    9.875     0.0013772     0.0003410           2         392           0
    9.935     0.0015301     0.0003148           2         392           0
    9.995     0.0015726     0.0003362           2         392           0
   10.056     0.0015874     0.0003080           2         392           0
   10.116     0.0013684     0.0003111           2         392           0
   10.177     0.0012432     0.0003284           2         392           0
   10.237     0.0012724     0.0003168           2         392           0
   10.298     0.0014815     0.0003280           2         392           0
   10.358     0.0014566     0.0003135           2         392           0
   10.419     0.0013055     0.0003270           2         392           0
   10.479     0.0011767     0.0003351           2         392           0
   10.540     0.0010297     0.0003318           2         392           0
   10.600     0.0010354     0.0003531           2         392           0
   10.661     0.0010716     0.0003545           2         392           0
   10.721     0.0011701     0.0003438           2         392           0
   10.782     0.0011936     0.0003566           2         392           0
   10.842     0.0012288     0.0003684           2         392           0
   10.903     0.0012166     0.0003631           2         392           0
   10.963     0.0012488     0.0003802           2         392           0
   11.024     0.0012179     0.0003922           2         392           0
   11.084     0.0012177     0.0004067           2         392           0
   11.145     0.0013616     0.0004102           2         392           0
   11.205     0.0016974     0.0003987           2         392           0
   11.266     0.0018617     0.0004044           2         392           0
   11.326     0.0018677     0.0004010           2         392           0
   11.387     0.0020577     0.0004245           2         412           0
   11.447     0.0020891     0.0004139           2         412           0
   11.508     0.0019408     0.0004492           2         392           0
   11.568     0.0023239     0.0004630           2         392           0
   11.628     0.0020848     0.0004430           2         392           0
   11.689     0.0020884     0.0004450           2         392           0
   11.750     0.0027644     0.0004660           2         392           0
   11.810     0.0035746     0.0004666           2         392           0
   11.870     0.0041128     0.0004318           2         392           0
   11.931     0.0053884     0.0004244           2         392           0
   11.991     0.0072861     0.0003168           2         392           0
   12.052     0.0104794     0.0003917           2         392           0
   12.112     0.0105386     0.0003825           2         392           0
   12.173     0.0088807     0.0004856           2         392           0
   12.233     0.0073841     0.0004865           2         392           0
   12.294     0.0061567     0.0004716           2         392           0
   12.354     0.0051627     0.0004969           2         392           0
   12.415     0.0044718     0.0004742           2         392           0
   12.475     0.0042119     0.0004366           2         392           0
   12.536     0.0040488     0.0004803           2         392           0
   12.596     0.0038332     0.0004539           2         392           0
   12.657     0.0041484     0.0004617           2         392           0
   12.717     0.0041761     0.0004762           2         392           0
   12.778     0.0042254     0.0004742           2         392           0
   12.838     0.0047381     0.0004705           2         392           0
   12.899     0.0044005     0.0004730           2         392           0
   12.959     0.0039753     0.0005042           2         392           0
   13.020     0.0040748     0.0005125           2         392           0
   13.080     0.0041221     0.0005181           2         392           0
   13.141     0.0043733     0.0005466           2         392           0
   13.201     0.0050925     0.0005527           2         392           0
   13.262     0.0053443     0.0005687           2         392           0
   13.322     0.0057306     0.0005714           2         392           0
   13.383     0.0057235     0.0005793           2         392           0
   13.443     0.0065423     0.0006044           2         392           0
   13.503     0.0066598     0.0006401           2         392           0
   13.564     0.0067793     0.0006212           2         392           0
   13.625     0.0074393     0.0006296           2         392           0
   13.685     0.0083716     0.0006505           2         392           0
   13.745     0.0103248     0.0006760           2         392           0
   13.806     0.0083005     0.0006622           2         392           0
   13.866     0.0051137     0.0006897           2         392           0
   13.927     0.0040342     0.0006877           2         392           0
   13.987     0.0033115     0.0007269           2         392           0
   14.048     0.0033591     0.0007202           2         392           0
   14.108     0.0035019     0.0007180           2         392           0
   14.169     0.0037363     0.0007757           2         392           0
   14.239     0.0050795     0.0003530           3        4360           0
   14.323     0.0046707     0.0003398           3        4360           0
   14.408     0.0046720     0.0003930           3        4360           0
   14.493     0.0050840     0.0004281           3        4360           0
   14.577     0.0045337     0.0005152           3        4360           0
   14.662     0.0041933     0.0003814           3        4360           0
   14.747     0.0041349     0.0004758           3        4360           0
   14.832     0.0033265     0.0004815           3        4360           0
   14.916     0.0033597     0.0005278           3        4360           0
   15.001     0.0035614     0.0004938           3        4360           0
   15.085     0.0035070     0.0004932           3        4360           0
   15.170     0.0038803     0.0004506           3        4360           0
   15.255     0.0045355     0.0005063           3        4360           0
   15.340     0.0036075     0.0004710           3        4360           0
   15.424     0.0037329     0.0004202           3        4360           0
   15.509     0.0039753     0.0004212           3        4360           0
   15.594     0.0035700     0.0004522           3        4360           0
   15.678     0.0031205     0.0003983           3        4360           0
   15.763     0.0030079     0.0003503           3        4360           0
   15.848     0.0028982     0.0004199           3        4360           0
   15.932     0.0028216     0.0005224           3        4360           0
   16.017     0.0040047     0.0005122           3        4360           0
   16.102     0.0030918     0.0005517           3        4360           0
   16.186     0.0032783     0.0005443           3        4360           0
   16.271     0.0034529     0.0004935           3        4360           0
   16.356     0.0032829     0.0005397           3        4360           0
   16.440     0.0033181     0.0004381           3        4360           0
   16.525     0.0027324     0.0003845           3        4360           0
   16.610     0.0042563     0.0003611           3        4360           0
   16.694     0.0053620     0.0003539           3        4360           0
   16.779     0.0052859     0.0004445           3        4360           0
   16.864     0.0043085     0.0004953           3        4360           0
   16.948     0.0040089     0.0006585           3        4360           0
   17.033     0.0038071     0.0004802           3        4360           0
   17.118     0.0037003     0.0012004           3        4360           0
   17.202     0.0042185     0.0007883           3        4360           0
   17.287     0.0039498     0.0004794           3        4360           0
   17.372     0.0041886     0.0006046           3        4360           0
   17.456     0.0044662     0.0006111           3        4360           0
   17.541     0.0060317     0.0004379           3        4360           0
   17.626     0.0074993     0.0004734           3        4360           0
   17.711     0.0073730     0.0004822           3        4360           0
   17.795     0.0073706     0.0005083           3        4360           0
   17.880     0.0067125     0.0004621           3        4360           0
   17.965     0.0064755     0.0005395           3        4360           0
   18.049     0.0061392     0.0005955           3        4360           0
   18.134     0.0059792     0.0006078           3        4360           0
   18.219     0.0069300     0.0005794           3        4360           0
   18.303     0.0095510     0.0006370           3        4360           0
   18.388     0.0077627     0.0006410           3        4360           0
   18.472     0.0062467     0.0007165           3        4360           0
   18.557     0.0068073     0.0006378           3        4360           0
   18.642     0.0080871     0.0005926           3        4360           0
   18.727     0.0065070     0.0005952           3        4360           0
   18.811     0.0053127     0.0006091           3        4360           0
   18.896     0.0046846     0.0005953           3        4360           0
   18.981     0.0046664     0.0005675           3        4360           0
   19.065     0.0047568     0.0006048           3        4360           0
   19.150     0.0052345     0.0005979           3        4360           0
   19.235     0.0024139     0.0010205           3    19009600           0
   19.404     0.0037311     0.0015455           3    19009600           0
   19.573     0.0046025     0.0010101           3    19009600           0
   19.743     0.0041833     0.0011828           3    19009600           0
   19.912     0.0049856     0.0012217           3    19009600           0
   20.081     0.0060828     0.0044570           3        4360           0
   20.251     0.0053352     0.0020043           3        4360           0
   20.420     0.0043303     0.0013637           3        4360           0
   20.590     0.0043943     0.0011451           3        4360           0
   20.759     0.0040727     0.0013989           3        4360           0
   20.928     0.0034016     0.0017023           3        4360           0
   21.097     0.0048008     0.0006391           4        4360           0
   21.267     0.0044363     0.0007634           4        4360           0
   21.436     0.0041695     0.0007488           4        4360           0
   21.606     0.0040724     0.0007722           4        4360           0
   21.775     0.0048444     0.0007841           4        4360           0
   21.944     0.0089113     0.0006301           4        4360           0
   22.114     0.0041561     0.0007315           4        4360           0
   22.283     0.0043221     0.0005838           4        4360           0
   22.452     0.0052933     0.0005879           4        4360           0
   22.622     0.0051927     0.0006694           4        4360           0
   22.791     0.0056226     0.0004785           4        4360           0
   22.960     0.0054792     0.0026228           4        4360           0
   23.130     0.0051237     0.0024433           4        4360           0
   23.299     0.0058066     0.0012415           4        4360           0
   23.469     0.0058241     0.0006232           4        4360           0
   23.638     0.0058840     0.0005993           4        4360           0
   23.807     0.0060815     0.0005290           4        4360           0
   23.976     0.0065826     0.0004949           4        4360           0
   24.146     0.0068741     0.0005872           4        4360           0
   24.315     0.0066860     0.0006136           4        4360           0
   24.485     0.0065123     0.0006158           4        4360           0
   24.654     0.0066168     0.0005069           4        4360           0
   24.823     0.0068062     0.0006657           4        4360           0
   24.993     0.0067489     0.0008929           4        4360           0
   25.162     0.0074651     0.0007540           4        4360           0
   25.331     0.0069559     0.0006698           4        4360           0
   25.501     0.0083486     0.0006886           4        4360           0
   25.670     0.0076741     0.0007122           4        4360           0
   25.839     0.0073533     0.0054923           4        4360           0
   26.009     0.0094576     0.0016598           4        4360           0
   26.178     0.0075284     0.0006122           4        4360           0
   26.347     0.0078921     0.0005516           4        4360           0
   26.517     0.0078260     0.0004382           4        4360           0
   26.686     0.0087712     0.0005815           4        4360           0
   26.856     0.0092628     0.0004960           4        4360           0
   27.025     0.0093999     0.0004914           4        4360           0
   27.194     0.0095447     0.0006186           4        4360           0
   27.364     0.0097302     0.0008283           4        4360           0
   27.533     0.0094928     0.0005641           4        4360           0
   27.702     0.0103150     0.0006578           4        4360           0
   27.872     0.0094600     0.0005850           4        4360           0
   28.041     0.0107279     0.0007450           4        4360           0
   28.210     0.0102145     0.0008256           4        4360           0
   28.380     0.0100180     0.0008079           4        4360           0
   28.549     0.0096315     0.0007506           4        4360           0
   28.719     0.0095038     0.0006512           4        4360           0
   28.888     0.0098922     0.0006263           4        4360           0
   29.057     0.0096417     0.0007357           4        4360           0
   29.226     0.0105253     0.0006260           4        4360           0
   29.396     0.0108310     0.0009885           4        4360           0
   29.565     0.0107320     0.0020138           4        4360           0
   29.735     0.0108287     0.0024392           4        4360           0
   29.904     0.0109981     0.0006215           4        4360           0
   30.073     0.0115081     0.0040998           4        4360           0
   30.243     0.0118341     0.0007147           4        4360           0
   30.412     0.0122120     0.0010785           4        4360           0
   30.581     0.0123336     0.0032019           4        4360           0
   30.751     0.0109670     0.0010593           4        4360           0
   30.920     0.0116450     0.0010242           4        4360           0
   31.089     0.0157840     0.0004440           4        4360           0
   31.259     0.0127600     0.0008586           4        4360           0
   31.428     0.0127637     0.0006577           4        4360           0
   31.597     0.0126291     0.0007981           4        4360           0
   31.767     0.0132868     0.0007895           4        4360           0
   31.936     0.0135813     0.0007051           4        4360           0
   32.105     0.0125226     0.0009638           4        4360           0
   32.275     0.0124664     0.0011213           4        4360           0
   32.444     0.0121402     0.0012649           4        4360           0
   32.614     0.0127973     0.0013521           4        4360           0
   32.783     0.0146517     0.0012372           4        4360           0
   32.952     0.0139228     0.0013330           4        4360           0
   33.122     0.0149669     0.0014903           4        4360           0
   33.291     0.0145500     0.0014748           4        4360           0
   33.460     0.0156758     0.0013845           4        4360           0
   33.630     0.0157672     0.0014926           4        4360           0
   33.799     0.0154128     0.0013438           4        4360           0
   33.968     0.0141470     0.0017526           4        4360           0
   34.138     0.0162979     0.0021700           4        4360           0
   34.307     0.0146126     0.0020421           4        4360           0
   34.477     0.0150126     0.0022844           4        4360           0
   34.646     0.0169212     0.0019253           4        4360           0
   34.815     0.0173272     0.0021254           4        4360           0
   34.985     0.0213657     0.0035117           4        4360           0
   35.154     0.0190358     0.0033507           4        4360           0
   35.323     0.0186965     0.0050588           4        4360           0
   35.493     0.0168135     0.0227614           4        4360           0
   35.662     0.0145494     0.0074789           4        4360           0
   35.831     0.0218078     0.0031732           4        4360           0
   36.001     0.0308417     0.0024295           4        4360           0
   36.170     0.0286096     0.0024776           4        4360           0
   36.339     0.0185980     0.0055747           4        4360           0
   36.509     0.0184369     0.0105345           4        4360           0
   36.678     0.0205071     0.0060723           4        4360           0
   36.847     0.0200986     0.0040337           4        4360           0
   37.017     0.0242820     0.0081984           4        4360           0
   37.186     0.0205602     0.0086122           4        4360           0
   37.355     0.0360539     0.0059290           4        4360           0
   37.525     0.0391365     0.0047453           4        4360           0
   37.694     0.0332140     0.0052730           4        4360           0
   37.864     0.0290136     0.0068786           4        4360           0
   38.033     0.0428563     0.0159480           4        4360           0
   38.202     0.0521715     0.0245245           4        4360           0
   38.372     0.0181856     0.0104254           4        4360           0
   38.541     0.0156005     0.0163903           4        4360           0
   38.710     0.0332664     0.0215115           4        4360           0
   38.880     0.0490842     0.0321333           4        4360           0
   39.049     0.0207463     0.0499850           4        4360           0
   39.218     0.0143199     0.0206305           4        4360           0
   39.388     0.0222249     0.0163294           4        4360           0
   39.557     0.0218070     0.0439575           4        4360           0
   39.727     0.0165453     0.0738379           4        4360           0
   39.896     0.0046284     0.0176393           4        4488           0
   40.065     0.0005583     0.0094579           4        4488           0
   40.235     0.0011083     0.0043383           4        4488           0
   40.404    -0.0002490     0.0020283           4        4488           0
   40.573     0.0000730     0.0007033           4        4488           0
   40.743    -0.0000804     0.0004020           4        4508           0
   40.912    -0.0001645     0.0002229           4        4488           0
   41.081    -0.0000627     0.0001381           4        4488           0
   41.251    -0.0000641     0.0001641           4        4488           0
   41.420    -0.0001145     0.0002459           4        4488           0
   41.589    -0.0001198     0.0002970           4        4488           0
   41.759     0.0002281     0.0003361           4        4488           0
   41.928     0.0003172     0.0008678           4        4508           0
   42.097    -0.0001736     0.0005939           4        4508           0
   42.267     0.0008905     0.0007109           4        4488           0
