wave flux error channelflag bitflag stitchflag
    5.127    -0.0002118     0.0033419           1         392           0
    5.157     0.0002065     0.0021060           1         136           0
    5.187     0.0000383     0.0009798           1         136           0
    5.217     0.0001653     0.0006105           1         136           0
    5.247     0.0002585     0.0005808           1         136           0
    5.278     0.0002898     0.0006420           1         136           0
    5.308     0.0005574     0.0006283           1         136           0
    5.338     0.0004185     0.0005465           1         392           0
    5.368     0.0004761     0.0005736           1         392           0
    5.399     0.0003902     0.0005729           1       16776           0
    5.429     0.0004400     0.0005587           1       16796           0
    5.459     0.0005259     0.0005031           1       16796           0
    5.489     0.0005199     0.0004763           1         392           0
    5.520     0.0000189     0.0004796           1         392           0
    5.550     0.0003538     0.0005071           1         392           0
    5.580     0.0005850     0.0004923           1         392           0
    5.610    -0.0001448     0.0004994           1         392           0
    5.641     0.0002748     0.0004303           1        8468           0
    5.671     0.0004236     0.0004570           1        8468           0
    5.701     0.0003290     0.0005025           1         392           0
    5.731     0.0003616     0.0004537           1         392           0
    5.762     0.0005474     0.0004788           1         412           0
    5.792     0.0004592     0.0005023           1         412           0
    5.822     0.0004927     0.0004772           1         392           0
    5.852     0.0004764     0.0004880           1         392           0
    5.883     0.0006531     0.0005104           1         392           0
    5.913     0.0007169     0.0005228           1         136           0
    5.943     0.0005461     0.0004734           1         136           0
    5.973     0.0002541     0.0005233           1         136           0
    6.004     0.0004863     0.0005160           1         136           0
    6.034     0.0004118     0.0005090           1         136           0
    6.064     0.0002496     0.0005020           1         392           0
    6.094     0.0002739     0.0005239           1         392           0
    6.125     0.0006388     0.0005504           1         392           0
    6.155     0.0005766     0.0005137           1         392           0
    6.185     0.0003637     0.0004970           1         392           0
    6.215     0.0006958     0.0005242           1         392           0
    6.245     0.0009272     0.0005503           1         392           0
    6.276     0.0005802     0.0005379           1         392           0
    6.306     0.0009224     0.0005564           1         392           0
    6.336     0.0006286     0.0005943           1         392           0
    6.366     0.0006244     0.0006031           1         392           0
    6.397     0.0008575     0.0005508           1         392           0
    6.427     0.0004636     0.0005663           1         392           0
    6.457     0.0004623     0.0005628           1         392           0
    6.487     0.0007553     0.0005580           1         392           0
    6.518     0.0011086     0.0005944           1         392           0
    6.548     0.0011968     0.0006664           1         392           0
    6.578     0.0009070     0.0007000           1         392           0
    6.608     0.0006530     0.0007170           1         392           0
    6.639     0.0003559     0.0006554           1         136           0
    6.669     0.0008846     0.0006429           1         136           0
    6.699     0.0016010     0.0005952           1         136           0
    6.729     0.0011805     0.0006039           1         136           0
    6.760     0.0016420     0.0006584           1         136           0
    6.790     0.0014714     0.0006779           1         392           0
    6.820     0.0015017     0.0007103           1         392           0
    6.850     0.0025848     0.0007903           1         392           0
    6.881     0.0031374     0.0007444           1         392           0
    6.911     0.0037227     0.0007415           1         392           0
    6.941     0.0044871     0.0007416           1         392           0
    6.971     0.0042404     0.0008585           1         392           0
    7.002     0.0032615     0.0008629           1         392           0
    7.032     0.0025684     0.0008512           1         392           0
    7.062     0.0024021     0.0008261           1         392           0
    7.092     0.0018651     0.0008003           1         392           0
    7.122     0.0017205     0.0008142           1         392           0
    7.153     0.0017505     0.0007969           1         392           0
    7.183     0.0014249     0.0008487           1         392           0
    7.213     0.0012926     0.0008210           1         392           0
    7.243     0.0012377     0.0008764           1         392           0
    7.274     0.0011638     0.0009872           1         392           0
    7.304     0.0016282     0.0010319           1         392           0
    7.334     0.0017339     0.0012057           1       53312           0
    7.395     0.0018335     0.0013494           1       18496           0
    7.455     0.0016216     0.0011494           1       18496           0
    7.516     0.0014378     0.0011665           1       53312           0
    7.576     0.0014410     0.0014071           1      153664           0
    7.637     0.0015329     0.0005842           1         392           0
    7.697     0.0017151     0.0005740           1         392           0
    7.758     0.0026930     0.0007598           1         392           0
    7.818     0.0023629     0.0007381           1         392           0
    7.879     0.0018217     0.0007267           1         392           0
    7.939     0.0020956     0.0006943           1         392           0
    8.000     0.0022725     0.0006686           1         392           0
    8.060     0.0024077     0.0006307           1         392           0
    8.120     0.0025881     0.0006292           1         392           0
    8.181     0.0030734     0.0005905           1         392           0
    8.241     0.0038497     0.0005919           1         392           0
    8.302     0.0045166     0.0006353           1         392           0
    8.362     0.0054496     0.0003897           2       16796           0
    8.423     0.0059898     0.0004230           2       16796           0
    8.483     0.0063997     0.0003359           2       16792           0
    8.544     0.0063950     0.0004108           2       16776           0
    8.604     0.0066029     0.0004550           2         392           0
    8.665     0.0066682     0.0003863           2         392           0
    8.725     0.0066522     0.0004083           2         392           0
    8.786     0.0060188     0.0003677           2         392           0
    8.846     0.0050677     0.0002828           2         392           0
    8.907     0.0046148     0.0003500           2         392           0
    8.967     0.0040733     0.0004096           2         392           0
    9.028     0.0038218     0.0004153           2         136           0
    9.088     0.0037071     0.0003960           2         136           0
    9.149     0.0033463     0.0003883           2         136           0
    9.209     0.0034380     0.0003995           2         136           0
    9.270     0.0033967     0.0003942           2         136           0
    9.330     0.0035873     0.0004002           2         136           0
    9.391     0.0037743     0.0003833           2         392           0
    9.451     0.0042058     0.0004074           2         392           0
    9.512     0.0044040     0.0003993           2         392           0
    9.572     0.0046606     0.0003947           2         392           0
    9.633     0.0042248     0.0003507           2         392           0
    9.693     0.0033600     0.0003319           2         392           0
    9.754     0.0030590     0.0003728           2       16796           0
    9.814     0.0025882     0.0003396           2       16796           0
    9.875     0.0021430     0.0003637           2         392           0
    9.935     0.0019681     0.0003150           2         392           0
    9.995     0.0016484     0.0003184           2         392           0
   10.056     0.0016748     0.0003203           2         392           0
   10.116     0.0016033     0.0003024           2         392           0
   10.177     0.0016078     0.0002931           2         392           0
   10.237     0.0014606     0.0002944           2         392           0
   10.298     0.0015726     0.0003074           2         392           0
   10.358     0.0015824     0.0003179           2         392           0
   10.419     0.0013310     0.0003359           2         392           0
   10.479     0.0012603     0.0003322           2         392           0
   10.540     0.0012020     0.0003366           2         392           0
   10.600     0.0010977     0.0003545           2         392           0
   10.661     0.0013596     0.0003603           2         392           0
   10.721     0.0016319     0.0003618           2         392           0
   10.782     0.0015418     0.0003723           2         392           0
   10.842     0.0013396     0.0003554           2         392           0
   10.903     0.0013765     0.0003792           2         392           0
   10.963     0.0012972     0.0003899           2         392           0
   11.024     0.0012892     0.0003903           2         392           0
   11.084     0.0013578     0.0004152           2         392           0
   11.145     0.0012258     0.0004119           2         392           0
   11.205     0.0013916     0.0004039           2         392           0
   11.266     0.0014916     0.0004075           2         392           0
   11.326     0.0013021     0.0004077           2         392           0
   11.387     0.0012937     0.0004269           2         412           0
   11.447     0.0013308     0.0004088           2         412           0
   11.508     0.0014351     0.0004304           2         392           0
   11.568     0.0015953     0.0004445           2         392           0
   11.628     0.0014499     0.0004701           2         392           0
   11.689     0.0016642     0.0004376           2         392           0
   11.750     0.0015970     0.0004502           2         392           0
   11.810     0.0019658     0.0004547           2         392           0
   11.870     0.0020818     0.0004475           2         392           0
   11.931     0.0020237     0.0004360           2         392           0
   11.991     0.0020357     0.0004561           2         392           0
   12.052     0.0019809     0.0004711           2         392           0
   12.112     0.0019416     0.0004545           2         392           0
   12.173     0.0025125     0.0004486           2         392           0
   12.233     0.0030628     0.0004576           2         392           0
   12.294     0.0032455     0.0004749           2         392           0
   12.354     0.0034771     0.0004793           2         392           0
   12.415     0.0052004     0.0004724           2         392           0
   12.475     0.0083882     0.0003456           2         392           0
   12.536     0.0091872     0.0003971           2         392           0
   12.596     0.0085289     0.0004758           2         392           0
   12.657     0.0072716     0.0004592           2         392           0
   12.717     0.0060172     0.0004426           2         392           0
   12.778     0.0053201     0.0004711           2         392           0
   12.838     0.0045227     0.0005058           2         392           0
   12.899     0.0039723     0.0004868           2         392           0
   12.959     0.0034716     0.0005243           2         392           0
   13.020     0.0032773     0.0005011           2         392           0
   13.080     0.0036226     0.0005347           2         392           0
   13.141     0.0034086     0.0005534           2         392           0
   13.201     0.0034846     0.0005689           2         392           0
   13.262     0.0035234     0.0005721           2         392           0
   13.322     0.0039923     0.0005675           2         392           0
   13.383     0.0038744     0.0005849           2         392           0
   13.443     0.0039370     0.0006207           2         392           0
   13.503     0.0039578     0.0006343           2         392           0
   13.564     0.0042163     0.0006347           2         392           0
   13.625     0.0039186     0.0006441           2         392           0
   13.685     0.0037741     0.0006590           2         392           0
   13.745     0.0042718     0.0006805           2         392           0
   13.806     0.0045809     0.0006803           2         392           0
   13.866     0.0045693     0.0006671           2         392           0
   13.927     0.0047430     0.0007003           2         392           0
   13.987     0.0056315     0.0007476           2         392           0
   14.069     0.0064152     0.0007100           3        4360           0
   14.154     0.0067211     0.0006088           3        4360           0
   14.239     0.0075010     0.0009834           3        4360           0
   14.323     0.0065246     0.0007013           3        4360           0
   14.408     0.0051195     0.0004643           3        4360           0
   14.493     0.0037141     0.0005411           3        4360           0
   14.577     0.0038636     0.0005823           3        4360           0
   14.662     0.0031401     0.0004839           3        4360           0
   14.747     0.0025296     0.0005924           3        4360           0
   14.832     0.0025696     0.0006265           3        4360           0
   14.916     0.0031020     0.0006916           3        4360           0
   15.001     0.0028012     0.0004864           3        4360           0
   15.085     0.0030660     0.0007035           3        4360           0
   15.170     0.0023665     0.0005901           3        4360           0
   15.255     0.0022275     0.0005905           3        4360           0
   15.340     0.0024334     0.0005724           3        4360           0
   15.424     0.0029999     0.0004859           3        4360           0
   15.509     0.0031507     0.0004375           3        4360           0
   15.594     0.0030335     0.0004806           3        4360           0
   15.678     0.0029074     0.0005152           3        4360           0
   15.763     0.0028843     0.0004534           3        4360           0
   15.848     0.0032638     0.0005510           3        4360           0
   15.932     0.0025229     0.0006296           3        4360           0
   16.017     0.0029195     0.0007140           3        4360           0
   16.102     0.0022131     0.0007355           3        4360           0
   16.186     0.0023357     0.0008505           3        4360           0
   16.271     0.0021413     0.0009254           3        4360           0
   16.356     0.0023119     0.0007738           3        4360           0
   16.440     0.0028637     0.0006507           3        4360           0
   16.525     0.0029422     0.0006495           3        4360           0
   16.610     0.0025700     0.0005943           3        4360           0
   16.694     0.0028027     0.0005882           3        4360           0
   16.779     0.0032682     0.0006918           3        4360           0
   16.864     0.0033501     0.0009127           3        4360           0
   16.948     0.0032354     0.0014556           3        4360           0
   17.033     0.0026646     0.0046448           3        4360           0
   17.118     0.0023062     0.0014815           3        4360           0
   17.202     0.0033451     0.0010307           3        4360           0
   17.287     0.0034579     0.0007920           3        4360           0
   17.372     0.0040996     0.0007969           3        4360           0
   17.456     0.0039128     0.0007133           3        4360           0
   17.541     0.0043060     0.0007349           3        4360           0
   17.626     0.0039776     0.0007036           3        4360           0
   17.711     0.0034426     0.0006484           3        4360           0
   17.795     0.0033589     0.0007083           3        4360           0
   17.880     0.0035647     0.0007776           3        4360           0
   17.965     0.0033124     0.0006680           3        4360           0
   18.049     0.0037806     0.0007632           3        4360           0
   18.134     0.0048144     0.0008450           3        4360           0
   18.219     0.0048948     0.0008817           3        4360           0
   18.303     0.0059551     0.0007228           3        4360           0
   18.388     0.0063275     0.0008832           3        4360           0
   18.472     0.0045749     0.0009612           3        4360           0
   18.557     0.0043447     0.0008167           3        4360           0
   18.642     0.0038023     0.0015592           3        4360           0
   18.727     0.0035226     0.0007570           3        4360           0
   18.811     0.0052942     0.0007002           3        4360           0
   18.896     0.0055709     0.0009293           3        4360           0
   18.981     0.0065192     0.0019056           3        4360           0
   19.065     0.0068317     0.0026187           3        4360           0
   19.150     0.0065699     0.0010393           3        4360           0
   19.235     0.0031063     0.0014356           3    19009600           0
   19.404     0.0041700     0.0017467           3    19009600           0
   19.573     0.0045431     0.0031709           3    19009600           0
   19.743     0.0040139     0.0047565           3    19009600           0
   19.912     0.0032248     0.0016449           3    19009600           0
   20.081     0.0035885     0.0051158           3        4360           0
   20.251     0.0034875     0.0026652           3        4360           0
   20.420     0.0043476     0.0030723           3        4360           0
   20.590     0.0045960     0.0018075           3        4360           0
   20.759     0.0056437     0.0019529           3        4360           0
   20.928     0.0059709     0.0029065           3        4360           0
   21.097     0.0047633     0.0008760           4        4360           0
   21.267     0.0063952     0.0009135           4        4360           0
   21.436     0.0062345     0.0010075           4        4360           0
   21.606     0.0058476     0.0010239           4        4360           0
   21.775     0.0056822     0.0017195           4        4360           0
   21.944    -0.0040836     0.0011236           4        4360           0
   22.114     0.0055930     0.0011606           4        4360           0
   22.283     0.0047667     0.0008178           4        4360           0
   22.452     0.0060538     0.0008934           4        4360           0
   22.622     0.0049631     0.0010086           4        4360           0
   22.791     0.0065102     0.0007578           4        4360           0
   22.960     0.0065469     0.0006359           4        4360           0
   23.130     0.0060618     0.0006574           4        4360           0
   23.299     0.0063480     0.0007291           4        4360           0
   23.469     0.0066245     0.0007734           4        4360           0
   23.638     0.0061633     0.0006406           4        4360           0
   23.807     0.0065575     0.0006557           4        4360           0
   23.976     0.0063274     0.0005748           4        4360           0
   24.146     0.0070008     0.0006786           4        4360           0
   24.315     0.0074991     0.0008026           4        4360           0
   24.485     0.0077660     0.0008768           4        4360           0
   24.654     0.0074033     0.0007654           4        4360           0
   24.823     0.0077128     0.0008890           4        4360           0
   24.993     0.0080510     0.0011377           4        4360           0
   25.162     0.0086307     0.0006499           4        4360           0
   25.331     0.0081394     0.0008080           4        4360           0
   25.501     0.0082833     0.0008525           4        4360           0
   25.670     0.0073433     0.0007615           4        4360           0
   25.839     0.0072413     0.0034905           4        4360           0
   26.009     0.0080028     0.0011259           4        4360           0
   26.178     0.0091270     0.0008303           4        4360           0
   26.347     0.0096555     0.0006977           4        4360           0
   26.517     0.0093086     0.0006707           4        4360           0
   26.686     0.0094836     0.0007894           4        4360           0
   26.856     0.0094607     0.0008013           4        4360           0
   27.025     0.0094747     0.0007743           4        4360           0
   27.194     0.0102413     0.0006688           4        4360           0
   27.364     0.0102373     0.0008059           4        4360           0
   27.533     0.0100371     0.0007530           4        4360           0
   27.702     0.0095212     0.0008092           4        4360           0
   27.872     0.0103897     0.0009670           4        4360           0
   28.041     0.0101452     0.0010659           4        4360           0
   28.210     0.0108698     0.0056961           4        4360           0
   28.380     0.0101800     0.0041348           4        4360           0
   28.549     0.0119465     0.0018316           4        4360           0
   28.719     0.0114370     0.0009510           4        4360           0
   28.888     0.0119225     0.0008933           4        4360           0
   29.057     0.0125283     0.0008497           4        4360           0
   29.226     0.0112620     0.0010186           4        4360           0
   29.396     0.0114574     0.0012575           4        4360           0
   29.565     0.0115418     0.0011879           4        4360           0
   29.735     0.0112211     0.0008834           4        4360           0
   29.904     0.0110195     0.0010132           4        4360           0
   30.073     0.0119373     0.0010738           4        4360           0
   30.243     0.0120472     0.0009866           4        4360           0
   30.412     0.0135187     0.0014889           4        4360           0
   30.581     0.0131400     0.0147395           4        4360           0
   30.751     0.0117793     0.0015203           4        4360           0
   30.920     0.0145562     0.0013032           4        4360           0
   31.089     0.0147418     0.0013425           4        4360           0
   31.259     0.0141019     0.0012247           4        4360           0
   31.428     0.0146282     0.0028622           4        4360           0
   31.597     0.0146488     0.0017406           4        4360           0
   31.767     0.0152256     0.0039455           4        4360           0
   31.936     0.0153475     0.0031852           4        4360           0
   32.105     0.0152495     0.0012828           4        4360           0
   32.275     0.0163266     0.0014766           4        4360           0
   32.444     0.0182428     0.0017638           4        4360           0
   32.614     0.0154926     0.0019669           4        4360           0
   32.783     0.0130832     0.0019694           4        4360           0
   32.952     0.0147388     0.0021018           4        4360           0
   33.122     0.0164099     0.0102347           4        4360           0
   33.291     0.0183028     0.0028771           4        4360           0
   33.460     0.0170839     0.0020928           4        4360           0
   33.630     0.0149486     0.0020566           4        4360           0
   33.799     0.0199981     0.0020349           4        4360           0
   33.968     0.0215657     0.0020003           4        4360           0
   34.138     0.0163864     0.0028653           4        4360           0
   34.307     0.0168825     0.0033155           4        4360           0
   34.477     0.0188628     0.0030791           4        4360           0
   34.646     0.0189015     0.0037977           4        4360           0
   34.815     0.0190697     0.0028062           4        4360           0
   34.985     0.0134359     0.0031672           4        4360           0
   35.154     0.0197760     0.0034144           4        4360           0
   35.323     0.0226997     0.0062702           4        4360           0
   35.493     0.0205172     0.0215654           4        4360           0
   35.662     0.0232163     0.0075769           4        4360           0
   35.831     0.0226488     0.0043989           4        4360           0
   36.001     0.0186594     0.0035026           4        4360           0
   36.170     0.0214122     0.0044483           4        4360           0
   36.339     0.0191617     0.0066519           4        4360           0
   36.509     0.0190892     0.0047519           4        4360           0
   36.678     0.0219354     0.0058073           4        4360           0
   36.847     0.0271646     0.0048226           4        4360           0
   37.017     0.0215624     0.0058543           4        4360           0
   37.186     0.0226214     0.0075790           4        4360           0
   37.355     0.0265296     0.0074755           4        4360           0
   37.525     0.0236086     0.0062880           4        4360           0
   37.694     0.0178940     0.0069886           4        4360           0
   37.864     0.0179084     0.0083178           4        4360           0
   38.033     0.0339099     0.0098509           4        4360           0
   38.202     0.0285100     0.0154210           4        4360           0
   38.372     0.0272636     0.0197139           4        4360           0
   38.541     0.0231273     0.0269725           4        4360           0
   38.710     0.0094423     0.0220735           4        4360           0
   38.880     0.0345276     0.0388862           4        4360           0
   39.049     0.0300300     0.1331327           4        4360           0
   39.218     0.0155856     0.0472917           4        4360           0
   39.388     0.0059688     0.0179965           4        4360           0
   39.557     0.0103948     0.0309317           4        4360           0
   39.727     0.0107161     0.0493835           4        4360           0
   39.896     0.0117175     0.0139637           4        4488           0
   40.065    -0.0007169     0.0093647           4        4488           0
   40.235     0.0048867     0.0057777           4        4488           0
   40.404     0.0033509     0.0023363           4        4488           0
   40.573     0.0069719     0.0010105           4        4488           0
   40.743     0.0056923     0.0003428           4        4508           0
   40.912     0.0002164     0.0002105           4        4488           0
   41.081    -0.0001172     0.0000917           4        4488           0
   41.251    -0.0000485     0.0001626           4        4488           0
   41.420     0.0000420     0.0003308           4        4488           0
   41.589    -0.0005205     0.0004918           4        4488           0
   41.759    -0.0011334     0.0003638           4        4488           0
   41.928     0.0000886     0.0012013           4        4508           0
   42.097    -0.0000338     0.0007598           4        4508           0
   42.267     0.0012812     0.0008961           4        4488           0
