wave flux error channelflag bitflag stitchflag
    5.127     0.0003610     0.0032919           1         392           0
    5.157     0.0016693     0.0018683           1         136           0
    5.187     0.0005877     0.0009968           1         136           0
    5.217     0.0008391     0.0006378           1         136           0
    5.247     0.0009272     0.0006229           1         136           0
    5.278     0.0009566     0.0006119           1         136           0
    5.308     0.0008357     0.0004905           1         136           0
    5.338     0.0009920     0.0005514           1         392           0
    5.368     0.0006933     0.0004728           1         392           0
    5.399     0.0008012     0.0005430           1       16776           0
    5.429     0.0006307     0.0005296           1       16796           0
    5.459     0.0009131     0.0005414           1       16796           0
    5.489     0.0010827     0.0004974           1         392           0
    5.520     0.0007115     0.0005011           1         392           0
    5.550     0.0008047     0.0005084           1         392           0
    5.580     0.0012083     0.0004794           1         392           0
    5.610     0.0010893     0.0005161           1         392           0
    5.641     0.0011253     0.0005020           1        8468           0
    5.671     0.0012451     0.0004587           1        8468           0
    5.701     0.0011297     0.0004789           1         392           0
    5.731     0.0009185     0.0004177           1         392           0
    5.762     0.0007425     0.0004345           1         412           0
    5.792     0.0011600     0.0005058           1         412           0
    5.822     0.0008785     0.0004963           1         392           0
    5.852     0.0007403     0.0005203           1         392           0
    5.883     0.0010574     0.0005187           1         392           0
    5.913     0.0011259     0.0004757           1         136           0
    5.943     0.0008798     0.0005325           1         136           0
    5.973     0.0010183     0.0005541           1         136           0
    6.004     0.0013180     0.0005127           1         136           0
    6.034     0.0013702     0.0005232           1         136           0
    6.064     0.0011529     0.0004842           1         392           0
    6.094     0.0013930     0.0004993           1         392           0
    6.125     0.0014960     0.0004853           1         392           0
    6.155     0.0014622     0.0005525           1         392           0
    6.185     0.0013220     0.0005225           1         392           0
    6.215     0.0010878     0.0005191           1         392           0
    6.245     0.0013224     0.0005407           1         392           0
    6.276     0.0013590     0.0005286           1         392           0
    6.306     0.0014617     0.0005487           1         392           0
    6.336     0.0015909     0.0006346           1         392           0
    6.366     0.0014680     0.0005921           1         392           0
    6.397     0.0016458     0.0005796           1         392           0
    6.427     0.0019881     0.0005407           1         392           0
    6.457     0.0017800     0.0005472           1         392           0
    6.487     0.0021686     0.0006001           1         392           0
    6.518     0.0025728     0.0006172           1         392           0
    6.548     0.0032089     0.0006630           1         392           0
    6.578     0.0043932     0.0007089           1         392           0
    6.608     0.0062436     0.0006980           1         392           0
    6.639     0.0067217     0.0006702           1         136           0
    6.669     0.0062603     0.0006844           1         136           0
    6.699     0.0054522     0.0005760           1         136           0
    6.729     0.0046725     0.0006404           1         136           0
    6.760     0.0041751     0.0006834           1         136           0
    6.790     0.0033516     0.0007663           1         392           0
    6.820     0.0032080     0.0007240           1         392           0
    6.850     0.0026124     0.0007628           1         392           0
    6.881     0.0027014     0.0007358           1         392           0
    6.911     0.0025368     0.0007231           1         392           0
    6.941     0.0022807     0.0008162           1         392           0
    6.971     0.0023079     0.0008254           1         392           0
    7.002     0.0022429     0.0009306           1         392           0
    7.032     0.0024355     0.0008643           1         392           0
    7.062     0.0024995     0.0008756           1         392           0
    7.092     0.0023684     0.0008108           1         392           0
    7.122     0.0028829     0.0007889           1         392           0
    7.153     0.0025817     0.0008586           1         392           0
    7.183     0.0023823     0.0008189           1         392           0
    7.213     0.0024904     0.0008970           1         392           0
    7.243     0.0025259     0.0008477           1         392           0
    7.274     0.0024978     0.0009455           1         392           0
    7.304     0.0026012     0.0009608           1         392           0
    7.334     0.0032539     0.0011874           1       53312           0
    7.395     0.0031193     0.0014261           1       18496           0
    7.455     0.0037189     0.0011535           1       18496           0
    7.516     0.0030220     0.0011294           1       53312           0
    7.576     0.0030190     0.0014592           1      153664           0
    7.637     0.0032793     0.0006498           1         392           0
    7.697     0.0037652     0.0006350           1         392           0
    7.758     0.0040503     0.0007583           1         392           0
    7.818     0.0046002     0.0007814           1         392           0
    7.879     0.0056073     0.0007468           1         392           0
    7.939     0.0070441     0.0006950           1         392           0
    8.000     0.0077563     0.0006866           1         392           0
    8.060     0.0093726     0.0006376           1         392           0
    8.120     0.0103290     0.0006305           1         392           0
    8.181     0.0101163     0.0005865           1         392           0
    8.241     0.0096708     0.0005691           1         392           0
    8.302     0.0095721     0.0005798           1         392           0
    8.362     0.0097381     0.0003554           2       16796           0
    8.423     0.0087106     0.0003294           2       16796           0
    8.483     0.0080397     0.0004122           2       16792           0
    8.544     0.0068625     0.0003072           2       16776           0
    8.604     0.0060992     0.0004384           2         392           0
    8.665     0.0053950     0.0003524           2         392           0
    8.725     0.0053093     0.0003120           2         392           0
    8.786     0.0053027     0.0003542           2         392           0
    8.846     0.0052924     0.0003742           2         392           0
    8.907     0.0053744     0.0003694           2         392           0
    8.967     0.0056038     0.0004017           2         392           0
    9.028     0.0056570     0.0003958           2         136           0
    9.088     0.0062201     0.0004129           2         136           0
    9.149     0.0065045     0.0003778           2         136           0
    9.209     0.0065895     0.0003909           2         136           0
    9.270     0.0058376     0.0002946           2         136           0
    9.330     0.0047856     0.0003989           2         136           0
    9.391     0.0035866     0.0003755           2         392           0
    9.451     0.0032829     0.0003984           2         392           0
    9.512     0.0029488     0.0003790           2         392           0
    9.572     0.0027641     0.0003720           2         392           0
    9.633     0.0024312     0.0003277           2         392           0
    9.693     0.0023997     0.0003594           2         392           0
    9.754     0.0019295     0.0003562           2       16796           0
    9.814     0.0021023     0.0003347           2       16796           0
    9.875     0.0023630     0.0003527           2         392           0
    9.935     0.0019782     0.0003192           2         392           0
    9.995     0.0020170     0.0003081           2         392           0
   10.056     0.0019566     0.0003161           2         392           0
   10.116     0.0019183     0.0003181           2         392           0
   10.177     0.0020760     0.0003028           2         392           0
   10.237     0.0023982     0.0002995           2         392           0
   10.298     0.0026669     0.0003167           2         392           0
   10.358     0.0026226     0.0003195           2         392           0
   10.419     0.0021708     0.0003312           2         392           0
   10.479     0.0018886     0.0003457           2         392           0
   10.540     0.0017714     0.0003354           2         392           0
   10.600     0.0017560     0.0003570           2         392           0
   10.661     0.0017046     0.0003457           2         392           0
   10.721     0.0020304     0.0003590           2         392           0
   10.782     0.0020361     0.0003682           2         392           0
   10.842     0.0019703     0.0003496           2         392           0
   10.903     0.0021025     0.0003739           2         392           0
   10.963     0.0021287     0.0003869           2         392           0
   11.024     0.0019943     0.0003980           2         392           0
   11.084     0.0022374     0.0003978           2         392           0
   11.145     0.0021225     0.0003956           2         392           0
   11.205     0.0024718     0.0004309           2         392           0
   11.266     0.0026588     0.0004230           2         392           0
   11.326     0.0027102     0.0004053           2         392           0
   11.387     0.0028844     0.0004197           2         412           0
   11.447     0.0026998     0.0004242           2         412           0
   11.508     0.0025429     0.0004231           2         392           0
   11.568     0.0027569     0.0004326           2         392           0
   11.628     0.0029187     0.0004832           2         392           0
   11.689     0.0035632     0.0004291           2         392           0
   11.750     0.0044974     0.0004436           2         392           0
   11.810     0.0050289     0.0004476           2         392           0
   11.870     0.0100190     0.0002050           2         392           0
   11.931     0.0105452     0.0003831           2         392           0
   11.991     0.0136361     0.0002814           2         392           0
   12.052     0.0143817     0.0003434           2         392           0
   12.112     0.0115175     0.0004600           2         392           0
   12.173     0.0093967     0.0004763           2         392           0
   12.233     0.0077475     0.0004622           2         392           0
   12.294     0.0067485     0.0004458           2         392           0
   12.354     0.0056463     0.0004947           2         392           0
   12.415     0.0054097     0.0004551           2         392           0
   12.475     0.0050964     0.0004380           2         392           0
   12.536     0.0047649     0.0004521           2         392           0
   12.596     0.0049581     0.0004459           2         392           0
   12.657     0.0052596     0.0004458           2         392           0
   12.717     0.0055437     0.0004496           2         392           0
   12.778     0.0058008     0.0004373           2         392           0
   12.838     0.0057065     0.0004532           2         392           0
   12.899     0.0052511     0.0004669           2         392           0
   12.959     0.0053941     0.0005224           2         392           0
   13.020     0.0054670     0.0005024           2         392           0
   13.080     0.0059285     0.0005351           2         392           0
   13.141     0.0062918     0.0005588           2         392           0
   13.201     0.0064094     0.0005420           2         392           0
   13.262     0.0064635     0.0005547           2         392           0
   13.322     0.0067976     0.0005770           2         392           0
   13.383     0.0076100     0.0006013           2         392           0
   13.443     0.0082569     0.0006061           2         392           0
   13.503     0.0084029     0.0006304           2         392           0
   13.564     0.0086733     0.0006118           2         392           0
   13.625     0.0114718     0.0005155           2         392           0
   13.685     0.0099665     0.0005530           2         392           0
   13.745     0.0077190     0.0005580           2         392           0
   13.806     0.0054822     0.0006462           2         392           0
   13.866     0.0049571     0.0006522           2         392           0
   13.927     0.0047410     0.0007171           2         392           0
   13.987     0.0046779     0.0007496           2         392           0
   14.048     0.0050222     0.0007307           2         392           0
   14.108     0.0051510     0.0008003           2         392           0
   14.169     0.0051014     0.0007989           2         392           0
   14.239     0.0054933     0.0006111           3        4360           0
   14.323     0.0050823     0.0027764           3        4360           0
   14.408     0.0041159     0.0003976           3        4360           0
   14.493     0.0039579     0.0006028           3        4360           0
   14.577     0.0045291     0.0007572           3        4360           0
   14.662     0.0044891     0.0006281           3        4360           0
   14.747     0.0044526     0.0006046           3        4360           0
   14.832     0.0031919     0.0007241           3        4360           0
   14.916     0.0046259     0.0005268           3        4360           0
   15.001     0.0043412     0.0007467           3        4360           0
   15.085     0.0043189     0.0007647           3        4360           0
   15.170     0.0049797     0.0005844           3        4360           0
   15.255     0.0046345     0.0006206           3        4360           0
   15.340     0.0045934     0.0006534           3        4360           0
   15.424     0.0037941     0.0005658           3        4360           0
   15.509     0.0034867     0.0005461           3        4360           0
   15.594     0.0033723     0.0005752           3        4360           0
   15.678     0.0031304     0.0004490           3        4360           0
   15.763     0.0041814     0.0004711           3        4360           0
   15.848     0.0036213     0.0005711           3        4360           0
   15.932     0.0034113     0.0007316           3        4360           0
   16.017     0.0037447     0.0007027           3        4360           0
   16.102     0.0036838     0.0007382           3        4360           0
   16.186     0.0027873     0.0007622           3        4360           0
   16.271     0.0032266     0.0007566           3        4360           0
   16.356     0.0039953     0.0007449           3        4360           0
   16.440     0.0036148     0.0008363           3        4360           0
   16.525     0.0048735     0.0006808           3        4360           0
   16.610     0.0055694     0.0005048           3        4360           0
   16.694     0.0044104     0.0006328           3        4360           0
   16.779     0.0046095     0.0006809           3        4360           0
   16.864     0.0043024     0.0016887           3        4360           0
   16.948     0.0044841     0.0032827           3        4360           0
   17.033     0.0050881     0.0006832           3        4360           0
   17.118     0.0051163     0.0011861           3        4360           0
   17.202     0.0054425     0.0008985           3        4360           0
   17.287     0.0057452     0.0008374           3        4360           0
   17.372     0.0059700     0.0008438           3        4360           0
   17.456     0.0072139     0.0007733           3        4360           0
   17.541     0.0076759     0.0006566           3        4360           0
   17.626     0.0079571     0.0007798           3        4360           0
   17.711     0.0075623     0.0007496           3        4360           0
   17.795     0.0073094     0.0007709           3        4360           0
   17.880     0.0079627     0.0006780           3        4360           0
   17.965     0.0077239     0.0007974           3        4360           0
   18.049     0.0086735     0.0008939           3        4360           0
   18.134     0.0094069     0.0007803           3        4360           0
   18.219     0.0091961     0.0008502           3        4360           0
   18.303     0.0066943     0.0011252           3        4360           0
   18.388     0.0090934     0.0010962           3        4360           0
   18.472     0.0066458     0.0008789           3        4360           0
   18.557     0.0080522     0.0011644           3        4360           0
   18.642     0.0077226     0.0006962           3        4360           0
   18.727     0.0067390     0.0008151           3        4360           0
   18.811     0.0068198     0.0007306           3        4360           0
   18.896     0.0060054     0.0008407           3        4360           0
   18.981     0.0074167     0.0007209           3        4360           0
   19.065     0.0065301     0.0008289           3        4360           0
   19.150     0.0068872     0.0009833           3        4360           0
   19.235     0.0037139     0.0014255           3    19009600           0
   19.404     0.0062679     0.0022097           3    19009600           0
   19.573     0.0073296     0.0016425           3    19009600           0
   19.743     0.0076799     0.0015858           3    19009600           0
   19.912     0.0086426     0.0014865           3    19009600           0
   20.081     0.0082700     0.0022627           3    19009600           0
   20.251     0.0075613     0.0015920           3    19009600           0
   20.420     0.0073963     0.0013081           3    19009600           0
   20.590     0.0070378     0.0015652           3    19009600           0
   20.759     0.0065698     0.0021260           3    19009600           0
   20.928     0.0073286     0.0025571           3        4360           0
   21.097     0.0070190     0.0039947           3        4360           0
   21.267     0.0074602     0.0019927           3        4360           0
   21.436     0.0070442     0.0008858           4        4360           0
   21.606     0.0089353     0.0010459           4        4360           0
   21.775     0.0083042     0.0011066           4        4360           0
   21.944     0.0078217     0.0010319           4        4360           0
   22.114     0.0073290     0.0009422           4        4360           0
   22.283     0.0081929     0.0007968           4        4360           0
   22.452     0.0082331     0.0010341           4        4360           0
   22.622     0.0076895     0.0010972           4        4360           0
   22.791     0.0086355     0.0008284           4        4360           0
   22.960     0.0093193     0.0005717           4        4360           0
   23.130     0.0101735     0.0006333           4        4360           0
   23.299     0.0102363     0.0006802           4        4360           0
   23.469     0.0098448     0.0007159           4        4360           0
   23.638     0.0100080     0.0006332           4        4360           0
   23.807     0.0109699     0.0006605           4        4360           0
   23.976     0.0117181     0.0006906           4        4360           0
   24.146     0.0107653     0.0008947           4        4360           0
   24.315     0.0115946     0.0008722           4        4360           0
   24.485     0.0115602     0.0010345           4        4360           0
   24.654     0.0113252     0.0008389           4        4360           0
   24.823     0.0120446     0.0008913           4        4360           0
   24.993     0.0121429     0.0010098           4        4360           0
   25.162     0.0126474     0.0008582           4        4360           0
   25.331     0.0129199     0.0008592           4        4360           0
   25.501     0.0123995     0.0009507           4        4360           0
   25.670     0.0135742     0.0009321           4        4360           0
   25.839     0.0124712     0.0034446           4        4360           0
   26.009     0.0132693     0.0011332           4        4360           0
   26.178     0.0129909     0.0039074           4        4360           0
   26.347     0.0125960     0.0020479           4        4360           0
   26.517     0.0139011     0.0007367           4        4360           0
   26.686     0.0148575     0.0006648           4        4360           0
   26.856     0.0148875     0.0006574           4        4360           0
   27.025     0.0144229     0.0008076           4        4360           0
   27.194     0.0159819     0.0007486           4        4360           0
   27.364     0.0162799     0.0008647           4        4360           0
   27.533     0.0157994     0.0008580           4        4360           0
   27.702     0.0169954     0.0009865           4        4360           0
   27.872     0.0172549     0.0009840           4        4360           0
   28.041     0.0172204     0.0010908           4        4360           0
   28.210     0.0192552     0.0010227           4        4360           0
   28.380     0.0180566     0.0009985           4        4360           0
   28.549     0.0189304     0.0006585           4        4360           0
   28.719     0.0189908     0.0008408           4        4360           0
   28.888     0.0187513     0.0009256           4        4360           0
   29.057     0.0191981     0.0010739           4        4360           0
   29.226     0.0190661     0.0010709           4        4360           0
   29.396     0.0174287     0.0012761           4        4360           0
   29.565     0.0182388     0.0011166           4        4360           0
   29.735     0.0205586     0.0008934           4        4360           0
   29.904     0.0207804     0.0008977           4        4360           0
   30.073     0.0204664     0.0007584           4        4360           0
   30.243     0.0216572     0.0009099           4        4360           0
   30.412     0.0223740     0.0012592           4        4360           0
   30.581     0.0208797     0.0019154           4        4360           0
   30.751     0.0213596     0.0016374           4        4360           0
   30.920     0.0225126     0.0014566           4        4360           0
   31.089     0.0228464     0.0012861           4        4360           0
   31.259     0.0230314     0.0011800           4        4360           0
   31.428     0.0236353     0.0010419           4        4360           0
   31.597     0.0231686     0.0010628           4        4360           0
   31.767     0.0238726     0.0008896           4        4360           0
   31.936     0.0247489     0.0014061           4        4360           0
   32.105     0.0238815     0.0022868           4        4360           0
   32.275     0.0253977     0.0016113           4        4360           0
   32.444     0.0249313     0.0022262           4        4360           0
   32.614     0.0248466     0.0046471           4        4360           0
   32.783     0.0272161     0.0017774           4        4360           0
   32.952     0.0265511     0.0019493           4        4360           0
   33.122     0.0257279     0.0024987           4        4360           0
   33.291     0.0267793     0.0038927           4        4360           0
   33.460     0.0272724     0.0022660           4        4360           0
   33.630     0.0276878     0.0020571           4        4360           0
   33.799     0.0288041     0.0021535           4        4360           0
   33.968     0.0270666     0.0020290           4        4360           0
   34.138     0.0316149     0.0022611           4        4360           0
   34.307     0.0319088     0.0024095           4        4360           0
   34.477     0.0287889     0.0031439           4        4360           0
   34.646     0.0314202     0.0025855           4        4360           0
   34.815     0.0327614     0.0055379           4        4360           0
   34.985     0.0322209     0.0275181           4        4360           0
   35.154     0.0332002     0.0083447           4        4360           0
   35.323     0.0280925     0.0074359           4        4360           0
   35.493     0.0359002     0.0084455           4        4360           0
   35.662     0.0407983     0.0047029           4        4360           0
   35.831     0.0457277     0.0036456           4        4360           0
   36.001     0.0386040     0.0031329           4        4360           0
   36.170     0.0339573     0.0031965           4        4360           0
   36.339     0.0312951     0.0037312           4        4360           0
   36.509     0.0273414     0.0045596           4        4360           0
   36.678     0.0270646     0.0054146           4        4360           0
   36.847     0.0404949     0.0057535           4        4360           0
   37.017     0.0396393     0.0051107           4        4360           0
   37.186     0.0745848     0.0051676           4        4360           0
   37.355     0.0537012     0.0062658           4        4360           0
   37.525     0.0417127     0.0064138           4        4360           0
   37.694     0.0325931     0.0057117           4        4360           0
   37.864     0.0371184     0.0129243           4        4360           0
   38.033     0.0264201     0.0298023           4        4360           0
   38.202     0.0511729     0.0454896           4        4360           0
   38.372     0.0427137     0.0225865           4        4360           0
   38.541     0.0433582     0.0395677           4        4360           0
   38.710     0.0295541     0.0148331           4        4360           0
   38.880     0.0446109     0.0942068           4        4360           0
   39.049    -0.0314962     0.5072367           4        4360           0
   39.218    -0.0023211     0.1521625           4        4360           0
   39.388     0.0161518     0.0208626           4        4360           0
   39.557     0.0108371     0.0520988           4        4360           0
   39.727     0.0039194     0.0847720           4        4360           0
   39.896     0.0062531     0.0162715           4        4488           0
   40.065     0.0006766     0.0127187           4        4488           0
   40.235     0.0010246     0.0058874           4        4488           0
   40.404     0.0018017     0.0033067           4        4488           0
   40.573     0.0065090     0.0006430           4        4488           0
   40.743     0.0011972     0.0006026           4        4508           0
   40.912    -0.0000439     0.0002445           4        4488           0
   41.081     0.0012120     0.0000770           4        4488           0
   41.251     0.0007940     0.0000580           4        4488           0
   41.420     0.0000116     0.0002400           4        4488           0
   41.589    -0.0000682     0.0003956           4        4488           0
   41.759     0.0001109     0.0004035           4        4488           0
   41.928     0.0005202     0.0012036           4        4508           0
   42.097    -0.0000207     0.0007698           4        4508           0
   42.267     0.0012718     0.0009255           4        4488           0
