wave flux error channelflag bitflag stitchflag
    5.127    -0.0000480     0.0033792           1         392           0
    5.157    -0.0000534     0.0018476           1         136           0
    5.187    -0.0001422     0.0008696           1         136           0
    5.217     0.0001647     0.0005364           1         136           0
    5.247     0.0000754     0.0006010           1         136           0
    5.278     0.0002938     0.0006064           1         136           0
    5.308     0.0001370     0.0006022           1         136           0
    5.338    -0.0000200     0.0005561           1         392           0
    5.368     0.0003379     0.0005855           1         392           0
    5.399     0.0001845     0.0006247           1       16776           0
    5.429     0.0001164     0.0005990           1       16796           0
    5.459    -0.0000289     0.0005408           1       16796           0
    5.489     0.0002525     0.0004809           1         392           0
    5.520     0.0002319     0.0004650           1         392           0
    5.550     0.0004491     0.0004844           1         392           0
    5.580     0.0006457     0.0004550           1         392           0
    5.610     0.0005150     0.0004704           1         392           0
    5.641     0.0001840     0.0005033           1        8468           0
    5.671     0.0001852     0.0004220           1        8468           0
    5.701     0.0000608     0.0004281           1         392           0
    5.731    -0.0000519     0.0004250           1         392           0
    5.762    -0.0000092     0.0004904           1         412           0
    5.792     0.0000845     0.0004617           1         412           0
    5.822    -0.0000210     0.0004773           1         392           0
    5.852    -0.0001763     0.0004893           1         392           0
    5.883    -0.0000208     0.0005267           1         392           0
    5.913     0.0002321     0.0005135           1         136           0
    5.943     0.0003311     0.0005196           1         136           0
    5.973     0.0004158     0.0004873           1         136           0
    6.004     0.0001980     0.0004984           1         136           0
    6.034     0.0001119     0.0004732           1         136           0
    6.064     0.0003227     0.0004805           1         392           0
    6.094     0.0002100     0.0004767           1         392           0
    6.125     0.0000413     0.0004840           1         392           0
    6.155    -0.0000954     0.0004736           1         392           0
    6.185     0.0000844     0.0004676           1         392           0
    6.215     0.0006667     0.0005194           1         392           0
    6.245     0.0005081     0.0004598           1         392           0
    6.276     0.0002107     0.0004787           1         392           0
    6.306    -0.0000982     0.0005199           1         392           0
    6.336     0.0002981     0.0005762           1         392           0
    6.366     0.0006408     0.0005824           1         392           0
    6.397    -0.0000166     0.0005280           1         392           0
    6.427     0.0003491     0.0005076           1         392           0
    6.457     0.0006200     0.0005010           1         392           0
    6.487     0.0004291     0.0005587           1         392           0
    6.518     0.0002629     0.0005877           1         392           0
    6.548    -0.0001523     0.0006678           1         392           0
    6.578     0.0003382     0.0008104           1         392           0
    6.608     0.0003909     0.0007592           1         392           0
    6.639     0.0003211     0.0006949           1         136           0
    6.669     0.0007341     0.0006980           1         136           0
    6.699     0.0010740     0.0006847           1         136           0
    6.729     0.0003639     0.0006519           1         136           0
    6.760     0.0015107     0.0007333           1         136           0
    6.790     0.0009927     0.0007861           1         392           0
    6.820     0.0008432     0.0007717           1         392           0
    6.850     0.0010439     0.0007660           1         392           0
    6.881     0.0013646     0.0008681           1         392           0
    6.911     0.0008249     0.0006600           1         392           0
    6.941     0.0005136     0.0008125           1         392           0
    6.971     0.0007348     0.0007533           1         392           0
    7.002     0.0018915     0.0008670           1         392           0
    7.032     0.0018452     0.0007040           1         392           0
    7.062     0.0007044     0.0008613           1         392           0
    7.092     0.0008523     0.0008426           1         392           0
    7.122     0.0010502     0.0008627           1         392           0
    7.153     0.0010847     0.0008346           1         392           0
    7.183     0.0008212     0.0008306           1         392           0
    7.213     0.0004364     0.0008419           1         392           0
    7.243     0.0009995     0.0008601           1         392           0
    7.274     0.0009149     0.0008902           1         392           0
    7.304     0.0004616     0.0008858           1         392           0
    7.334     0.0010401     0.0011203           1       53312           0
    7.395     0.0006707     0.0011301           1       18496           0
    7.455     0.0005430     0.0010946           1       18496           0
    7.516     0.0004906     0.0010939           1       53312           0
    7.576     0.0007821     0.0013867           1      153664           0
    7.637     0.0003558     0.0005022           1         392           0
    7.697     0.0008477     0.0005504           1         392           0
    7.758     0.0018267     0.0005949           1         392           0
    7.818     0.0007406     0.0006782           1         392           0
    7.879     0.0012428     0.0006542           1         392           0
    7.939     0.0012835     0.0006375           1         392           0
    8.000     0.0014408     0.0005557           1         392           0
    8.060     0.0014159     0.0005863           1         392           0
    8.120     0.0018745     0.0005105           1         392           0
    8.181     0.0027095     0.0004556           1         392           0
    8.241     0.0021218     0.0004554           1         392           0
    8.302     0.0027129     0.0003785           1         392           0
    8.362     0.0037250     0.0001840           2       16796           0
    8.423     0.0041720     0.0002050           2       16796           0
    8.483     0.0049980     0.0002130           2       16792           0
    8.544     0.0055720     0.0002070           2       16776           0
    8.604     0.0064678     0.0002640           2         392           0
    8.665     0.0046990     0.0002050           2         392           0
    8.725     0.0047070     0.0001760           2         392           0
    8.786     0.0043890     0.0001880           2         392           0
    8.846     0.0039160     0.0002050           2         392           0
    8.907     0.0030163     0.0002871           2         392           0
    8.967     0.0025622     0.0003282           2         392           0
    9.028     0.0030320     0.0002320           2         136           0
    9.088     0.0035519     0.0003058           2         136           0
    9.149     0.0026989     0.0003551           2         136           0
    9.209     0.0032602     0.0002842           2         136           0
    9.270     0.0026580     0.0003489           2         136           0
    9.330     0.0032959     0.0002694           2         136           0
    9.391     0.0035211     0.0002816           2         392           0
    9.451     0.0039093     0.0002779           2         392           0
    9.512     0.0040402     0.0002722           2         392           0
    9.572     0.0042976     0.0002927           2         392           0
    9.633     0.0041152     0.0002709           2         392           0
    9.693     0.0040612     0.0002668           2         392           0
    9.754     0.0021428     0.0003201           2       16796           0
    9.814     0.0019104     0.0002433           2       16796           0
    9.875     0.0019379     0.0003331           2         392           0
    9.935     0.0018355     0.0002978           2         392           0
    9.995     0.0016813     0.0002863           2         392           0
   10.056     0.0014034     0.0002928           2         392           0
   10.116     0.0014714     0.0002951           2         392           0
   10.177     0.0012961     0.0002704           2         392           0
   10.237     0.0012030     0.0002742           2         392           0
   10.298     0.0014426     0.0002705           2         392           0
   10.358     0.0015632     0.0002661           2         392           0
   10.419     0.0014758     0.0002874           2         392           0
   10.479     0.0013080     0.0002804           2         392           0
   10.540     0.0013970     0.0002837           2         392           0
   10.600     0.0012381     0.0002820           2         392           0
   10.661     0.0012148     0.0002801           2         392           0
   10.721     0.0014650     0.0002804           2         392           0
   10.782     0.0014705     0.0002923           2         392           0
   10.842     0.0011429     0.0002967           2         392           0
   10.903     0.0013080     0.0002946           2         392           0
   10.963     0.0011510     0.0003202           2         392           0
   11.024     0.0008890     0.0003265           2         392           0
   11.084     0.0010278     0.0003390           2         392           0
   11.145     0.0009049     0.0003941           2         392           0
   11.205     0.0014549     0.0003615           2         392           0
   11.266     0.0015444     0.0003442           2         392           0
   11.326     0.0011757     0.0003615           2         392           0
   11.387     0.0013802     0.0003624           2         412           0
   11.447     0.0013395     0.0003475           2         412           0
   11.508     0.0009339     0.0004569           2         392           0
   11.568     0.0011068     0.0003961           2         392           0
   11.628     0.0012760     0.0004024           2         392           0
   11.689     0.0015729     0.0004390           2         392           0
   11.750     0.0012696     0.0004325           2         392           0
   11.810     0.0015005     0.0003843           2         392           0
   11.870     0.0013404     0.0004163           2         392           0
   11.931     0.0016402     0.0004090           2         392           0
   11.991     0.0017867     0.0003992           2         392           0
   12.052     0.0019988     0.0003402           2         392           0
   12.112     0.0016291     0.0004299           2         392           0
   12.173     0.0019727     0.0004155           2         392           0
   12.233     0.0023313     0.0004208           2         392           0
   12.294     0.0031308     0.0004084           2         392           0
   12.354     0.0035124     0.0004098           2         392           0
   12.415     0.0041601     0.0003835           2         392           0
   12.475     0.0064408     0.0003066           2         392           0
   12.536     0.0084741     0.0002922           2         392           0
   12.596     0.0084470     0.0002871           2         392           0
   12.657     0.0069198     0.0003055           2         392           0
   12.717     0.0053975     0.0003077           2         392           0
   12.778     0.0045837     0.0003027           2         392           0
   12.838     0.0043168     0.0003952           2         392           0
   12.899     0.0036448     0.0004113           2         392           0
   12.959     0.0030439     0.0004068           2         392           0
   13.020     0.0028048     0.0004302           2         392           0
   13.080     0.0027236     0.0004146           2         392           0
   13.141     0.0028555     0.0003972           2         392           0
   13.201     0.0029989     0.0004309           2         392           0
   13.262     0.0029795     0.0004622           2         392           0
   13.322     0.0033599     0.0004586           2         392           0
   13.383     0.0032030     0.0004635           2         392           0
   13.443     0.0030361     0.0005060           2         392           0
   13.503     0.0031026     0.0005283           2         392           0
   13.564     0.0034977     0.0005173           2         392           0
   13.625     0.0035528     0.0005319           2         392           0
   13.685     0.0035452     0.0005719           2         392           0
   13.745     0.0037069     0.0006057           2         392           0
   13.806     0.0039060     0.0006045           2         392           0
   13.866     0.0040787     0.0005958           2         392           0
   13.927     0.0041433     0.0006532           2         392           0
   13.985     0.0051997     0.0006252           3        4488           0
   14.069     0.0061448     0.0004930           3        4360           0
   14.154     0.0066937     0.0006105           3        4360           0
   14.239     0.0084412     0.0008779           3        4360           0
   14.323     0.0093563     0.0004981           3        4360           0
   14.408     0.0071862     0.0003649           3        4360           0
   14.493     0.0045426     0.0003947           3        4360           0
   14.577     0.0044609     0.0002823           3        4360           0
   14.662     0.0042121     0.0004694           3        4360           0
   14.747     0.0034010     0.0003725           3        4360           0
   14.832     0.0029504     0.0003580           3        4360           0
   14.916     0.0032936     0.0005176           3        4360           0
   15.001     0.0029894     0.0004481           3        4360           0
   15.085     0.0033324     0.0004942           3        4360           0
   15.170     0.0035255     0.0004711           3        4360           0
   15.255     0.0029073     0.0005201           3        4360           0
   15.340     0.0029227     0.0004777           3        4360           0
   15.424     0.0027511     0.0004141           3        4360           0
   15.509     0.0027027     0.0003713           3        4360           0
   15.594     0.0024479     0.0003961           3        4360           0
   15.678     0.0024244     0.0003991           3        4360           0
   15.763     0.0026696     0.0003621           3        4360           0
   15.848     0.0029036     0.0003978           3        4360           0
   15.932     0.0034188     0.0004651           3        4360           0
   16.017     0.0031034     0.0005365           3        4360           0
   16.102     0.0031256     0.0005526           3        4360           0
   16.186     0.0022868     0.0006009           3        4360           0
   16.271     0.0022094     0.0005329           3        4360           0
   16.356     0.0027557     0.0005532           3        4360           0
   16.440     0.0023820     0.0004972           3        4360           0
   16.525     0.0026217     0.0003592           3        4360           0
   16.610     0.0028290     0.0003378           3        4360           0
   16.694     0.0032087     0.0003609           3        4360           0
   16.779     0.0031049     0.0004469           3        4360           0
   16.864     0.0026574     0.0005007           3        4360           0
   16.948     0.0028158     0.0006916           3        4360           0
   17.033     0.0029492     0.0004981           3        4360           0
   17.118     0.0026845     0.0012330           3        4360           0
   17.202     0.0023662     0.0007661           3        4360           0
   17.287     0.0027805     0.0006195           3        4360           0
   17.372     0.0034731     0.0005803           3        4360           0
   17.456     0.0040789     0.0006169           3        4360           0
   17.541     0.0033349     0.0005021           3        4360           0
   17.626     0.0030324     0.0005396           3        4360           0
   17.711     0.0034981     0.0005804           3        4360           0
   17.795     0.0038185     0.0006096           3        4360           0
   17.880     0.0037127     0.0005472           3        4360           0
   17.965     0.0036947     0.0005584           3        4360           0
   18.049     0.0037203     0.0005546           3        4360           0
   18.134     0.0032371     0.0006160           3        4360           0
   18.219     0.0039383     0.0006284           3        4360           0
   18.303     0.0053680     0.0008558           3        4360           0
   18.388     0.0057158     0.0007390           3        4360           0
   18.472     0.0056422     0.0006933           3        4360           0
   18.557     0.0050791     0.0007324           3        4360           0
   18.642     0.0049317     0.0006524           3        4360           0
   18.727     0.0048083     0.0005604           3        4360           0
   18.811     0.0047203     0.0006259           3        4360           0
   18.896     0.0046556     0.0006366           3        4360           0
   18.981     0.0060431     0.0006068           3        4360           0
   19.065     0.0072286     0.0006598           3        4360           0
   19.150     0.0056256     0.0009339           3        4360           0
   19.235     0.0038929     0.0010007           3    19009600           0
   19.404     0.0045876     0.0015506           3    19009600           0
   19.573     0.0033795     0.0013169           3    19009600           0
   19.743     0.0039990     0.0009908           3    19009600           0
   19.912     0.0035312     0.0011820           3    19009600           0
   20.081     0.0029999     0.0033303           3        4360           0
   20.251     0.0041091     0.0029889           3        4360           0
   20.420     0.0036330     0.0038304           3        4360           0
   20.590     0.0032760     0.0012148           3        4360           0
   20.759     0.0029418     0.0012843           3        4360           0
   20.928     0.0055252     0.0016047           3        4360           0
   21.097     0.0044551     0.0006332           4        4360           0
   21.267     0.0030865     0.0007449           4        4360           0
   21.436     0.0038618     0.0007719           4        4360           0
   21.606     0.0038830     0.0007528           4        4360           0
   21.775     0.0044881     0.0008581           4        4360           0
   21.944     0.0086005     0.0005615           4        4360           0
   22.114     0.0035956     0.0006752           4        4360           0
   22.283     0.0037269     0.0006044           4        4360           0
   22.452     0.0040370     0.0006584           4        4360           0
   22.622     0.0040446     0.0006566           4        4360           0
   22.791     0.0038503     0.0005662           4        4360           0
   22.960     0.0039050     0.0004557           4        4360           0
   23.130     0.0035384     0.0005263           4        4360           0
   23.299     0.0038894     0.0005676           4        4360           0
   23.469     0.0041224     0.0005782           4        4360           0
   23.638     0.0044984     0.0005923           4        4360           0
   23.807     0.0047114     0.0005228           4        4360           0
   23.976     0.0047415     0.0004820           4        4360           0
   24.146     0.0049272     0.0005780           4        4360           0
   24.315     0.0050516     0.0005861           4        4360           0
   24.485     0.0053066     0.0005930           4        4360           0
   24.654     0.0048504     0.0006269           4        4360           0
   24.823     0.0052118     0.0006006           4        4360           0
   24.993     0.0048108     0.0007110           4        4360           0
   25.162     0.0048173     0.0005981           4        4360           0
   25.331     0.0046392     0.0006597           4        4360           0
   25.501     0.0051164     0.0007126           4        4360           0
   25.670     0.0056797     0.0014490           4        4360           0
   25.839     0.0062095     0.0024934           4        4360           0
   26.009     0.0051851     0.0007849           4        4360           0
   26.178     0.0057048     0.0004537           4        4360           0
   26.347     0.0057302     0.0004428           4        4360           0
   26.517     0.0059163     0.0019861           4        4360           0
   26.686     0.0058080     0.0025247           4        4360           0
   26.856     0.0056743     0.0024019           4        4360           0
   27.025     0.0064297     0.0020101           4        4360           0
   27.194     0.0064373     0.0017607           4        4360           0
   27.364     0.0056758     0.0005558           4        4360           0
   27.533     0.0060747     0.0005327           4        4360           0
   27.702     0.0057668     0.0006141           4        4360           0
   27.872     0.0060839     0.0006614           4        4360           0
   28.041     0.0060915     0.0007307           4        4360           0
   28.210     0.0074578     0.0006615           4        4360           0
   28.380     0.0061160     0.0007352           4        4360           0
   28.549     0.0069308     0.0007150           4        4360           0
   28.719     0.0069763     0.0006340           4        4360           0
   28.888     0.0075603     0.0006919           4        4360           0
   29.057     0.0071228     0.0007236           4        4360           0
   29.226     0.0068139     0.0007676           4        4360           0
   29.396     0.0072151     0.0009237           4        4360           0
   29.565     0.0079960     0.0012329           4        4360           0
   29.735     0.0081585     0.0010883           4        4360           0
   29.904     0.0075717     0.0008515           4        4360           0
   30.073     0.0072255     0.0006844           4        4360           0
   30.243     0.0071002     0.0007455           4        4360           0
   30.412     0.0070506     0.0025913           4        4360           0
   30.581     0.0061397     0.0012276           4        4360           0
   30.751     0.0064228     0.0035666           4        4360           0
   30.920     0.0083279     0.0009264           4        4360           0
   31.089     0.0085641     0.0009549           4        4360           0
   31.259     0.0085669     0.0009098           4        4360           0
   31.428     0.0090046     0.0007585           4        4360           0
   31.597     0.0095900     0.0008356           4        4360           0
   31.767     0.0085515     0.0008256           4        4360           0
   31.936     0.0083091     0.0007384           4        4360           0
   32.105     0.0090205     0.0008248           4        4360           0
   32.275     0.0082656     0.0010832           4        4360           0
   32.444     0.0075778     0.0012306           4        4360           0
   32.614     0.0071614     0.0013990           4        4360           0
   32.783     0.0085385     0.0027913           4        4360           0
   32.952     0.0087079     0.0013683           4        4360           0
   33.122     0.0091252     0.0012751           4        4360           0
   33.291     0.0095538     0.0022714           4        4360           0
   33.460     0.0121565     0.0014189           4        4360           0
   33.630     0.0092553     0.0013259           4        4360           0
   33.799     0.0098834     0.0013708           4        4360           0
   33.968     0.0092852     0.0018743           4        4360           0
   34.138     0.0089130     0.0018112           4        4360           0
   34.307     0.0089920     0.0016498           4        4360           0
   34.477     0.0094668     0.0023312           4        4360           0
   34.646     0.0116474     0.0026901           4        4360           0
   34.815     0.0117548     0.0021653           4        4360           0
   34.985     0.0108147     0.0024015           4        4360           0
   35.154     0.0105309     0.0025596           4        4360           0
   35.323     0.0097022     0.0054903           4        4360           0
   35.493     0.0095584     0.0023353           4        4360           0
   35.662     0.0131314     0.0032334           4        4360           0
   35.831     0.0095485     0.0031136           4        4360           0
   36.001     0.0113928     0.0026823           4        4360           0
   36.170     0.0114203     0.0032312           4        4360           0
   36.339     0.0109961     0.0043133           4        4360           0
   36.509     0.0124000     0.0061547           4        4360           0
   36.678     0.0092627     0.0047684           4        4360           0
   36.847     0.0145223     0.0040595           4        4360           0
   37.017     0.0052854     0.0048756           4        4360           0
   37.186     0.0102985     0.0086921           4        4360           0
   37.355     0.0179664     0.0048626           4        4360           0
   37.525     0.0131244     0.0046659           4        4360           0
   37.694     0.0128436     0.0053432           4        4360           0
   37.864     0.0155654     0.0073501           4        4360           0
   38.033     0.0204230     0.0096723           4        4360           0
   38.202     0.0201064     0.0099901           4        4360           0
   38.372     0.0106628     0.0099767           4        4360           0
   38.541     0.0091326     0.0075529           4        4360           0
   38.710     0.0148704     0.0139333           4        4360           0
   38.880     0.0286672     0.0148668           4        4360           0
   39.049     0.0133880     0.0505736           4        4360           0
   39.218     0.0070639     0.0263808           4        4360           0
   39.388     0.0016607     0.0104501           4        4360           0
   39.557     0.0063734     0.0107050           4        4360           0
   39.727     0.0082339     0.0132023           4        4360           0
   39.896     0.0022744     0.0156996           4        4488           0
   40.065     0.0024951     0.0062710           4        4488           0
   40.235     0.0008620     0.0037917           4        4488           0
   40.404     0.0002866     0.0015800           4        4488           0
   40.573     0.0005193     0.0010017           4        4488           0
   40.743     0.0004335     0.0004998           4        4508           0
   40.912     0.0000962     0.0001801           4        4488           0
   41.081    -0.0001924     0.0001132           4        4488           0
   41.251    -0.0000541     0.0001041           4        4488           0
   41.420    -0.0000305     0.0002211           4        4488           0
   41.589     0.0000378     0.0006424           4        4488           0
   41.759     0.0011725     0.0010951           4        4488           0
   41.928     0.0002689     0.0008515           4        4508           0
   42.097     0.0003343     0.0005409           4        4508           0
   42.267     0.0012113     0.0007525           4        4488           0
