wave flux error channelflag bitflag stitchflag
    5.127     0.0000093     0.0031499           1         392           0
    5.157     0.0001479     0.0020167           1         136           0
    5.187    -0.0000902     0.0008964           1         136           0
    5.217     0.0000707     0.0005790           1         136           0
    5.247     0.0002028     0.0005679           1         136           0
    5.278     0.0001215     0.0006076           1         136           0
    5.308    -0.0002131     0.0006206           1         136           0
    5.338     0.0004739     0.0005701           1         392           0
    5.368     0.0001606     0.0006145           1         392           0
    5.399     0.0004860     0.0006110           1       16776           0
    5.429     0.0002847     0.0005629           1       16796           0
    5.459    -0.0003520     0.0005754           1       16796           0
    5.489     0.0001319     0.0004962           1         392           0
    5.520     0.0000850     0.0004874           1         392           0
    5.550     0.0000757     0.0004798           1         392           0
    5.580     0.0002746     0.0004831           1         392           0
    5.610     0.0000915     0.0005035           1         392           0
    5.641    -0.0000542     0.0004080           1        8468           0
    5.671     0.0000157     0.0004224           1        8468           0
    5.701    -0.0000007     0.0004287           1         392           0
    5.731     0.0001292     0.0004149           1         392           0
    5.762    -0.0002726     0.0004700           1         412           0
    5.792    -0.0000121     0.0005219           1         412           0
    5.822    -0.0000858     0.0004872           1         392           0
    5.852    -0.0000463     0.0004830           1         392           0
    5.883     0.0000617     0.0005294           1         392           0
    5.913     0.0001191     0.0005243           1         136           0
    5.943     0.0000096     0.0004778           1         136           0
    5.973     0.0000101     0.0004967           1         136           0
    6.004     0.0002524     0.0005000           1         136           0
    6.034     0.0000931     0.0004775           1         136           0
    6.064    -0.0000613     0.0004954           1         392           0
    6.094     0.0001745     0.0004700           1         392           0
    6.125     0.0000426     0.0004961           1         392           0
    6.155    -0.0000717     0.0004852           1         392           0
    6.185     0.0009431     0.0003401           1         392           0
    6.215     0.0008938     0.0003630           1         392           0
    6.245     0.0000464     0.0004670           1         392           0
    6.276     0.0001654     0.0004571           1         392           0
    6.306     0.0003769     0.0004903           1         392           0
    6.336     0.0002673     0.0005799           1         392           0
    6.366     0.0001893     0.0005146           1         392           0
    6.397     0.0000315     0.0005243           1         392           0
    6.427     0.0002406     0.0005058           1         392           0
    6.457     0.0002127     0.0005118           1         392           0
    6.487     0.0002352     0.0006044           1         392           0
    6.518     0.0003431     0.0005750           1         392           0
    6.548     0.0001125     0.0006694           1         392           0
    6.578    -0.0006607     0.0006765           1         392           0
    6.608     0.0013265     0.0006410           1         392           0
    6.639     0.0015577     0.0007344           1         136           0
    6.669     0.0023110     0.0005854           1         136           0
    6.699     0.0022411     0.0006118           1         136           0
    6.729     0.0012823     0.0006718           1         136           0
    6.760     0.0017042     0.0006220           1         136           0
    6.790     0.0012393     0.0007253           1         392           0
    6.820     0.0009732     0.0007755           1         392           0
    6.850     0.0009838     0.0007460           1         392           0
    6.881     0.0001474     0.0008088           1         392           0
    6.911    -0.0000286     0.0007578           1         392           0
    6.941    -0.0001095     0.0007999           1         392           0
    6.971     0.0004589     0.0008262           1         392           0
    7.002    -0.0003401     0.0008253           1         392           0
    7.032    -0.0001309     0.0008517           1         392           0
    7.062     0.0005732     0.0008753           1         392           0
    7.092     0.0004014     0.0007793           1         392           0
    7.122     0.0001165     0.0008725           1         392           0
    7.153     0.0005230     0.0008358           1         392           0
    7.183     0.0006198     0.0007404           1         392           0
    7.213     0.0002463     0.0007743           1         392           0
    7.243     0.0003826     0.0008294           1         392           0
    7.274     0.0002729     0.0009604           1         392           0
    7.304    -0.0000153     0.0008826           1         392           0
    7.334     0.0002089     0.0011000           1       53312           0
    7.395     0.0006691     0.0012227           1       18496           0
    7.455     0.0006822     0.0011154           1       18496           0
    7.516     0.0005036     0.0011043           1       53312           0
    7.576     0.0008233     0.0014131           1      153664           0
    7.637     0.0010350     0.0005836           1         392           0
    7.697     0.0008145     0.0005690           1         392           0
    7.758     0.0013238     0.0006054           1         392           0
    7.818     0.0013437     0.0006444           1         392           0
    7.879     0.0015954     0.0005776           1         392           0
    7.939     0.0020175     0.0005903           1         392           0
    8.000     0.0028746     0.0004348           1         392           0
    8.060     0.0025939     0.0004052           1         392           0
    8.120     0.0032099     0.0003088           1         392           0
    8.181     0.0038652     0.0003700           1         392           0
    8.241     0.0036952     0.0003388           1         392           0
    8.302     0.0035430     0.0003109           1         392           0
    8.362     0.0035910     0.0001730           2       16796           0
    8.423     0.0037372     0.0002920           2       16796           0
    8.483     0.0030290     0.0001930           2       16792           0
    8.544     0.0018672     0.0002498           2       16776           0
    8.604     0.0024919     0.0003571           2         392           0
    8.665     0.0029880     0.0002283           2         392           0
    8.725     0.0026931     0.0002365           2         392           0
    8.786     0.0022875     0.0002303           2         392           0
    8.846     0.0019034     0.0003014           2         392           0
    8.907     0.0026537     0.0002388           2         392           0
    8.967     0.0020090     0.0003641           2         392           0
    9.028     0.0025675     0.0002574           2         136           0
    9.088     0.0031246     0.0003118           2         136           0
    9.149     0.0031719     0.0002513           2         136           0
    9.209     0.0019789     0.0002886           2         136           0
    9.270     0.0032702     0.0002888           2         136           0
    9.330     0.0025091     0.0002747           2         136           0
    9.391     0.0018208     0.0003495           2         392           0
    9.451     0.0018867     0.0003744           2         392           0
    9.512     0.0012205     0.0003518           2         392           0
    9.572     0.0010918     0.0003300           2         392           0
    9.633     0.0009085     0.0002326           2         392           0
    9.693     0.0013721     0.0002900           2         392           0
    9.754     0.0013762     0.0003022           2       16796           0
    9.814     0.0007533     0.0003638           2       16796           0
    9.875     0.0005072     0.0003455           2         392           0
    9.935     0.0006885     0.0003445           2         392           0
    9.995     0.0008427     0.0003231           2         392           0
   10.056     0.0007194     0.0003256           2         392           0
   10.116     0.0006671     0.0003207           2         392           0
   10.177     0.0007712     0.0002609           2         392           0
   10.237     0.0005900     0.0002878           2         392           0
   10.298     0.0009033     0.0002531           2         392           0
   10.358     0.0011666     0.0002572           2         392           0
   10.419     0.0007221     0.0002997           2         392           0
   10.479     0.0006141     0.0003148           2         392           0
   10.540     0.0007916     0.0003072           2         392           0
   10.600     0.0009748     0.0002754           2         392           0
   10.661     0.0006351     0.0003099           2         392           0
   10.721     0.0005761     0.0003091           2         392           0
   10.782     0.0005021     0.0003499           2         392           0
   10.842     0.0005532     0.0003386           2         392           0
   10.903     0.0007810     0.0003460           2         392           0
   10.963     0.0006436     0.0003608           2         392           0
   11.024     0.0007159     0.0003825           2         392           0
   11.084     0.0008656     0.0004153           2         392           0
   11.145     0.0012021     0.0003237           2         392           0
   11.205     0.0008542     0.0004402           2         392           0
   11.266     0.0009557     0.0004133           2         392           0
   11.326     0.0012061     0.0003521           2         392           0
   11.387     0.0011031     0.0003543           2         412           0
   11.447     0.0016522     0.0003514           2         412           0
   11.508     0.0012980     0.0003742           2         392           0
   11.568     0.0008099     0.0004210           2         392           0
   11.628     0.0010061     0.0004871           2         392           0
   11.689     0.0017000     0.0004271           2         392           0
   11.750     0.0018538     0.0003961           2         392           0
   11.810     0.0025966     0.0003895           2         392           0
   11.870     0.0023023     0.0003801           2         392           0
   11.931     0.0027559     0.0003919           2         392           0
   11.991     0.0049022     0.0003467           2         392           0
   12.052     0.0060067     0.0003211           2         392           0
   12.112     0.0064864     0.0003083           2         392           0
   12.173     0.0063522     0.0003274           2         392           0
   12.233     0.0045644     0.0004103           2         392           0
   12.294     0.0034345     0.0004024           2         392           0
   12.354     0.0031894     0.0004185           2         392           0
   12.415     0.0028361     0.0004048           2         392           0
   12.475     0.0030433     0.0003949           2         392           0
   12.536     0.0024914     0.0004114           2         392           0
   12.596     0.0021662     0.0003957           2         392           0
   12.657     0.0022233     0.0004042           2         392           0
   12.717     0.0025889     0.0003775           2         392           0
   12.778     0.0027306     0.0003871           2         392           0
   12.838     0.0027275     0.0003742           2         392           0
   12.899     0.0029766     0.0003358           2         392           0
   12.959     0.0027069     0.0003387           2         392           0
   13.020     0.0023467     0.0004128           2         392           0
   13.080     0.0025145     0.0004135           2         392           0
   13.141     0.0025939     0.0004457           2         392           0
   13.201     0.0028063     0.0004722           2         392           0
   13.262     0.0028394     0.0004575           2         392           0
   13.322     0.0023136     0.0004381           2         392           0
   13.383     0.0024591     0.0004794           2         392           0
   13.443     0.0030353     0.0004814           2         392           0
   13.503     0.0034061     0.0005096           2         392           0
   13.564     0.0038626     0.0005141           2         392           0
   13.625     0.0038618     0.0005200           2         392           0
   13.685     0.0040509     0.0005491           2         392           0
   13.745     0.0055798     0.0005994           2         392           0
   13.806     0.0057505     0.0005529           2         392           0
   13.866     0.0036802     0.0006259           2         392           0
   13.927     0.0027936     0.0006300           2         392           0
   13.987     0.0025574     0.0006762           2         392           0
   14.048     0.0017026     0.0006838           2         392           0
   14.108     0.0021655     0.0007237           2         392           0
   14.169     0.0018311     0.0006856           2         392           0
   14.239     0.0024658     0.0004070           3        4360           0
   14.323     0.0027807     0.0004552           3        4360           0
   14.408     0.0027277     0.0004226           3        4360           0
   14.493     0.0022714     0.0004077           3        4360           0
   14.577     0.0024784     0.0004373           3        4360           0
   14.662     0.0030761     0.0003801           3        4360           0
   14.747     0.0025029     0.0003793           3        4360           0
   14.832     0.0021851     0.0006847           3        4360           0
   14.916     0.0025854     0.0005456           3        4360           0
   15.001     0.0021787     0.0004941           3        4360           0
   15.085     0.0022331     0.0004650           3        4360           0
   15.170     0.0021579     0.0004380           3        4360           0
   15.255     0.0020151     0.0004705           3        4360           0
   15.340     0.0023568     0.0003693           3        4360           0
   15.424     0.0024532     0.0003956           3        4360           0
   15.509     0.0022553     0.0003650           3        4360           0
   15.594     0.0018359     0.0003819           3        4360           0
   15.678     0.0018802     0.0003808           3        4360           0
   15.763     0.0022420     0.0003089           3        4360           0
   15.848     0.0018303     0.0003875           3        4360           0
   15.932     0.0013955     0.0005215           3        4360           0
   16.017     0.0012228     0.0005458           3        4360           0
   16.102     0.0020117     0.0006465           3        4360           0
   16.186     0.0016108     0.0027575           3        4360           0
   16.271     0.0014779     0.0005395           3        4360           0
   16.356     0.0014746     0.0005784           3        4360           0
   16.440     0.0010991     0.0004652           3        4360           0
   16.525     0.0019024     0.0005574           3        4360           0
   16.610     0.0020628     0.0005038           3        4360           0
   16.694     0.0028422     0.0005403           3        4360           0
   16.779     0.0032941     0.0006164           3        4360           0
   16.864     0.0024108     0.0004446           3        4360           0
   16.948     0.0020206     0.0007763           3        4360           0
   17.033     0.0021105     0.0005334           3        4360           0
   17.118     0.0023476     0.0012791           3        4360           0
   17.202     0.0026356     0.0008006           3        4360           0
   17.287     0.0024971     0.0005355           3        4360           0
   17.372     0.0024288     0.0006285           3        4360           0
   17.456     0.0023579     0.0006319           3        4360           0
   17.541     0.0031727     0.0005363           3        4360           0
   17.626     0.0041998     0.0005282           3        4360           0
   17.711     0.0045811     0.0005265           3        4360           0
   17.795     0.0044380     0.0005547           3        4360           0
   17.880     0.0039565     0.0005559           3        4360           0
   17.965     0.0043055     0.0005462           3        4360           0
   18.049     0.0039711     0.0005175           3        4360           0
   18.134     0.0040084     0.0005426           3        4360           0
   18.219     0.0040222     0.0006526           3        4360           0
   18.303     0.0058311     0.0008486           3        4360           0
   18.388     0.0053687     0.0005926           3        4360           0
   18.472     0.0044485     0.0005640           3        4360           0
   18.557     0.0043300     0.0007698           3        4360           0
   18.642     0.0038670     0.0005473           3        4360           0
   18.727     0.0032284     0.0005889           3        4360           0
   18.811     0.0031378     0.0006119           3        4360           0
   18.896     0.0034409     0.0006052           3        4360           0
   18.981     0.0034245     0.0005907           3        4360           0
   19.065     0.0029665     0.0006410           3        4360           0
   19.150     0.0029132     0.0007576           3        4360           0
   19.235     0.0016998     0.0009773           3    19009600           0
   19.404     0.0032924     0.0014946           3    19009600           0
   19.573     0.0034479     0.0011637           3    19009600           0
   19.743     0.0033677     0.0015628           3    19009600           0
   19.912     0.0039147     0.0011061           3    19009600           0
   20.081     0.0047679     0.0011404           3    19009600           0
   20.251     0.0049001     0.0010554           3    19009600           0
   20.420     0.0029036     0.0013200           3        4360           0
   20.590     0.0026288     0.0015644           3        4360           0
   20.759     0.0034607     0.0030174           3        4360           0
   20.928     0.0035845     0.0019803           3        4360           0
   21.097     0.0033527     0.0021198           3        4360           0
   21.267     0.0034681     0.0007672           4        4360           0
   21.436     0.0035546     0.0006381           4        4360           0
   21.606     0.0033647     0.0007830           4        4360           0
   21.775     0.0034283     0.0007313           4        4360           0
   21.944     0.0021279     0.0006308           4        4360           0
   22.114     0.0044528     0.0007608           4        4360           0
   22.283     0.0036378     0.0004905           4        4360           0
   22.452     0.0041456     0.0005609           4        4360           0
   22.622     0.0045682     0.0006079           4        4360           0
   22.791     0.0032827     0.0005558           4        4360           0
   22.960     0.0032833     0.0004429           4        4360           0
   23.130     0.0041506     0.0004652           4        4360           0
   23.299     0.0038240     0.0003924           4        4360           0
   23.469     0.0035840     0.0004998           4        4360           0
   23.638     0.0035459     0.0005811           4        4360           0
   23.807     0.0037799     0.0005232           4        4360           0
   23.976     0.0043828     0.0004657           4        4360           0
   24.146     0.0042088     0.0022536           4        4360           0
   24.315     0.0041250     0.0024715           4        4360           0
   24.485     0.0037594     0.0006020           4        4360           0
   24.654     0.0040576     0.0005861           4        4360           0
   24.823     0.0044761     0.0005169           4        4360           0
   24.993     0.0042675     0.0007317           4        4360           0
   25.162     0.0050370     0.0005032           4        4360           0
   25.331     0.0044975     0.0006410           4        4360           0
   25.501     0.0046463     0.0006852           4        4360           0
   25.670     0.0052330     0.0005931           4        4360           0
   25.839     0.0049161     0.0025559           4        4360           0
   26.009     0.0046493     0.0008495           4        4360           0
   26.178     0.0050407     0.0006107           4        4360           0
   26.347     0.0052676     0.0004909           4        4360           0
   26.517     0.0047623     0.0005062           4        4360           0
   26.686     0.0054552     0.0005987           4        4360           0
   26.856     0.0057074     0.0005809           4        4360           0
   27.025     0.0055569     0.0004755           4        4360           0
   27.194     0.0045628     0.0005272           4        4360           0
   27.364     0.0042670     0.0004275           4        4360           0
   27.533     0.0065675     0.0017408           4        4360           0
   27.702     0.0056517     0.0005904           4        4360           0
   27.872     0.0061425     0.0006742           4        4360           0
   28.041     0.0058297     0.0006169           4        4360           0
   28.210     0.0077521     0.0006850           4        4360           0
   28.380     0.0057884     0.0007489           4        4360           0
   28.549     0.0058173     0.0007144           4        4360           0
   28.719     0.0060866     0.0006697           4        4360           0
   28.888     0.0065606     0.0005626           4        4360           0
   29.057     0.0055924     0.0007166           4        4360           0
   29.226     0.0053860     0.0008093           4        4360           0
   29.396     0.0063390     0.0008911           4        4360           0
   29.565     0.0072206     0.0013463           4        4360           0
   29.735     0.0079706     0.0035192           4        4360           0
   29.904     0.0077104     0.0057844           4        4360           0
   30.073     0.0068545     0.0006564           4        4360           0
   30.243     0.0078913     0.0005555           4        4360           0
   30.412     0.0075474     0.0009158           4        4360           0
   30.581     0.0074742     0.0012427           4        4360           0
   30.751     0.0072616     0.0009528           4        4360           0
   30.920     0.0068890     0.0008458           4        4360           0
   31.089     0.0092312     0.0008502           4        4360           0
   31.259     0.0079332     0.0008577           4        4360           0
   31.428     0.0074005     0.0007534           4        4360           0
   31.597     0.0077563     0.0007664           4        4360           0
   31.767     0.0085454     0.0007473           4        4360           0
   31.936     0.0082300     0.0007143           4        4360           0
   32.105     0.0085237     0.0008146           4        4360           0
   32.275     0.0088262     0.0010878           4        4360           0
   32.444     0.0087096     0.0011352           4        4360           0
   32.614     0.0084977     0.0012925           4        4360           0
   32.783     0.0093819     0.0012312           4        4360           0
   32.952     0.0107481     0.0011595           4        4360           0
   33.122     0.0084165     0.0014570           4        4360           0
   33.291     0.0085358     0.0015134           4        4360           0
   33.460     0.0100358     0.0009539           4        4360           0
   33.630     0.0070183     0.0015520           4        4360           0
   33.799     0.0061672     0.0014524           4        4360           0
   33.968     0.0086656     0.0016517           4        4360           0
   34.138     0.0095360     0.0019004           4        4360           0
   34.307     0.0111282     0.0022527           4        4360           0
   34.477     0.0119771     0.0023373           4        4360           0
   34.646     0.0118355     0.0018333           4        4360           0
   34.815     0.0124714     0.0029646           4        4360           0
   34.985     0.0114272     0.0124612           4        4360           0
   35.154     0.0139011     0.0039983           4        4360           0
   35.323     0.0150257     0.0075475           4        4360           0
   35.493     0.0102465     0.0030269           4        4360           0
   35.662     0.0159560     0.0026680           4        4360           0
   35.831     0.0156695     0.0024244           4        4360           0
   36.001     0.0144460     0.0025949           4        4360           0
   36.170     0.0147370     0.0026331           4        4360           0
   36.339     0.0137687     0.0035236           4        4360           0
   36.509     0.0123064     0.0052882           4        4360           0
   36.678     0.0114848     0.0044329           4        4360           0
   36.847     0.0104957     0.0043100           4        4360           0
   37.017     0.0164639     0.0080523           4        4360           0
   37.186     0.0144038     0.0070636           4        4360           0
   37.355     0.0099690     0.0047463           4        4360           0
   37.525     0.0252619     0.0041159           4        4360           0
   37.694     0.0177727     0.0052765           4        4360           0
   37.864     0.0166289     0.0073264           4        4360           0
   38.033     0.0239581     0.0238893           4        4360           0
   38.202     0.0269396     0.0377971           4        4360           0
   38.372     0.0198494     0.0131758           4        4360           0
   38.541     0.0171207     0.0220409           4        4360           0
   38.710     0.0091513     0.0162072           4        4360           0
   38.880     0.0241908     0.0406626           4        4360           0
   39.049     0.0248083     0.1295864           4        4360           0
   39.218     0.0243437     0.0459425           4        4360           0
   39.388     0.0147800     0.0122168           4        4360           0
   39.557     0.0065868     0.0465593           4        4360           0
   39.727     0.0095328     0.0786768           4        4360           0
   39.896     0.0097486     0.0192730           4        4488           0
   40.065     0.0009649     0.0084995           4        4488           0
   40.235     0.0005320     0.0037889           4        4488           0
   40.404    -0.0005304     0.0022821           4        4488           0
   40.573     0.0002738     0.0009818           4        4488           0
   40.743    -0.0003003     0.0004652           4        4508           0
   40.912     0.0000858     0.0001645           4        4488           0
   41.081     0.0006964     0.0001360           4        4488           0
   41.251     0.0001204     0.0001215           4        4488           0
   41.420     0.0000263     0.0002093           4        4488           0
   41.589    -0.0004921     0.0002079           4        4488           0
   41.759    -0.0007590     0.0001590           4        4488           0
   41.928     0.0001959     0.0008596           4        4508           0
   42.097    -0.0000270     0.0005685           4        4508           0
   42.267     0.0013680     0.0007299           4        4488           0
