wave flux error channelflag bitflag stitchflag
    5.127    -0.0001952     0.0031374           1         392           0
    5.157    -0.0004035     0.0019905           1         136           0
    5.187     0.0000433     0.0008963           1         136           0
    5.217     0.0005152     0.0006623           1         136           0
    5.247     0.0007531     0.0005949           1         136           0
    5.278     0.0007403     0.0006119           1         136           0
    5.308     0.0005967     0.0005337           1         136           0
    5.338     0.0008243     0.0005124           1         392           0
    5.368     0.0004797     0.0004922           1         392           0
    5.399     0.0004891     0.0005360           1       16776           0
    5.429     0.0004737     0.0005399           1       16796           0
    5.459     0.0006538     0.0004734           1       16796           0
    5.489     0.0007356     0.0004644           1         392           0
    5.520     0.0005408     0.0005263           1         392           0
    5.550     0.0003896     0.0005226           1         392           0
    5.580     0.0004225     0.0004486           1         392           0
    5.610     0.0006253     0.0004782           1         392           0
    5.641     0.0007231     0.0005175           1        8468           0
    5.671     0.0003368     0.0004407           1        8468           0
    5.701     0.0002989     0.0004610           1         392           0
    5.731     0.0003326     0.0004297           1         392           0
    5.762     0.0003519     0.0004456           1         412           0
    5.792     0.0004926     0.0004614           1         412           0
    5.822     0.0004761     0.0004740           1         392           0
    5.852     0.0005337     0.0005269           1         392           0
    5.883     0.0003966     0.0005383           1         392           0
    5.913     0.0005950     0.0004995           1         136           0
    5.943     0.0009845     0.0005745           1         136           0
    5.973     0.0009574     0.0005080           1         136           0
    6.004     0.0006795     0.0005342           1         136           0
    6.034     0.0009227     0.0005166           1         136           0
    6.064     0.0007861     0.0005105           1         392           0
    6.094     0.0009338     0.0005553           1         392           0
    6.125     0.0009213     0.0005247           1         392           0
    6.155     0.0008678     0.0005309           1         392           0
    6.185     0.0005532     0.0005215           1         392           0
    6.215     0.0006797     0.0005023           1         392           0
    6.245     0.0010070     0.0005175           1         392           0
    6.276     0.0009212     0.0005855           1         392           0
    6.306     0.0009373     0.0005516           1         392           0
    6.336     0.0009537     0.0005231           1         392           0
    6.366     0.0007905     0.0005750           1         392           0
    6.397     0.0010304     0.0005489           1         392           0
    6.427     0.0014519     0.0005787           1         392           0
    6.457     0.0026116     0.0005370           1         392           0
    6.487     0.0026695     0.0005724           1         392           0
    6.518     0.0030542     0.0006089           1         392           0
    6.548     0.0025431     0.0006471           1         392           0
    6.578     0.0020688     0.0006791           1         392           0
    6.608     0.0017231     0.0006969           1         392           0
    6.639     0.0013463     0.0007057           1         136           0
    6.669     0.0013418     0.0006764           1         136           0
    6.699     0.0013554     0.0006262           1         136           0
    6.729     0.0011766     0.0006426           1         136           0
    6.760     0.0012185     0.0006514           1         136           0
    6.790     0.0008790     0.0006846           1         392           0
    6.820     0.0004889     0.0006820           1         392           0
    6.850     0.0009271     0.0007105           1         392           0
    6.881     0.0008984     0.0007295           1         392           0
    6.911     0.0009227     0.0007793           1         392           0
    6.941     0.0011729     0.0007105           1         392           0
    6.971     0.0008369     0.0008189           1         392           0
    7.002     0.0009097     0.0008074           1         392           0
    7.032     0.0015238     0.0008357           1         392           0
    7.062     0.0012460     0.0008796           1         392           0
    7.092     0.0014512     0.0007977           1         392           0
    7.122     0.0013737     0.0007877           1         392           0
    7.153     0.0010986     0.0008161           1         392           0
    7.183     0.0012158     0.0007859           1         392           0
    7.213     0.0015585     0.0009006           1         392           0
    7.243     0.0013805     0.0008989           1         392           0
    7.274     0.0014295     0.0009456           1         392           0
    7.304     0.0015037     0.0009304           1         392           0
    7.334     0.0017911     0.0011869           1       53312           0
    7.395     0.0013437     0.0013232           1       18496           0
    7.455     0.0012774     0.0010877           1       18496           0
    7.516     0.0016151     0.0011616           1       53312           0
    7.576     0.0015430     0.0014560           1      153664           0
    7.637     0.0019339     0.0006402           1         392           0
    7.697     0.0024680     0.0005919           1         392           0
    7.758     0.0024959     0.0007661           1         392           0
    7.818     0.0028972     0.0007392           1         392           0
    7.879     0.0033441     0.0006966           1         392           0
    7.939     0.0037672     0.0007150           1         392           0
    8.000     0.0040801     0.0006808           1         392           0
    8.060     0.0040242     0.0006231           1         392           0
    8.120     0.0039885     0.0005671           1         392           0
    8.181     0.0042166     0.0005972           1         392           0
    8.241     0.0037789     0.0005889           1         392           0
    8.302     0.0033905     0.0006378           1         392           0
    8.362     0.0027167     0.0004042           2       16796           0
    8.423     0.0023649     0.0003835           2       16796           0
    8.483     0.0020904     0.0004091           2       16792           0
    8.544     0.0022297     0.0003956           2       16776           0
    8.604     0.0022853     0.0004469           2         392           0
    8.665     0.0023465     0.0003884           2         392           0
    8.725     0.0022688     0.0004092           2         392           0
    8.786     0.0023569     0.0003703           2         392           0
    8.846     0.0023180     0.0003527           2         392           0
    8.907     0.0025393     0.0003535           2         392           0
    8.967     0.0027319     0.0004063           2         392           0
    9.028     0.0031120     0.0003338           2         136           0
    9.088     0.0026885     0.0004079           2         136           0
    9.149     0.0020573     0.0003917           2         136           0
    9.209     0.0017610     0.0003928           2         136           0
    9.270     0.0014616     0.0003668           2         136           0
    9.330     0.0010715     0.0003818           2         136           0
    9.391     0.0013950     0.0003984           2         392           0
    9.451     0.0011304     0.0003946           2         392           0
    9.512     0.0012058     0.0003775           2         392           0
    9.572     0.0010769     0.0003622           2         392           0
    9.633     0.0011811     0.0003548           2         392           0
    9.693     0.0011063     0.0003444           2         392           0
    9.754     0.0011590     0.0003424           2       16796           0
    9.814     0.0010320     0.0003210           2       16796           0
    9.875     0.0010451     0.0003347           2         392           0
    9.935     0.0009543     0.0003317           2         392           0
    9.995     0.0009376     0.0003176           2         392           0
   10.056     0.0012335     0.0003286           2         392           0
   10.116     0.0012710     0.0003354           2         392           0
   10.177     0.0010741     0.0003036           2         392           0
   10.237     0.0011246     0.0002959           2         392           0
   10.298     0.0010647     0.0003093           2         392           0
   10.358     0.0011040     0.0003192           2         392           0
   10.419     0.0010088     0.0003351           2         392           0
   10.479     0.0008936     0.0003255           2         392           0
   10.540     0.0009341     0.0003450           2         392           0
   10.600     0.0010670     0.0003350           2         392           0
   10.661     0.0008338     0.0003497           2         392           0
   10.721     0.0007100     0.0002825           2         392           0
   10.782     0.0008158     0.0003300           2         392           0
   10.842     0.0010053     0.0003653           2         392           0
   10.903     0.0009566     0.0003891           2         392           0
   10.963     0.0011143     0.0003905           2         392           0
   11.024     0.0012141     0.0003837           2         392           0
   11.084     0.0014887     0.0003849           2         392           0
   11.145     0.0012901     0.0004217           2         392           0
   11.205     0.0013458     0.0004065           2         392           0
   11.266     0.0014304     0.0003924           2         392           0
   11.326     0.0014353     0.0004227           2         392           0
   11.387     0.0016214     0.0004088           2         412           0
   11.447     0.0017912     0.0004344           2         412           0
   11.508     0.0020373     0.0004403           2         392           0
   11.568     0.0021377     0.0004465           2         392           0
   11.628     0.0029249     0.0004606           2         392           0
   11.689     0.0049640     0.0004459           2         392           0
   11.750     0.0061163     0.0004596           2         392           0
   11.810     0.0059679     0.0004413           2         392           0
   11.870     0.0047483     0.0004413           2         392           0
   11.931     0.0039208     0.0004301           2         392           0
   11.991     0.0032183     0.0004408           2         392           0
   12.052     0.0028212     0.0004434           2         392           0
   12.112     0.0028048     0.0004684           2         392           0
   12.173     0.0025087     0.0004390           2         392           0
   12.233     0.0020766     0.0004605           2         392           0
   12.294     0.0020351     0.0004700           2         392           0
   12.354     0.0021259     0.0004751           2         392           0
   12.415     0.0022271     0.0004554           2         392           0
   12.475     0.0022233     0.0004527           2         392           0
   12.536     0.0022483     0.0004481           2         392           0
   12.596     0.0024083     0.0004603           2         392           0
   12.657     0.0025789     0.0004675           2         392           0
   12.717     0.0020407     0.0004464           2         392           0
   12.778     0.0021075     0.0004348           2         392           0
   12.838     0.0024712     0.0004406           2         392           0
   12.899     0.0019607     0.0004731           2         392           0
   12.959     0.0025542     0.0004359           2         392           0
   13.020     0.0025183     0.0005063           2         392           0
   13.080     0.0029075     0.0005163           2         392           0
   13.141     0.0026712     0.0005767           2         392           0
   13.201     0.0033854     0.0005716           2         392           0
   13.262     0.0033294     0.0005598           2         392           0
   13.322     0.0035563     0.0005716           2         392           0
   13.383     0.0046311     0.0005921           2         392           0
   13.443     0.0041374     0.0006017           2         392           0
   13.503     0.0027635     0.0006321           2         392           0
   13.564     0.0021122     0.0006057           2         392           0
   13.625     0.0018744     0.0006239           2         392           0
   13.685     0.0021786     0.0006648           2         392           0
   13.745     0.0018525     0.0006895           2         392           0
   13.806     0.0014124     0.0006913           2         392           0
   13.866     0.0016325     0.0006657           2         392           0
   13.927     0.0017501     0.0007165           2         392           0
   13.987     0.0015810     0.0007226           2         392           0
   14.048     0.0018954     0.0007425           2         392           0
   14.108     0.0019845     0.0007192           2         392           0
   14.154     0.0018152     0.0006795           3        4360           0
   14.239     0.0023967     0.0005123           3        4360           0
   14.323     0.0021104     0.0005895           3        4360           0
   14.408     0.0016064     0.0005539           3        4360           0
   14.493     0.0013912     0.0005731           3        4360           0
   14.577     0.0015525     0.0006405           3        4360           0
   14.662     0.0020190     0.0005496           3        4360           0
   14.747     0.0019865     0.0006295           3        4360           0
   14.832     0.0021217     0.0007043           3        4360           0
   14.916     0.0017946     0.0007034           3        4360           0
   15.001     0.0011291     0.0006977           3        4360           0
   15.085     0.0013465     0.0006891           3        4360           0
   15.170     0.0010740     0.0006086           3        4360           0
   15.255     0.0010595     0.0005938           3        4360           0
   15.340     0.0011460     0.0006347           3        4360           0
   15.424     0.0012196     0.0005417           3        4360           0
   15.509     0.0013764     0.0004919           3        4360           0
   15.594     0.0011341     0.0005133           3        4360           0
   15.678     0.0008820     0.0005650           3        4360           0
   15.763     0.0007773     0.0004838           3        4360           0
   15.848     0.0006356     0.0005665           3        4360           0
   15.932     0.0012890     0.0007208           3        4360           0
   16.017     0.0011311     0.0007130           3        4360           0
   16.102     0.0009381     0.0007490           3        4360           0
   16.186     0.0011172     0.0007967           3        4360           0
   16.271     0.0015635     0.0006930           3        4360           0
   16.356     0.0015505     0.0006993           3        4360           0
   16.440     0.0012907     0.0007077           3        4360           0
   16.525     0.0013251     0.0006032           3        4360           0
   16.610     0.0020126     0.0007621           3        4360           0
   16.694     0.0019917     0.0009884           3        4360           0
   16.779     0.0012331     0.0015382           3        4360           0
   16.864     0.0004879     0.0019059           3        4360           0
   16.948     0.0010644     0.0011227           3        4360           0
   17.033     0.0014468     0.0006005           3        4360           0
   17.118     0.0020232     0.0011355           3        4360           0
   17.202     0.0020704     0.0011339           3        4360           0
   17.287     0.0027885     0.0011668           3        4360           0
   17.372     0.0030696     0.0007659           3        4360           0
   17.456     0.0027743     0.0008007           3        4360           0
   17.541     0.0026514     0.0006594           3        4360           0
   17.626     0.0028870     0.0006693           3        4360           0
   17.711     0.0024954     0.0007125           3        4360           0
   17.795     0.0028597     0.0007040           3        4360           0
   17.880     0.0037865     0.0007434           3        4360           0
   17.965     0.0037866     0.0007859           3        4360           0
   18.049     0.0031490     0.0006462           3        4360           0
   18.134     0.0023449     0.0007173           3        4360           0
   18.219     0.0023923     0.0008575           3        4360           0
   18.303     0.0035964     0.0010148           3        4360           0
   18.388     0.0038854     0.0007344           3        4360           0
   18.472     0.0028770     0.0010443           3        4360           0
   18.557     0.0014266     0.0010624           3        4360           0
   18.642     0.0022149     0.0009092           3        4360           0
   18.727     0.0031037     0.0008239           3        4360           0
   18.811     0.0023264     0.0008903           3        4360           0
   18.896     0.0032891     0.0007153           3        4360           0
   18.981     0.0030791     0.0006807           3        4360           0
   19.065     0.0024414     0.0006761           3        4360           0
   19.150     0.0018117     0.0009927           3        4360           0
   19.235     0.0018993     0.0011647           3    19009600           0
   19.404     0.0022758     0.0030832           3    19009600           0
   19.573     0.0010108     0.0015442           3    19009600           0
   19.743     0.0024164     0.0014694           3    19009600           0
   19.912     0.0015570     0.0016987           3    19009600           0
   20.081     0.0011609     0.0055105           3        4360           0
   20.251     0.0024662     0.0027182           3        4360           0
   20.420     0.0026336     0.0020449           3        4360           0
   20.590     0.0025447     0.0017726           3        4360           0
   20.759     0.0029538     0.0020246           3        4360           0
   20.928     0.0031850     0.0026027           3        4360           0
   21.097     0.0021763     0.0008710           4        4360           0
   21.267     0.0024523     0.0010131           4        4360           0
   21.436     0.0022221     0.0010452           4        4360           0
   21.606     0.0022179     0.0011086           4        4360           0
   21.775     0.0013747     0.0010680           4        4360           0
   21.944     0.0009189     0.0011384           4        4360           0
   22.114     0.0029458     0.0011614           4        4360           0
   22.283     0.0027296     0.0007825           4        4360           0
   22.452     0.0030256     0.0008962           4        4360           0
   22.622     0.0027050     0.0011077           4        4360           0
   22.791     0.0024788     0.0007542           4        4360           0
   22.960     0.0026314     0.0006325           4        4360           0
   23.130     0.0038141     0.0005589           4        4360           0
   23.299     0.0033016     0.0007028           4        4360           0
   23.469     0.0024534     0.0007334           4        4360           0
   23.638     0.0029678     0.0007049           4        4360           0
   23.807     0.0037456     0.0005797           4        4360           0
   23.976     0.0033835     0.0007073           4        4360           0
   24.146     0.0033973     0.0008133           4        4360           0
   24.315     0.0033947     0.0007659           4        4360           0
   24.485     0.0036927     0.0009055           4        4360           0
   24.654     0.0037340     0.0020393           4        4360           0
   24.823     0.0032865     0.0007842           4        4360           0
   24.993     0.0041543     0.0009636           4        4360           0
   25.162     0.0048202     0.0008639           4        4360           0
   25.331     0.0037360     0.0008170           4        4360           0
   25.501     0.0041056     0.0008417           4        4360           0
   25.670     0.0041348     0.0009646           4        4360           0
   25.839     0.0043905     0.0035663           4        4360           0
   26.009     0.0042890     0.0011337           4        4360           0
   26.178     0.0043280     0.0007832           4        4360           0
   26.347     0.0036386     0.0007867           4        4360           0
   26.517     0.0036681     0.0007432           4        4360           0
   26.686     0.0036550     0.0008222           4        4360           0
   26.856     0.0049587     0.0039996           4        4360           0
   27.025     0.0052742     0.0048771           4        4360           0
   27.194     0.0045957     0.0025086           4        4360           0
   27.364     0.0053110     0.0034989           4        4360           0
   27.533     0.0051114     0.0007316           4        4360           0
   27.702     0.0050111     0.0008221           4        4360           0
   27.872     0.0048143     0.0009081           4        4360           0
   28.041     0.0044989     0.0009092           4        4360           0
   28.210     0.0030481     0.0010911           4        4360           0
   28.380     0.0050487     0.0009762           4        4360           0
   28.549     0.0047724     0.0009077           4        4360           0
   28.719     0.0049313     0.0009202           4        4360           0
   28.888     0.0049437     0.0006811           4        4360           0
   29.057     0.0057103     0.0009370           4        4360           0
   29.226     0.0054348     0.0009609           4        4360           0
   29.396     0.0057322     0.0010722           4        4360           0
   29.565     0.0050181     0.0013132           4        4360           0
   29.735     0.0051679     0.0012880           4        4360           0
   29.904     0.0063240     0.0009968           4        4360           0
   30.073     0.0063939     0.0008521           4        4360           0
   30.243     0.0053089     0.0009721           4        4360           0
   30.412     0.0058673     0.0033440           4        4360           0
   30.581     0.0055947     0.0104159           4        4360           0
   30.751     0.0078088     0.0014285           4        4360           0
   30.920     0.0093323     0.0012792           4        4360           0
   31.089     0.0073128     0.0013298           4        4360           0
   31.259     0.0060967     0.0011518           4        4360           0
   31.428     0.0070202     0.0010559           4        4360           0
   31.597     0.0072089     0.0012543           4        4360           0
   31.767     0.0072169     0.0011493           4        4360           0
   31.936     0.0075465     0.0011531           4        4360           0
   32.105     0.0072723     0.0012927           4        4360           0
   32.275     0.0088165     0.0014871           4        4360           0
   32.444     0.0092624     0.0012886           4        4360           0
   32.614     0.0102382     0.0016762           4        4360           0
   32.783     0.0067116     0.0019655           4        4360           0
   32.952     0.0067338     0.0018566           4        4360           0
   33.122     0.0082041     0.0023136           4        4360           0
   33.291     0.0068585     0.0021911           4        4360           0
   33.460     0.0051870     0.0019273           4        4360           0
   33.630     0.0071243     0.0019608           4        4360           0
   33.799     0.0066718     0.0022487           4        4360           0
   33.968     0.0080502     0.0020660           4        4360           0
   34.138     0.0089085     0.0029143           4        4360           0
   34.307     0.0074362     0.0029973           4        4360           0
   34.477     0.0056306     0.0028817           4        4360           0
   34.646     0.0102454     0.0026126           4        4360           0
   34.815     0.0106252     0.0059384           4        4360           0
   34.985     0.0140008     0.0302443           4        4360           0
   35.154     0.0138396     0.0092174           4        4360           0
   35.323     0.0110564     0.0090677           4        4360           0
   35.493     0.0111276     0.0061873           4        4360           0
   35.662     0.0063865     0.0062260           4        4360           0
   35.831     0.0084770     0.0046595           4        4360           0
   36.001     0.0133496     0.0031791           4        4360           0
   36.170     0.0137340     0.0038695           4        4360           0
   36.339     0.0120265     0.0038469           4        4360           0
   36.509     0.0149827     0.0050984           4        4360           0
   36.678     0.0189568     0.0056907           4        4360           0
   36.847     0.0110019     0.0057727           4        4360           0
   37.017     0.0097184     0.0090110           4        4360           0
   37.186     0.0148096     0.0209643           4        4360           0
   37.355     0.0087890     0.0174822           4        4360           0
   37.525     0.0112507     0.0205436           4        4360           0
   37.694     0.0142171     0.0127751           4        4360           0
   37.864     0.0165745     0.0229436           4        4360           0
   38.033     0.0147332     0.0712864           4        4360           0
   38.202     0.0080290     0.1003115           4        4360           0
   38.372     0.0083906     0.0242277           4        4360           0
   38.541     0.0159165     0.0256196           4        4360           0
   38.710     0.0092549     0.0239374           4        4360           0
   38.880     0.0134518     0.0258576           4        4360           0
   39.049     0.0107510     0.0942048           4        4360           0
   39.218     0.0034564     0.0291555           4        4360           0
   39.388     0.0093128     0.0141690           4        4360           0
   39.557     0.0005954     0.0605392           4        4360           0
   39.727    -0.0162982     0.1041426           4        4360           0
   39.896    -0.0008538     0.0187772           4        4488           0
   40.065    -0.0006384     0.0124343           4        4488           0
   40.235     0.0005490     0.0060280           4        4488           0
   40.404     0.0005701     0.0030965           4        4488           0
   40.573     0.0009089     0.0015959           4        4488           0
   40.743     0.0009025     0.0009995           4        4508           0
   40.912     0.0005100     0.0007480           4        4488           0
   41.081     0.0000342     0.0005439           4        4488           0
   41.251     0.0000325     0.0003188           4        4488           0
   41.420     0.0000794     0.0003335           4        4488           0
   41.589     0.0001188     0.0004062           4        4488           0
   41.759     0.0002381     0.0004740           4        4488           0
   41.928     0.0002575     0.0012618           4        4508           0
   42.097    -0.0000283     0.0008054           4        4508           0
   42.267     0.0005371     0.0010717           4        4488           0
