wave flux error channelflag bitflag stitchflag
    5.127     0.0012817     0.0029113           1         392           0
    5.157     0.0009506     0.0017403           1         136           0
    5.187     0.0002925     0.0009416           1         136           0
    5.217     0.0003654     0.0006202           1         136           0
    5.247     0.0004533     0.0005759           1         136           0
    5.278     0.0005221     0.0005935           1         136           0
    5.308     0.0003438     0.0005422           1         136           0
    5.338     0.0000247     0.0005504           1         392           0
    5.368     0.0000147     0.0005346           1         392           0
    5.399     0.0004470     0.0005370           1       16776           0
    5.429     0.0002124     0.0005534           1       16796           0
    5.459     0.0005111     0.0005075           1       16796           0
    5.489     0.0002041     0.0004553           1         392           0
    5.520     0.0003400     0.0004817           1         392           0
    5.550     0.0003931     0.0003668           1         392           0
    5.580     0.0004236     0.0004643           1         392           0
    5.610     0.0003514     0.0004711           1         392           0
    5.641     0.0005447     0.0004668           1        8468           0
    5.671     0.0005682     0.0004592           1        8468           0
    5.701     0.0001751     0.0004107           1         392           0
    5.731     0.0001593     0.0004289           1         392           0
    5.762     0.0001491     0.0004289           1         412           0
    5.792     0.0003166     0.0004965           1         412           0
    5.822     0.0002705     0.0005101           1         392           0
    5.852     0.0004034     0.0004964           1         392           0
    5.883     0.0003682     0.0005013           1         392           0
    5.913     0.0002977     0.0004508           1         136           0
    5.943     0.0001100     0.0004854           1         136           0
    5.973     0.0000945     0.0004619           1         136           0
    6.004     0.0003937     0.0005078           1         136           0
    6.034     0.0003470     0.0004917           1         136           0
    6.064     0.0005831     0.0004787           1         392           0
    6.094     0.0004513     0.0004853           1         392           0
    6.125     0.0005791     0.0005249           1         392           0
    6.155     0.0002587     0.0005361           1         392           0
    6.185     0.0005641     0.0004991           1         392           0
    6.215     0.0007644     0.0004960           1         392           0
    6.245     0.0004675     0.0004925           1         392           0
    6.276     0.0002925     0.0005141           1         392           0
    6.306     0.0002542     0.0004989           1         392           0
    6.336     0.0001030     0.0006071           1         392           0
    6.366     0.0004520     0.0005729           1         392           0
    6.397     0.0005425     0.0005937           1         392           0
    6.427     0.0006774     0.0005474           1         392           0
    6.457     0.0003607     0.0005625           1         392           0
    6.487     0.0002664     0.0005984           1         392           0
    6.518     0.0005460     0.0006254           1         392           0
    6.548     0.0004134     0.0006784           1         392           0
    6.578     0.0004786     0.0007398           1         392           0
    6.608     0.0005601     0.0006783           1         392           0
    6.639     0.0009611     0.0006443           1         136           0
    6.669     0.0005111     0.0006532           1         136           0
    6.699     0.0002511     0.0005886           1         136           0
    6.729     0.0004823     0.0006128           1         136           0
    6.760     0.0004462     0.0005978           1         136           0
    6.790     0.0003643     0.0006768           1         392           0
    6.820     0.0007271     0.0007025           1         392           0
    6.850     0.0004808     0.0007676           1         392           0
    6.881     0.0003304     0.0007210           1         392           0
    6.911     0.0007175     0.0007384           1         392           0
    6.941     0.0007265     0.0007346           1         392           0
    6.971     0.0005249     0.0008130           1         392           0
    7.002     0.0009107     0.0008924           1         392           0
    7.032     0.0011576     0.0010223           1         392           0
    7.062     0.0008084     0.0008145           1         392           0
    7.092     0.0010310     0.0008102           1         392           0
    7.122     0.0012351     0.0007581           1         392           0
    7.153     0.0013368     0.0008189           1         392           0
    7.183     0.0021614     0.0007106           1         392           0
    7.213     0.0026449     0.0007932           1         392           0
    7.243     0.0020416     0.0008512           1         392           0
    7.274     0.0020078     0.0008905           1         392           0
    7.304     0.0020652     0.0009244           1         392           0
    7.334     0.0009732     0.0011740           1       53312           0
    7.395     0.0014365     0.0013618           1       18496           0
    7.455     0.0011693     0.0011034           1       18496           0
    7.516     0.0009441     0.0010748           1       53312           0
    7.576     0.0005946     0.0015187           1      153664           0
    7.637     0.0009937     0.0006161           1         392           0
    7.697     0.0007952     0.0005730           1         392           0
    7.758     0.0006744     0.0007881           1         392           0
    7.818     0.0010395     0.0007368           1         392           0
    7.879     0.0010863     0.0006985           1         392           0
    7.939     0.0009770     0.0006974           1         392           0
    8.000     0.0010168     0.0006543           1         392           0
    8.060     0.0012139     0.0006205           1         392           0
    8.120     0.0016709     0.0005624           1         392           0
    8.181     0.0012412     0.0005748           1         392           0
    8.241     0.0013676     0.0006019           1         392           0
    8.302     0.0013641     0.0006054           1         392           0
    8.362     0.0014992     0.0003561           2       16796           0
    8.423     0.0016671     0.0003852           2       16796           0
    8.483     0.0015939     0.0004109           2       16792           0
    8.544     0.0020956     0.0003968           2       16776           0
    8.604     0.0025425     0.0003520           2         392           0
    8.665     0.0027032     0.0003775           2         392           0
    8.725     0.0033241     0.0003822           2         392           0
    8.786     0.0035999     0.0003825           2         392           0
    8.846     0.0038756     0.0003078           2         392           0
    8.907     0.0034773     0.0003507           2         392           0
    8.967     0.0034823     0.0004162           2         392           0
    9.028     0.0037085     0.0003763           2         136           0
    9.088     0.0036623     0.0004002           2         136           0
    9.149     0.0036126     0.0003330           2         136           0
    9.209     0.0034548     0.0003237           2         136           0
    9.270     0.0030030     0.0003758           2         136           0
    9.330     0.0025658     0.0004103           2         136           0
    9.391     0.0022100     0.0003826           2         392           0
    9.451     0.0022047     0.0003977           2         392           0
    9.512     0.0020995     0.0003825           2         392           0
    9.572     0.0020371     0.0003675           2         392           0
    9.633     0.0020832     0.0003415           2         392           0
    9.693     0.0023697     0.0003585           2         392           0
    9.754     0.0024605     0.0003744           2       16796           0
    9.814     0.0023394     0.0003282           2       16796           0
    9.875     0.0023296     0.0003405           2         392           0
    9.935     0.0023030     0.0003228           2         392           0
    9.995     0.0023923     0.0003225           2         392           0
   10.056     0.0022441     0.0003194           2         392           0
   10.116     0.0021994     0.0003169           2         392           0
   10.177     0.0018996     0.0003229           2         392           0
   10.237     0.0018094     0.0003241           2         392           0
   10.298     0.0014146     0.0003214           2         392           0
   10.358     0.0012238     0.0003196           2         392           0
   10.419     0.0009725     0.0003286           2         392           0
   10.479     0.0009413     0.0003569           2         392           0
   10.540     0.0010008     0.0003540           2         392           0
   10.600     0.0010196     0.0003356           2         392           0
   10.661     0.0010693     0.0003492           2         392           0
   10.721     0.0009693     0.0003610           2         392           0
   10.782     0.0009517     0.0003732           2         392           0
   10.842     0.0009702     0.0003527           2         392           0
   10.903     0.0008421     0.0003901           2         392           0
   10.963     0.0007980     0.0004075           2         392           0
   11.024     0.0008760     0.0004314           2         392           0
   11.084     0.0006371     0.0004099           2         392           0
   11.145     0.0007180     0.0004210           2         392           0
   11.205     0.0006787     0.0004190           2         392           0
   11.266     0.0006903     0.0004477           2         392           0
   11.326     0.0007713     0.0004079           2         392           0
   11.387     0.0008026     0.0004081           2         412           0
   11.447     0.0006567     0.0004169           2         412           0
   11.508     0.0008473     0.0004277           2         392           0
   11.568     0.0007614     0.0004384           2         392           0
   11.628     0.0006154     0.0004373           2         392           0
   11.689     0.0007579     0.0004793           2         392           0
   11.750     0.0006311     0.0004522           2         392           0
   11.810     0.0009110     0.0004505           2         392           0
   11.870     0.0009272     0.0004636           2         392           0
   11.931     0.0008952     0.0004506           2         392           0
   11.991     0.0005841     0.0004376           2         392           0
   12.052     0.0007726     0.0004497           2         392           0
   12.112     0.0007694     0.0004737           2         392           0
   12.173     0.0005973     0.0004408           2         392           0
   12.233     0.0008331     0.0004540           2         392           0
   12.294     0.0008547     0.0004739           2         392           0
   12.354     0.0009339     0.0005024           2         392           0
   12.415     0.0011673     0.0004877           2         392           0
   12.475     0.0012998     0.0004583           2         392           0
   12.536     0.0012675     0.0004792           2         392           0
   12.596     0.0012158     0.0004472           2         392           0
   12.657     0.0010210     0.0004452           2         392           0
   12.717     0.0013584     0.0004523           2         392           0
   12.778     0.0015639     0.0004500           2         392           0
   12.838     0.0017194     0.0004616           2         392           0
   12.899     0.0019562     0.0004956           2         392           0
   12.959     0.0032020     0.0004286           2         392           0
   13.020     0.0044348     0.0004975           2         392           0
   13.080     0.0056532     0.0005335           2         392           0
   13.141     0.0053842     0.0005327           2         392           0
   13.201     0.0046027     0.0005733           2         392           0
   13.262     0.0039006     0.0005438           2         392           0
   13.322     0.0028710     0.0005838           2         392           0
   13.383     0.0027461     0.0005750           2         392           0
   13.443     0.0022681     0.0005840           2         392           0
   13.503     0.0024612     0.0006196           2         392           0
   13.564     0.0019484     0.0006266           2         392           0
   13.625     0.0018362     0.0006418           2         392           0
   13.685     0.0019955     0.0006552           2         392           0
   13.745     0.0023698     0.0006820           2         392           0
   13.806     0.0022188     0.0006607           2         392           0
   13.866     0.0022003     0.0006892           2         392           0
   13.927     0.0020056     0.0006643           2         392           0
   13.987     0.0023010     0.0007135           2         392           0
   14.069     0.0021654     0.0007167           3        4360           0
   14.154     0.0029712     0.0006473           3        4360           0
   14.239     0.0021370     0.0005885           3        4360           0
   14.323     0.0029551     0.0005289           3        4360           0
   14.408     0.0032478     0.0005016           3        4360           0
   14.493     0.0033382     0.0005053           3        4360           0
   14.577     0.0032293     0.0006066           3        4360           0
   14.662     0.0033478     0.0005714           3        4360           0
   14.747     0.0030804     0.0006480           3        4360           0
   14.832     0.0044750     0.0007582           3        4360           0
   14.916     0.0063555     0.0006418           3        4360           0
   15.001     0.0031733     0.0005969           3        4360           0
   15.085     0.0018081     0.0007297           3        4360           0
   15.170     0.0013836     0.0005859           3        4360           0
   15.255     0.0014625     0.0006751           3        4360           0
   15.340     0.0011338     0.0005304           3        4360           0
   15.424     0.0011293     0.0004218           3        4360           0
   15.509     0.0015401     0.0004975           3        4360           0
   15.594     0.0013477     0.0005342           3        4360           0
   15.678     0.0009603     0.0004832           3        4360           0
   15.763     0.0017941     0.0005398           3        4360           0
   15.848     0.0015772     0.0005234           3        4360           0
   15.932     0.0013805     0.0006488           3        4360           0
   16.017     0.0010421     0.0007581           3        4360           0
   16.102     0.0018347     0.0007339           3        4360           0
   16.186     0.0013811     0.0007908           3        4360           0
   16.271     0.0005629     0.0007043           3        4360           0
   16.356     0.0009259     0.0008060           3        4360           0
   16.440     0.0008920     0.0008259           3        4360           0
   16.525     0.0008185     0.0007028           3        4360           0
   16.610     0.0011036     0.0006104           3        4360           0
   16.694     0.0010860     0.0006042           3        4360           0
   16.779     0.0006705     0.0007209           3        4360           0
   16.864     0.0010095     0.0009934           3        4360           0
   16.948     0.0014876     0.0008780           3        4360           0
   17.033     0.0014103     0.0007216           3        4360           0
   17.118     0.0010384     0.0016212           3        4360           0
   17.202     0.0009405     0.0011393           3        4360           0
   17.287     0.0009287     0.0008061           3        4360           0
   17.372     0.0005736     0.0008029           3        4360           0
   17.456     0.0012886     0.0008488           3        4360           0
   17.541     0.0014777     0.0007638           3        4360           0
   17.626     0.0012331     0.0006797           3        4360           0
   17.711     0.0017049     0.0006915           3        4360           0
   17.795     0.0013856     0.0007646           3        4360           0
   17.880     0.0009169     0.0008660           3        4360           0
   17.965     0.0016919     0.0008468           3        4360           0
   18.049     0.0017730     0.0007928           3        4360           0
   18.134     0.0020165     0.0008029           3        4360           0
   18.219     0.0015527     0.0008724           3        4360           0
   18.303     0.0019395     0.0010527           3        4360           0
   18.388     0.0010213     0.0011428           3        4360           0
   18.472     0.0017418     0.0010110           3        4360           0
   18.557     0.0019076     0.0010065           3        4360           0
   18.642     0.0019921     0.0009270           3        4360           0
   18.727     0.0018367     0.0008231           3        4360           0
   18.811     0.0020017     0.0009343           3        4360           0
   18.896     0.0025550     0.0009191           3        4360           0
   18.981     0.0027213     0.0008409           3        4360           0
   19.065     0.0024937     0.0008400           3        4360           0
   19.150     0.0034948     0.0014265           3        4360           0
   19.235     0.0016034     0.0046037           3    19009600           0
   19.404     0.0026096     0.0020901           3    19009600           0
   19.573     0.0037184     0.0016217           3    19009600           0
   19.743     0.0029425     0.0016140           3    19009600           0
   19.912     0.0032345     0.0016320           3    19009600           0
   20.081     0.0030327     0.0046752           3        4360           0
   20.251     0.0027554     0.0024959           3        4360           0
   20.420     0.0032725     0.0015440           3        4360           0
   20.590     0.0021948     0.0027991           3        4360           0
   20.759     0.0026166     0.0017455           3        4360           0
   20.928     0.0018465     0.0023370           3        4360           0
   21.097     0.0015078     0.0008930           4        4360           0
   21.267     0.0016654     0.0011436           4        4360           0
   21.436     0.0015574     0.0010530           4        4360           0
   21.606     0.0020823     0.0011344           4        4360           0
   21.775     0.0030287     0.0010842           4        4360           0
   21.944     0.0022168     0.0012399           4        4360           0
   22.114     0.0030555     0.0011215           4        4360           0
   22.283     0.0032103     0.0007181           4        4360           0
   22.452     0.0029548     0.0008635           4        4360           0
   22.622     0.0032245     0.0006260           4        4360           0
   22.791     0.0024515     0.0007603           4        4360           0
   22.960     0.0031978     0.0006920           4        4360           0
   23.130     0.0029751     0.0007284           4        4360           0
   23.299     0.0035367     0.0007998           4        4360           0
   23.469     0.0032518     0.0008249           4        4360           0
   23.638     0.0034188     0.0007427           4        4360           0
   23.807     0.0033889     0.0006711           4        4360           0
   23.976     0.0032389     0.0007444           4        4360           0
   24.146     0.0035088     0.0008651           4        4360           0
   24.315     0.0032300     0.0008211           4        4360           0
   24.485     0.0029958     0.0009743           4        4360           0
   24.654     0.0035607     0.0008199           4        4360           0
   24.823     0.0033812     0.0009096           4        4360           0
   24.993     0.0032227     0.0009466           4        4360           0
   25.162     0.0048257     0.0008261           4        4360           0
   25.331     0.0030862     0.0008706           4        4360           0
   25.501     0.0035700     0.0010073           4        4360           0
   25.670     0.0030941     0.0009500           4        4360           0
   25.839     0.0029407     0.0060004           4        4360           0
   26.009     0.0048328     0.0009533           4        4360           0
   26.178     0.0039301     0.0007811           4        4360           0
   26.347     0.0037470     0.0006698           4        4360           0
   26.517     0.0037988     0.0007022           4        4360           0
   26.686     0.0042210     0.0008128           4        4360           0
   26.856     0.0043972     0.0007669           4        4360           0
   27.025     0.0046373     0.0007888           4        4360           0
   27.194     0.0052520     0.0008436           4        4360           0
   27.364     0.0049643     0.0007683           4        4360           0
   27.533     0.0046791     0.0007870           4        4360           0
   27.702     0.0058042     0.0008886           4        4360           0
   27.872     0.0056936     0.0009192           4        4360           0
   28.041     0.0063089     0.0009554           4        4360           0
   28.210     0.0056524     0.0011675           4        4360           0
   28.380     0.0061334     0.0011472           4        4360           0
   28.549     0.0050348     0.0010589           4        4360           0
   28.719     0.0059724     0.0008753           4        4360           0
   28.888     0.0056027     0.0008806           4        4360           0
   29.057     0.0058082     0.0009161           4        4360           0
   29.226     0.0057449     0.0010340           4        4360           0
   29.396     0.0059849     0.0012754           4        4360           0
   29.565     0.0056799     0.0012269           4        4360           0
   29.735     0.0063882     0.0009644           4        4360           0
   29.904     0.0073578     0.0010496           4        4360           0
   30.073     0.0069853     0.0014811           4        4360           0
   30.243     0.0071688     0.0042642           4        4360           0
   30.412     0.0078394     0.0126583           4        4360           0
   30.581     0.0091376     0.0162637           4        4360           0
   30.751     0.0067784     0.0012771           4        4360           0
   30.920     0.0072664     0.0013979           4        4360           0
   31.089     0.0072252     0.0009884           4        4360           0
   31.259     0.0061657     0.0012039           4        4360           0
   31.428     0.0073325     0.0010144           4        4360           0
   31.597     0.0072290     0.0010750           4        4360           0
   31.767     0.0078441     0.0010724           4        4360           0
   31.936     0.0098754     0.0008132           4        4360           0
   32.105     0.0075254     0.0012270           4        4360           0
   32.275     0.0089728     0.0014639           4        4360           0
   32.444     0.0072702     0.0022806           4        4360           0
   32.614     0.0021041     0.0048974           4        4360           0
   32.783     0.0079795     0.0018916           4        4360           0
   32.952     0.0091508     0.0020361           4        4360           0
   33.122     0.0064419     0.0026795           4        4360           0
   33.291     0.0104613     0.0039763           4        4360           0
   33.460     0.0100754     0.0025725           4        4360           0
   33.630     0.0091331     0.0020872           4        4360           0
   33.799     0.0095929     0.0021183           4        4360           0
   33.968     0.0117388     0.0023651           4        4360           0
   34.138     0.0123043     0.0034157           4        4360           0
   34.307     0.0104856     0.0041555           4        4360           0
   34.477     0.0103504     0.0026862           4        4360           0
   34.646     0.0096440     0.0025322           4        4360           0
   34.815     0.0100880     0.0041727           4        4360           0
   34.985     0.0113533     0.0173566           4        4360           0
   35.154     0.0106518     0.0057876           4        4360           0
   35.323    -0.0069397     0.0084177           4        4360           0
   35.493     0.0026578     0.0243334           4        4360           0
   35.662     0.0083825     0.0084234           4        4360           0
   35.831     0.0106544     0.0093516           4        4360           0
   36.001     0.0094182     0.0104245           4        4360           0
   36.170     0.0106083     0.0074259           4        4360           0
   36.339     0.0101614     0.0090123           4        4360           0
   36.509     0.0180207     0.0046601           4        4360           0
   36.678     0.0100939     0.0067905           4        4360           0
   36.847     0.0105705     0.0068900           4        4360           0
   37.017     0.0162621     0.0122605           4        4360           0
   37.186     0.0166729     0.0099742           4        4360           0
   37.355     0.0113267     0.0102479           4        4360           0
   37.525     0.0141260     0.0055266           4        4360           0
   37.694     0.0116316     0.0078773           4        4360           0
   37.864     0.0095042     0.0114560           4        4360           0
   38.033     0.0091533     0.0425872           4        4360           0
   38.202     0.0016514     0.0677035           4        4360           0
   38.372     0.0108029     0.0228621           4        4360           0
   38.541    -0.0009945     0.0461226           4        4360           0
   38.710     0.0106088     0.0229236           4        4360           0
   38.880     0.0069044     0.0254611           4        4360           0
   39.049     0.0188670     0.0264652           4        4360           0
   39.218     0.0196103     0.0166946           4        4360           0
   39.388     0.0208099     0.0149915           4        4360           0
   39.557     0.0057591     0.0644856           4        4360           0
   39.727     0.0129725     0.1011044           4        4360           0
   39.896     0.0205824     0.0290215           4        4488           0
   40.065     0.0014895     0.0120576           4        4488           0
   40.235     0.0038112     0.0059951           4        4488           0
   40.404    -0.0004506     0.0032963           4        4488           0
   40.573     0.0003696     0.0053109           4        4488           0
   40.743     0.0001297     0.0004733           4        4508           0
   40.912     0.0000071     0.0002856           4        4488           0
   41.081    -0.0000245     0.0002282           4        4488           0
   41.251    -0.0001148     0.0001545           4        4488           0
   41.420    -0.0001003     0.0003211           4        4488           0
   41.589     0.0001784     0.0004791           4        4488           0
   41.759     0.0006540     0.0005453           4        4488           0
   41.928     0.0001371     0.0012192           4        4508           0
   42.097     0.0002387     0.0008562           4        4508           0
   42.267     0.0006955     0.0010298           4        4488           0
