wave flux error channelflag bitflag stitchflag
    5.127     0.0002260     0.0033286           1         392           0
    5.157     0.0006537     0.0020365           1         136           0
    5.187     0.0005435     0.0010212           1         136           0
    5.217     0.0000683     0.0005748           1         136           0
    5.247    -0.0001145     0.0005913           1         136           0
    5.278     0.0000005     0.0006032           1         136           0
    5.308    -0.0001442     0.0005905           1         136           0
    5.338     0.0002009     0.0005792           1         392           0
    5.368     0.0000724     0.0005889           1         392           0
    5.399     0.0004800     0.0005680           1       16776           0
    5.429     0.0000589     0.0005349           1       16796           0
    5.459     0.0000261     0.0005634           1       16796           0
    5.489     0.0001376     0.0004960           1         392           0
    5.520     0.0000255     0.0004702           1         392           0
    5.550     0.0001669     0.0004799           1         392           0
    5.580     0.0002071     0.0004993           1         392           0
    5.610     0.0000555     0.0004495           1         392           0
    5.641     0.0001149     0.0004541           1        8468           0
    5.671     0.0000809     0.0004441           1        8468           0
    5.701    -0.0001041     0.0004493           1         392           0
    5.731    -0.0001046     0.0004194           1         392           0
    5.762    -0.0000251     0.0004379           1         412           0
    5.792     0.0002769     0.0004355           1         412           0
    5.822     0.0002046     0.0004835           1         392           0
    5.852     0.0002507     0.0004877           1         392           0
    5.883     0.0001380     0.0005454           1         392           0
    5.913     0.0000597     0.0005161           1         136           0
    5.943    -0.0000647     0.0005001           1         136           0
    5.973    -0.0002904     0.0005154           1         136           0
    6.004    -0.0000540     0.0005290           1         136           0
    6.034     0.0000704     0.0004901           1         136           0
    6.064     0.0000601     0.0004999           1         392           0
    6.094     0.0002127     0.0004768           1         392           0
    6.125     0.0001232     0.0004821           1         392           0
    6.155     0.0001469     0.0004892           1         392           0
    6.185     0.0002277     0.0004682           1         392           0
    6.215     0.0001079     0.0004711           1         392           0
    6.245     0.0000132     0.0004778           1         392           0
    6.276     0.0001083     0.0004722           1         392           0
    6.306     0.0004420     0.0004919           1         392           0
    6.336     0.0005061     0.0005480           1         392           0
    6.366    -0.0000244     0.0005233           1         392           0
    6.397     0.0002070     0.0005174           1         392           0
    6.427     0.0002487     0.0005275           1         392           0
    6.457    -0.0001813     0.0005155           1         392           0
    6.487     0.0002045     0.0005876           1         392           0
    6.518     0.0003813     0.0006013           1         392           0
    6.548     0.0000367     0.0007148           1         392           0
    6.578     0.0003168     0.0007150           1         392           0
    6.608     0.0004430     0.0007108           1         392           0
    6.639     0.0004873     0.0006952           1         136           0
    6.669     0.0004366     0.0006769           1         136           0
    6.699     0.0005815     0.0006474           1         136           0
    6.729     0.0012988     0.0006694           1         136           0
    6.760    -0.0004824     0.0007379           1         136           0
    6.790     0.0016230     0.0006458           1         392           0
    6.820     0.0004971     0.0007855           1         392           0
    6.850     0.0010754     0.0007217           1         392           0
    6.881     0.0005232     0.0007999           1         392           0
    6.911     0.0003344     0.0007905           1         392           0
    6.941    -0.0001838     0.0008040           1         392           0
    6.971     0.0001296     0.0009104           1         392           0
    7.002     0.0001186     0.0008573           1         392           0
    7.032    -0.0000922     0.0008907           1         392           0
    7.062     0.0002798     0.0008437           1         392           0
    7.092     0.0001668     0.0008393           1         392           0
    7.122    -0.0002423     0.0008493           1         392           0
    7.153     0.0002409     0.0007417           1         392           0
    7.183     0.0000912     0.0007477           1         392           0
    7.213    -0.0001874     0.0007964           1         392           0
    7.243    -0.0000031     0.0010339           1         392           0
    7.274     0.0002341     0.0008554           1         392           0
    7.304     0.0004531     0.0008785           1         392           0
    7.334    -0.0001136     0.0010747           1       53312           0
    7.395     0.0001915     0.0012057           1       18496           0
    7.455     0.0003953     0.0010159           1       18496           0
    7.516     0.0004323     0.0010588           1       53312           0
    7.576     0.0003780     0.0013563           1      153664           0
    7.637     0.0004697     0.0006122           1         392           0
    7.697     0.0006303     0.0005983           1         392           0
    7.758     0.0008681     0.0006827           1         392           0
    7.818     0.0005581     0.0006919           1         392           0
    7.879     0.0005528     0.0007036           1         392           0
    7.939     0.0007476     0.0006681           1         392           0
    8.000     0.0015182     0.0005674           1         392           0
    8.060     0.0013948     0.0005122           1         392           0
    8.120     0.0020046     0.0004238           1         392           0
    8.181     0.0028695     0.0004013           1         392           0
    8.241     0.0028301     0.0004268           1         392           0
    8.302     0.0033417     0.0004757           1         392           0
    8.362     0.0038131     0.0002350           2       16796           0
    8.423     0.0039275     0.0002629           2       16796           0
    8.483     0.0037485     0.0002627           2       16792           0
    8.544     0.0036642     0.0002539           2       16776           0
    8.604     0.0036036     0.0002754           2         392           0
    8.665     0.0029201     0.0002335           2         392           0
    8.725     0.0023269     0.0002322           2         392           0
    8.786     0.0021219     0.0002519           2         392           0
    8.846     0.0018481     0.0002625           2         392           0
    8.907     0.0014475     0.0003212           2         392           0
    8.967     0.0018083     0.0003490           2         392           0
    9.028     0.0013937     0.0003683           2         136           0
    9.088     0.0017085     0.0002970           2         136           0
    9.149     0.0014073     0.0003413           2         136           0
    9.209     0.0018717     0.0003684           2         136           0
    9.270     0.0023536     0.0002753           2         136           0
    9.330     0.0022520     0.0003021           2         136           0
    9.391     0.0023533     0.0002800           2         392           0
    9.451     0.0025068     0.0002769           2         392           0
    9.512     0.0017811     0.0003313           2         392           0
    9.572     0.0012919     0.0003265           2         392           0
    9.633     0.0013496     0.0003252           2         392           0
    9.693     0.0011888     0.0003045           2         392           0
    9.754     0.0008982     0.0003541           2       16796           0
    9.814     0.0008375     0.0002906           2       16796           0
    9.875     0.0005065     0.0003312           2         392           0
    9.935     0.0005310     0.0003179           2         392           0
    9.995     0.0006957     0.0002698           2         392           0
   10.056     0.0001804     0.0002880           2         392           0
   10.116     0.0004989     0.0003161           2         392           0
   10.177     0.0003624     0.0002958           2         392           0
   10.237     0.0008141     0.0002560           2         392           0
   10.298     0.0010224     0.0002868           2         392           0
   10.358     0.0004470     0.0003047           2         392           0
   10.419     0.0007234     0.0002705           2         392           0
   10.479     0.0010242     0.0002793           2         392           0
   10.540     0.0003708     0.0003096           2         392           0
   10.600     0.0006406     0.0002838           2         392           0
   10.661     0.0001863     0.0003264           2         392           0
   10.721     0.0004406     0.0003353           2         392           0
   10.782     0.0006153     0.0003482           2         392           0
   10.842     0.0006425     0.0003581           2         392           0
   10.903     0.0005231     0.0003686           2         392           0
   10.963     0.0003605     0.0003643           2         392           0
   11.024     0.0003592     0.0003790           2         392           0
   11.084     0.0004500     0.0004110           2         392           0
   11.145     0.0009031     0.0003289           2         392           0
   11.205     0.0008272     0.0004155           2         392           0
   11.266     0.0007888     0.0004253           2         392           0
   11.326     0.0004147     0.0004179           2         392           0
   11.387     0.0006380     0.0004178           2         412           0
   11.447     0.0007677     0.0004382           2         412           0
   11.508     0.0008904     0.0004488           2         392           0
   11.568     0.0008912     0.0004673           2         392           0
   11.628     0.0007984     0.0004742           2         392           0
   11.689     0.0007761     0.0004784           2         392           0
   11.750     0.0009117     0.0004846           2         392           0
   11.810     0.0010671     0.0004303           2         392           0
   11.870     0.0009818     0.0003753           2         392           0
   11.931     0.0016288     0.0004224           2         392           0
   11.991     0.0016241     0.0004078           2         392           0
   12.052     0.0017328     0.0003870           2         392           0
   12.112     0.0025354     0.0003879           2         392           0
   12.173     0.0037369     0.0004114           2         392           0
   12.233     0.0056167     0.0003569           2         392           0
   12.294     0.0054164     0.0003250           2         392           0
   12.354     0.0046072     0.0003462           2         392           0
   12.415     0.0028336     0.0003041           2         392           0
   12.475     0.0022778     0.0004024           2         392           0
   12.536     0.0020447     0.0004066           2         392           0
   12.596     0.0018117     0.0003695           2         392           0
   12.657     0.0019929     0.0003753           2         392           0
   12.717     0.0020855     0.0003584           2         392           0
   12.778     0.0014372     0.0004467           2         392           0
   12.838     0.0018440     0.0003943           2         392           0
   12.899     0.0018749     0.0004024           2         392           0
   12.959     0.0020641     0.0004122           2         392           0
   13.020     0.0019102     0.0004042           2         392           0
   13.080     0.0018725     0.0004240           2         392           0
   13.141     0.0016304     0.0004057           2         392           0
   13.201     0.0016275     0.0004301           2         392           0
   13.262     0.0025294     0.0003611           2         392           0
   13.322     0.0018883     0.0004696           2         392           0
   13.383     0.0020277     0.0004781           2         392           0
   13.443     0.0018179     0.0006387           2         392           0
   13.503     0.0021161     0.0005195           2         392           0
   13.564     0.0022277     0.0006258           2         392           0
   13.625     0.0026478     0.0005587           2         392           0
   13.685     0.0029629     0.0005479           2         392           0
   13.745     0.0027293     0.0005674           2         392           0
   13.806     0.0030733     0.0006220           2         392           0
   13.866     0.0035004     0.0005660           2         392           0
   13.927     0.0045097     0.0006096           2         392           0
   13.987     0.0047743     0.0006696           2         392           0
   14.048     0.0032027     0.0006737           2         392           0
   14.154     0.0041306     0.0003347           3        4360           0
   14.239     0.0020473     0.0003919           3        4360           0
   14.323     0.0015839     0.0004096           3        4360           0
   14.408     0.0017440     0.0003908           3        4360           0
   14.493     0.0020284     0.0003889           3        4360           0
   14.577     0.0018957     0.0004112           3        4360           0
   14.662     0.0020796     0.0004070           3        4360           0
   14.747     0.0016687     0.0004137           3        4360           0
   14.832     0.0017318     0.0004447           3        4360           0
   14.916     0.0016409     0.0005224           3        4360           0
   15.001     0.0012089     0.0023173           3        4360           0
   15.085     0.0009394     0.0004396           3        4360           0
   15.170     0.0016752     0.0004450           3        4360           0
   15.255     0.0016782     0.0004597           3        4360           0
   15.340     0.0013645     0.0004319           3        4360           0
   15.424     0.0017731     0.0004110           3        4360           0
   15.509     0.0015059     0.0003786           3        4360           0
   15.594     0.0012195     0.0003764           3        4360           0
   15.678     0.0016240     0.0003853           3        4360           0
   15.763     0.0010407     0.0005339           3        4360           0
   15.848     0.0011349     0.0003872           3        4360           0
   15.932     0.0011418     0.0005399           3        4360           0
   16.017     0.0011762     0.0005216           3        4360           0
   16.102     0.0016809     0.0004510           3        4360           0
   16.186     0.0012233     0.0005699           3        4360           0
   16.271     0.0020053     0.0006738           3        4360           0
   16.356     0.0015410     0.0004949           3        4360           0
   16.440     0.0017338     0.0004045           3        4360           0
   16.525     0.0021148     0.0003912           3        4360           0
   16.610     0.0015868     0.0004157           3        4360           0
   16.694     0.0015390     0.0004045           3        4360           0
   16.779     0.0015733     0.0004108           3        4360           0
   16.864     0.0017050     0.0004910           3        4360           0
   16.948     0.0019713     0.0006704           3        4360           0
   17.033     0.0024561     0.0005109           3        4360           0
   17.118     0.0012801     0.0012408           3        4360           0
   17.202     0.0014281     0.0007720           3        4360           0
   17.287     0.0008423     0.0004845           3        4360           0
   17.372     0.0023913     0.0005362           3        4360           0
   17.456     0.0021620     0.0005064           3        4360           0
   17.541     0.0015819     0.0005194           3        4360           0
   17.626     0.0014908     0.0004916           3        4360           0
   17.711     0.0018388     0.0005200           3        4360           0
   17.795     0.0025323     0.0008972           3        4360           0
   17.880     0.0026493     0.0008586           3        4360           0
   17.965     0.0035274     0.0005508           3        4360           0
   18.049     0.0034125     0.0005265           3        4360           0
   18.134     0.0030363     0.0004787           3        4360           0
   18.219     0.0031249     0.0007150           3        4360           0
   18.303     0.0034930     0.0007102           3        4360           0
   18.388     0.0029654     0.0007226           3        4360           0
   18.472     0.0029157     0.0007181           3        4360           0
   18.557     0.0041607     0.0006975           3        4360           0
   18.642     0.0037848     0.0006287           3        4360           0
   18.727     0.0034625     0.0006112           3        4360           0
   18.811     0.0035420     0.0006366           3        4360           0
   18.896     0.0035328     0.0006101           3        4360           0
   18.981     0.0035151     0.0005692           3        4360           0
   19.065     0.0034186     0.0005894           3        4360           0
   19.150     0.0027994     0.0006662           3        4360           0
   19.235     0.0014596     0.0009814           3    19009600           0
   19.404     0.0019650     0.0027211           3    19009600           0
   19.573     0.0024050     0.0011684           3    19009600           0
   19.743     0.0020818     0.0011136           3    19009600           0
   19.912     0.0018533     0.0012258           3    19009600           0
   20.081     0.0023641     0.0035924           3        4360           0
   20.251     0.0028601     0.0018632           3        4360           0
   20.420     0.0040029     0.0013575           3        4360           0
   20.590     0.0035410     0.0011499           3        4360           0
   20.759     0.0041441     0.0014033           3        4360           0
   20.928     0.0030171     0.0015214           3        4360           0
   21.097     0.0026630     0.0006353           4        4360           0
   21.267     0.0023921     0.0007215           4        4360           0
   21.436     0.0036646     0.0006252           4        4360           0
   21.606     0.0025694     0.0007328           4        4360           0
   21.775     0.0041675     0.0006913           4        4360           0
   21.944     0.0041399     0.0008617           4        4360           0
   22.114     0.0028686     0.0016511           4        4360           0
   22.283     0.0034092     0.0005550           4        4360           0
   22.452     0.0038915     0.0006391           4        4360           0
   22.622     0.0029447     0.0006355           4        4360           0
   22.791     0.0030045     0.0005451           4        4360           0
   22.960     0.0033183     0.0004483           4        4360           0
   23.130     0.0030863     0.0005237           4        4360           0
   23.299     0.0031826     0.0005453           4        4360           0
   23.469     0.0035490     0.0005384           4        4360           0
   23.638     0.0037481     0.0005462           4        4360           0
   23.807     0.0039055     0.0005091           4        4360           0
   23.976     0.0037344     0.0004730           4        4360           0
   24.146     0.0036553     0.0005507           4        4360           0
   24.315     0.0038746     0.0005481           4        4360           0
   24.485     0.0043943     0.0005214           4        4360           0
   24.654     0.0043634     0.0005541           4        4360           0
   24.823     0.0037100     0.0005786           4        4360           0
   24.993     0.0044082     0.0006829           4        4360           0
   25.162     0.0045134     0.0006440           4        4360           0
   25.331     0.0043201     0.0006030           4        4360           0
   25.501     0.0026288     0.0005515           4        4360           0
   25.670     0.0049611     0.0006993           4        4360           0
   25.839     0.0046439     0.0024232           4        4360           0
   26.009     0.0039683     0.0019924           4        4360           0
   26.178     0.0035315     0.0024431           4        4360           0
   26.347     0.0041266     0.0012856           4        4360           0
   26.517     0.0048647     0.0004744           4        4360           0
   26.686     0.0045968     0.0005496           4        4360           0
   26.856     0.0043999     0.0004696           4        4360           0
   27.025     0.0051608     0.0005402           4        4360           0
   27.194     0.0054316     0.0005341           4        4360           0
   27.364     0.0049852     0.0004307           4        4360           0
   27.533     0.0048000     0.0004951           4        4360           0
   27.702     0.0054478     0.0006052           4        4360           0
   27.872     0.0046490     0.0006282           4        4360           0
   28.041     0.0052183     0.0006998           4        4360           0
   28.210     0.0054540     0.0007544           4        4360           0
   28.380     0.0059004     0.0007306           4        4360           0
   28.549     0.0058338     0.0007176           4        4360           0
   28.719     0.0061914     0.0006257           4        4360           0
   28.888     0.0063450     0.0006032           4        4360           0
   29.057     0.0056837     0.0014927           4        4360           0
   29.226     0.0052019     0.0013383           4        4360           0
   29.396     0.0060421     0.0008541           4        4360           0
   29.565     0.0066983     0.0008515           4        4360           0
   29.735     0.0063198     0.0006708           4        4360           0
   29.904     0.0062882     0.0008469           4        4360           0
   30.073     0.0064113     0.0011364           4        4360           0
   30.243     0.0056026     0.0018422           4        4360           0
   30.412     0.0068778     0.0006848           4        4360           0
   30.581     0.0071245     0.0078046           4        4360           0
   30.751     0.0076256     0.0012340           4        4360           0
   30.920     0.0071622     0.0049093           4        4360           0
   31.089     0.0063263     0.0011878           4        4360           0
   31.259     0.0065890     0.0008427           4        4360           0
   31.428     0.0074331     0.0007408           4        4360           0
   31.597     0.0072010     0.0007453           4        4360           0
   31.767     0.0070735     0.0007540           4        4360           0
   31.936     0.0076340     0.0007877           4        4360           0
   32.105     0.0079223     0.0008704           4        4360           0
   32.275     0.0069289     0.0010427           4        4360           0
   32.444     0.0060070     0.0011699           4        4360           0
   32.614     0.0086115     0.0009138           4        4360           0
   32.783     0.0086615     0.0010496           4        4360           0
   32.952     0.0070058     0.0012707           4        4360           0
   33.122     0.0076992     0.0014456           4        4360           0
   33.291     0.0061582     0.0018742           4        4360           0
   33.460     0.0082498     0.0016198           4        4360           0
   33.630     0.0078036     0.0015400           4        4360           0
   33.799     0.0075169     0.0015777           4        4360           0
   33.968     0.0084154     0.0017663           4        4360           0
   34.138     0.0087583     0.0023211           4        4360           0
   34.307     0.0072471     0.0025436           4        4360           0
   34.477     0.0076252     0.0026244           4        4360           0
   34.646     0.0093391     0.0035483           4        4360           0
   34.815     0.0056619     0.0022339           4        4360           0
   34.985     0.0076901     0.0019900           4        4360           0
   35.154     0.0093399     0.0028196           4        4360           0
   35.323     0.0091134     0.0043823           4        4360           0
   35.493     0.0075263     0.0033711           4        4360           0
   35.662     0.0084769     0.0038060           4        4360           0
   35.831     0.0081231     0.0031477           4        4360           0
   36.001     0.0066386     0.0025370           4        4360           0
   36.170     0.0080480     0.0049935           4        4360           0
   36.339     0.0111335     0.0085494           4        4360           0
   36.509     0.0099338     0.0033891           4        4360           0
   36.678     0.0125786     0.0038639           4        4360           0
   36.847     0.0112671     0.0043702           4        4360           0
   37.017     0.0035688     0.0060738           4        4360           0
   37.186     0.0100213     0.0073433           4        4360           0
   37.355     0.0061574     0.0053176           4        4360           0
   37.525     0.0047778     0.0043577           4        4360           0
   37.694     0.0059474     0.0079770           4        4360           0
   37.864     0.0152157     0.0082119           4        4360           0
   38.033     0.0195010     0.0167599           4        4360           0
   38.202    -0.0014212     0.0262358           4        4360           0
   38.372     0.0012883     0.0148320           4        4360           0
   38.541     0.0008874     0.0323604           4        4360           0
   38.710     0.0107898     0.0158713           4        4360           0
   38.880     0.0044337     0.0293935           4        4360           0
   39.049    -0.0034311     0.1565664           4        4360           0
   39.218    -0.0003672     0.0815913           4        4360           0
   39.388    -0.0006532     0.0181402           4        4360           0
   39.557    -0.0034693     0.0355718           4        4360           0
   39.727    -0.0059940     0.0597653           4        4360           0
   39.896     0.0011361     0.0139667           4        4488           0
   40.065    -0.0002922     0.0078813           4        4488           0
   40.235     0.0001838     0.0044969           4        4488           0
   40.404     0.0000136     0.0031508           4        4488           0
   40.573     0.0003098     0.0011172           4        4488           0
   40.743     0.0009330     0.0004448           4        4508           0
   40.912     0.0001990     0.0002193           4        4488           0
   41.081    -0.0000113     0.0001056           4        4488           0
   41.251    -0.0000161     0.0001442           4        4488           0
   41.420     0.0000380     0.0002416           4        4488           0
   41.589     0.0002549     0.0002295           4        4488           0
   41.759     0.0009040     0.0001870           4        4488           0
   41.928     0.0003593     0.0008300           4        4508           0
   42.097     0.0000668     0.0004942           4        4508           0
   42.267     0.0007754     0.0007130           4        4488           0
