wave flux error channelflag bitflag stitchflag
    5.127     0.0001385     0.0033141           1         392           0
    5.157     0.0000049     0.0021080           1         136           0
    5.187     0.0002274     0.0010304           1         136           0
    5.217     0.0007743     0.0006239           1         136           0
    5.247     0.0005459     0.0006596           1         136           0
    5.278     0.0005007     0.0006370           1         136           0
    5.308     0.0003450     0.0005815           1         136           0
    5.338     0.0003253     0.0005352           1         392           0
    5.368     0.0001730     0.0005270           1         392           0
    5.399    -0.0000171     0.0005860           1       16776           0
    5.429     0.0002882     0.0004720           1       16796           0
    5.459    -0.0000239     0.0005150           1       16796           0
    5.489     0.0000662     0.0005048           1         392           0
    5.520     0.0002978     0.0005106           1         392           0
    5.550     0.0001339     0.0005042           1         392           0
    5.580     0.0001592     0.0004988           1         392           0
    5.610     0.0005366     0.0004692           1         392           0
    5.641     0.0003417     0.0004654           1        8468           0
    5.671     0.0001343     0.0004602           1        8468           0
    5.701     0.0002619     0.0004493           1         392           0
    5.731     0.0002840     0.0004270           1         392           0
    5.762     0.0002992     0.0004456           1         412           0
    5.792     0.0002648     0.0004739           1         412           0
    5.822     0.0001624     0.0004547           1         392           0
    5.852     0.0002933     0.0004839           1         392           0
    5.883     0.0002384     0.0005159           1         392           0
    5.913     0.0002497     0.0004405           1         136           0
    5.943     0.0003185     0.0005101           1         136           0
    5.973     0.0008994     0.0004679           1         136           0
    6.004     0.0003330     0.0004949           1         136           0
    6.034     0.0002086     0.0004890           1         136           0
    6.064     0.0002532     0.0005113           1         392           0
    6.094     0.0003227     0.0004768           1         392           0
    6.125     0.0003330     0.0005063           1         392           0
    6.155     0.0002030     0.0005031           1         392           0
    6.185     0.0002450     0.0005177           1         392           0
    6.215     0.0003918     0.0005320           1         392           0
    6.245     0.0003456     0.0004706           1         392           0
    6.276     0.0005853     0.0005042           1         392           0
    6.306     0.0006929     0.0004915           1         392           0
    6.336     0.0004923     0.0005529           1         392           0
    6.366     0.0002463     0.0005915           1         392           0
    6.397     0.0005060     0.0006223           1         392           0
    6.427     0.0006073     0.0005896           1         392           0
    6.457     0.0004705     0.0006031           1         392           0
    6.487     0.0005447     0.0005760           1         392           0
    6.518     0.0000150     0.0006039           1         392           0
    6.548     0.0000247     0.0006532           1         392           0
    6.578     0.0006385     0.0007047           1         392           0
    6.608     0.0008347     0.0006785           1         392           0
    6.639     0.0007084     0.0006460           1         136           0
    6.669     0.0006604     0.0006773           1         136           0
    6.699     0.0010017     0.0006026           1         136           0
    6.729     0.0011080     0.0006562           1         136           0
    6.760     0.0008798     0.0005674           1         136           0
    6.790     0.0014309     0.0007007           1         392           0
    6.820     0.0017396     0.0007044           1         392           0
    6.850     0.0016758     0.0006855           1         392           0
    6.881     0.0029193     0.0007788           1         392           0
    6.911     0.0040534     0.0007738           1         392           0
    6.941     0.0042109     0.0007683           1         392           0
    6.971     0.0045116     0.0007690           1         392           0
    7.002     0.0039284     0.0008386           1         392           0
    7.032     0.0035064     0.0008653           1         392           0
    7.062     0.0024170     0.0008206           1         392           0
    7.092     0.0018400     0.0008214           1         392           0
    7.122     0.0019799     0.0008176           1         392           0
    7.153     0.0017458     0.0007856           1         392           0
    7.183     0.0015977     0.0007954           1         392           0
    7.213     0.0014627     0.0007980           1         392           0
    7.243     0.0015421     0.0008529           1         392           0
    7.274     0.0013916     0.0009100           1         392           0
    7.304     0.0010282     0.0009871           1         392           0
    7.334     0.0014037     0.0012230           1       53312           0
    7.395     0.0013689     0.0013858           1       18496           0
    7.455     0.0014484     0.0011392           1       18496           0
    7.516     0.0018042     0.0011795           1       53312           0
    7.576     0.0016053     0.0015021           1      153664           0
    7.637     0.0013507     0.0005693           1         392           0
    7.697     0.0015518     0.0005740           1         392           0
    7.758     0.0018443     0.0007301           1         392           0
    7.818     0.0019607     0.0007285           1         392           0
    7.879     0.0018430     0.0007112           1         392           0
    7.939     0.0017665     0.0006842           1         392           0
    8.000     0.0020106     0.0007007           1         392           0
    8.060     0.0023118     0.0006175           1         392           0
    8.120     0.0024923     0.0005909           1         392           0
    8.181     0.0029555     0.0005871           1         392           0
    8.241     0.0034609     0.0005824           1         392           0
    8.302     0.0041754     0.0005710           1         392           0
    8.362     0.0052116     0.0003221           2       16796           0
    8.423     0.0058550     0.0003902           2       16796           0
    8.483     0.0068668     0.0004147           2       16792           0
    8.544     0.0071006     0.0004071           2       16776           0
    8.604     0.0067635     0.0004183           2         392           0
    8.665     0.0066088     0.0003917           2         392           0
    8.725     0.0063377     0.0003866           2         392           0
    8.786     0.0060626     0.0003796           2         392           0
    8.846     0.0054568     0.0003746           2         392           0
    8.907     0.0047533     0.0003678           2         392           0
    8.967     0.0044163     0.0003877           2         392           0
    9.028     0.0035038     0.0003788           2         136           0
    9.088     0.0033039     0.0003937           2         136           0
    9.149     0.0032803     0.0003700           2         136           0
    9.209     0.0031750     0.0004008           2         136           0
    9.270     0.0032491     0.0003785           2         136           0
    9.330     0.0032773     0.0003772           2         136           0
    9.391     0.0035556     0.0003896           2         392           0
    9.451     0.0037832     0.0003844           2         392           0
    9.512     0.0041550     0.0003784           2         392           0
    9.572     0.0043993     0.0003758           2         392           0
    9.633     0.0041806     0.0003494           2         392           0
    9.693     0.0037192     0.0003442           2         392           0
    9.754     0.0038042     0.0003509           2       16796           0
    9.814     0.0028421     0.0003471           2       16796           0
    9.875     0.0019053     0.0003208           2         392           0
    9.935     0.0019053     0.0003151           2         392           0
    9.995     0.0018116     0.0003095           2         392           0
   10.056     0.0018097     0.0003235           2         392           0
   10.116     0.0015174     0.0003087           2         392           0
   10.177     0.0012672     0.0002912           2         392           0
   10.237     0.0012116     0.0002924           2         392           0
   10.298     0.0013387     0.0003127           2         392           0
   10.358     0.0011671     0.0003269           2         392           0
   10.419     0.0009419     0.0003117           2         392           0
   10.479     0.0009926     0.0003288           2         392           0
   10.540     0.0011432     0.0003568           2         392           0
   10.600     0.0011769     0.0003543           2         392           0
   10.661     0.0013612     0.0003427           2         392           0
   10.721     0.0014376     0.0003534           2         392           0
   10.782     0.0014620     0.0003764           2         392           0
   10.842     0.0012815     0.0003607           2         392           0
   10.903     0.0010941     0.0003985           2         392           0
   10.963     0.0008701     0.0003808           2         392           0
   11.024     0.0009410     0.0003844           2         392           0
   11.084     0.0012458     0.0003828           2         392           0
   11.145     0.0010231     0.0003955           2         392           0
   11.205     0.0009107     0.0004052           2         392           0
   11.266     0.0011610     0.0004205           2         392           0
   11.326     0.0011472     0.0003933           2         392           0
   11.387     0.0011332     0.0004330           2         412           0
   11.447     0.0010424     0.0004242           2         412           0
   11.508     0.0010357     0.0004425           2         392           0
   11.568     0.0011661     0.0004032           2         392           0
   11.628     0.0012804     0.0004912           2         392           0
   11.689     0.0016561     0.0004264           2         392           0
   11.750     0.0019991     0.0004804           2         392           0
   11.810     0.0017270     0.0004726           2         392           0
   11.870     0.0018830     0.0004591           2         392           0
   11.931     0.0015432     0.0004584           2         392           0
   11.991     0.0016296     0.0004728           2         392           0
   12.052     0.0015891     0.0004777           2         392           0
   12.112     0.0016460     0.0004958           2         392           0
   12.173     0.0019796     0.0004541           2         392           0
   12.233     0.0024343     0.0004665           2         392           0
   12.294     0.0026442     0.0004715           2         392           0
   12.354     0.0028342     0.0004656           2         392           0
   12.415     0.0037451     0.0004482           2         392           0
   12.475     0.0057271     0.0004522           2         392           0
   12.536     0.0080685     0.0004605           2         392           0
   12.596     0.0082689     0.0004478           2         392           0
   12.657     0.0068956     0.0004525           2         392           0
   12.717     0.0057284     0.0004536           2         392           0
   12.778     0.0048277     0.0004445           2         392           0
   12.838     0.0041732     0.0004593           2         392           0
   12.899     0.0032604     0.0004861           2         392           0
   12.959     0.0028737     0.0005089           2         392           0
   13.020     0.0030814     0.0005074           2         392           0
   13.080     0.0030893     0.0005346           2         392           0
   13.141     0.0028041     0.0005286           2         392           0
   13.201     0.0030466     0.0005610           2         392           0
   13.262     0.0027150     0.0005370           2         392           0
   13.322     0.0033820     0.0004748           2         392           0
   13.383     0.0030951     0.0005995           2         392           0
   13.443     0.0030337     0.0006048           2         392           0
   13.503     0.0030257     0.0006206           2         392           0
   13.564     0.0029226     0.0006042           2         392           0
   13.625     0.0025768     0.0006550           2         392           0
   13.685     0.0030272     0.0006343           2         392           0
   13.745     0.0034995     0.0006617           2         392           0
   13.806     0.0037721     0.0006612           2         392           0
   13.866     0.0035600     0.0006678           2         392           0
   13.927     0.0042258     0.0007131           2         392           0
   13.987     0.0043129     0.0007213           2         392           0
   14.048     0.0046794     0.0006365           2         392           0
   14.108     0.0046088     0.0007258           2         392           0
   14.169     0.0048967     0.0008004           2         392           0
   14.239     0.0057129     0.0006862           3        4360           0
   14.323     0.0072218     0.0003932           3        4360           0
   14.408     0.0048992     0.0004464           3        4360           0
   14.493     0.0026706     0.0005735           3        4360           0
   14.577     0.0029816     0.0004646           3        4360           0
   14.662     0.0021186     0.0005572           3        4360           0
   14.747     0.0015755     0.0007022           3        4360           0
   14.832     0.0019789     0.0008163           3        4360           0
   14.916     0.0020748     0.0007639           3        4360           0
   15.001     0.0027683     0.0006135           3        4360           0
   15.085     0.0025305     0.0006769           3        4360           0
   15.170     0.0020369     0.0005758           3        4360           0
   15.255     0.0017837     0.0006112           3        4360           0
   15.340     0.0017864     0.0007007           3        4360           0
   15.424     0.0017611     0.0005837           3        4360           0
   15.509     0.0022381     0.0004832           3        4360           0
   15.594     0.0023764     0.0004919           3        4360           0
   15.678     0.0020783     0.0005161           3        4360           0
   15.763     0.0018985     0.0005494           3        4360           0
   15.848     0.0021278     0.0005646           3        4360           0
   15.932     0.0022038     0.0009240           3        4360           0
   16.017     0.0024914     0.0006919           3        4360           0
   16.102     0.0024435     0.0007799           3        4360           0
   16.186     0.0019642     0.0008954           3        4360           0
   16.271     0.0014286     0.0007424           3        4360           0
   16.356     0.0023753     0.0006521           3        4360           0
   16.440     0.0017607     0.0034943           3        4360           0
   16.525     0.0013485     0.0016137           3        4360           0
   16.610     0.0014983     0.0005223           3        4360           0
   16.694     0.0016551     0.0005820           3        4360           0
   16.779     0.0007578     0.0008063           3        4360           0
   16.864     0.0008050     0.0009342           3        4360           0
   16.948     0.0014239     0.0009136           3        4360           0
   17.033     0.0010296     0.0006332           3        4360           0
   17.118     0.0012254     0.0017204           3        4360           0
   17.202     0.0017765     0.0010489           3        4360           0
   17.287     0.0031730     0.0008374           3        4360           0
   17.372     0.0043115     0.0008431           3        4360           0
   17.456     0.0027372     0.0007933           3        4360           0
   17.541     0.0025616     0.0007096           3        4360           0
   17.626     0.0025488     0.0006879           3        4360           0
   17.711     0.0025709     0.0008029           3        4360           0
   17.795     0.0028813     0.0007299           3        4360           0
   17.880     0.0021950     0.0007538           3        4360           0
   17.965     0.0028166     0.0007703           3        4360           0
   18.049     0.0012272     0.0007191           3        4360           0
   18.134     0.0027577     0.0008644           3        4360           0
   18.219     0.0021483     0.0009463           3        4360           0
   18.303     0.0037262     0.0009063           3        4360           0
   18.388     0.0036631     0.0012704           3        4360           0
   18.472     0.0032802     0.0009989           3        4360           0
   18.557     0.0029119     0.0010444           3        4360           0
   18.642     0.0034298     0.0010636           3        4360           0
   18.727     0.0030414     0.0009145           3        4360           0
   18.811     0.0032011     0.0007559           3        4360           0
   18.896     0.0032164     0.0007446           3        4360           0
   18.981     0.0037801     0.0007113           3        4360           0
   19.065     0.0056519     0.0005894           3        4360           0
   19.150     0.0033649     0.0010320           3        4360           0
   19.235     0.0032322     0.0014226           3    19009600           0
   19.404     0.0042189     0.0022463           3    19009600           0
   19.573     0.0026977     0.0015362           3    19009600           0
   19.743     0.0030419     0.0015100           3    19009600           0
   19.912     0.0029909     0.0016630           3    19009600           0
   20.081     0.0024456     0.0048275           3        4360           0
   20.251     0.0030330     0.0023716           3        4360           0
   20.420     0.0035901     0.0017606           3        4360           0
   20.590     0.0034880     0.0017302           3        4360           0
   20.759     0.0044365     0.0020860           3        4360           0
   20.928     0.0054463     0.0024149           3        4360           0
   21.097     0.0039921     0.0010129           4        4360           0
   21.267     0.0043494     0.0008867           4        4360           0
   21.436     0.0025886     0.0010932           4        4360           0
   21.606     0.0038977     0.0012168           4        4360           0
   21.775     0.0041091     0.0008887           4        4360           0
   21.944     0.0055892     0.0008740           4        4360           0
   22.114     0.0055385     0.0011283           4        4360           0
   22.283     0.0033031     0.0007226           4        4360           0
   22.452     0.0033796     0.0050012           4        4360           0
   22.622     0.0044172     0.0012876           4        4360           0
   22.791     0.0045161     0.0008105           4        4360           0
   22.960     0.0046332     0.0005979           4        4360           0
   23.130     0.0040707     0.0006789           4        4360           0
   23.299     0.0036023     0.0007439           4        4360           0
   23.469     0.0044966     0.0007606           4        4360           0
   23.638     0.0053029     0.0006174           4        4360           0
   23.807     0.0055121     0.0005653           4        4360           0
   23.976     0.0052158     0.0006033           4        4360           0
   24.146     0.0050158     0.0008919           4        4360           0
   24.315     0.0052944     0.0008815           4        4360           0
   24.485     0.0051833     0.0009494           4        4360           0
   24.654     0.0053365     0.0007871           4        4360           0
   24.823     0.0054870     0.0008878           4        4360           0
   24.993     0.0060302     0.0009485           4        4360           0
   25.162     0.0056043     0.0007748           4        4360           0
   25.331     0.0056515     0.0008350           4        4360           0
   25.501     0.0064030     0.0008611           4        4360           0
   25.670     0.0060752     0.0009876           4        4360           0
   25.839     0.0066252     0.0035207           4        4360           0
   26.009     0.0057767     0.0011626           4        4360           0
   26.178     0.0062269     0.0007653           4        4360           0
   26.347     0.0066588     0.0007219           4        4360           0
   26.517     0.0072136     0.0007071           4        4360           0
   26.686     0.0076686     0.0008062           4        4360           0
   26.856     0.0072872     0.0007828           4        4360           0
   27.025     0.0067424     0.0007917           4        4360           0
   27.194     0.0073496     0.0008117           4        4360           0
   27.364     0.0081677     0.0008053           4        4360           0
   27.533     0.0072662     0.0007358           4        4360           0
   27.702     0.0081448     0.0008654           4        4360           0
   27.872     0.0080554     0.0009254           4        4360           0
   28.041     0.0065159     0.0010223           4        4360           0
   28.210     0.0092124     0.0009809           4        4360           0
   28.380     0.0080725     0.0010358           4        4360           0
   28.549     0.0086070     0.0009516           4        4360           0
   28.719     0.0092339     0.0008384           4        4360           0
   28.888     0.0081787     0.0007119           4        4360           0
   29.057     0.0085133     0.0010103           4        4360           0
   29.226     0.0079509     0.0010537           4        4360           0
   29.396     0.0081986     0.0013526           4        4360           0
   29.565     0.0086336     0.0013393           4        4360           0
   29.735     0.0091418     0.0010406           4        4360           0
   29.904     0.0097484     0.0010952           4        4360           0
   30.073     0.0098743     0.0008889           4        4360           0
   30.243     0.0101398     0.0010841           4        4360           0
   30.412     0.0107484     0.0014446           4        4360           0
   30.581     0.0090327     0.0162744           4        4360           0
   30.751     0.0099113     0.0014231           4        4360           0
   30.920     0.0106400     0.0013980           4        4360           0
   31.089     0.0108706     0.0011974           4        4360           0
   31.259     0.0096619     0.0011667           4        4360           0
   31.428     0.0108539     0.0010398           4        4360           0
   31.597     0.0120323     0.0011158           4        4360           0
   31.767     0.0106482     0.0011534           4        4360           0
   31.936     0.0111576     0.0010344           4        4360           0
   32.105     0.0117635     0.0012743           4        4360           0
   32.275     0.0114215     0.0015114           4        4360           0
   32.444     0.0142314     0.0011163           4        4360           0
   32.614     0.0118559     0.0016657           4        4360           0
   32.783     0.0107541     0.0017524           4        4360           0
   32.952     0.0108181     0.0018776           4        4360           0
   33.122     0.0127222     0.0040457           4        4360           0
   33.291     0.0129054     0.0024369           4        4360           0
   33.460     0.0123506     0.0021979           4        4360           0
   33.630     0.0135419     0.0018200           4        4360           0
   33.799     0.0136019     0.0018506           4        4360           0
   33.968     0.0130561     0.0024336           4        4360           0
   34.138     0.0119501     0.0026538           4        4360           0
   34.307     0.0104220     0.0019842           4        4360           0
   34.477     0.0116230     0.0023174           4        4360           0
   34.646     0.0139220     0.0027351           4        4360           0
   34.815     0.0168047     0.0050039           4        4360           0
   34.985     0.0165025     0.0216568           4        4360           0
   35.154     0.0157402     0.0066491           4        4360           0
   35.323     0.0177141     0.0066595           4        4360           0
   35.493     0.0123044     0.0291690           4        4360           0
   35.662     0.0163159     0.0077798           4        4360           0
   35.831     0.0173640     0.0048238           4        4360           0
   36.001     0.0152553     0.0039122           4        4360           0
   36.170     0.0141460     0.0060673           4        4360           0
   36.339     0.0165137     0.0118227           4        4360           0
   36.509     0.0167520     0.0106248           4        4360           0
   36.678     0.0170929     0.0073335           4        4360           0
   36.847     0.0066028     0.0057590           4        4360           0
   37.017     0.0073076     0.0071657           4        4360           0
   37.186     0.0135667     0.0058398           4        4360           0
   37.355     0.0317100     0.0051125           4        4360           0
   37.525     0.0231643     0.0060259           4        4360           0
   37.694     0.0218676     0.0079836           4        4360           0
   37.864     0.0213005     0.0117915           4        4360           0
   38.033     0.0216831     0.0092869           4        4360           0
   38.202     0.0279053     0.0115203           4        4360           0
   38.372     0.0305807     0.0222985           4        4360           0
   38.541     0.0637315     0.0444703           4        4360           0
   38.710     0.0319598     0.0261562           4        4360           0
   38.880     0.0290609     0.0381176           4        4360           0
   39.049     0.0451272     0.1386642           4        4360           0
   39.218     0.0326938     0.0457884           4        4360           0
   39.388     0.0095699     0.0161253           4        4360           0
   39.557     0.0218962     0.0678659           4        4360           0
   39.727     0.0258480     0.1156889           4        4360           0
   39.896     0.0096624     0.0213400           4        4488           0
   40.065     0.0025327     0.0120408           4        4488           0
   40.235     0.0039376     0.0053787           4        4488           0
   40.404     0.0024546     0.0032729           4        4488           0
   40.573     0.0017003     0.0012434           4        4488           0
   40.743     0.0001842     0.0006296           4        4508           0
   40.912    -0.0000133     0.0003280           4        4488           0
   41.081    -0.0000498     0.0002249           4        4488           0
   41.251    -0.0000023     0.0002025           4        4488           0
   41.420    -0.0000010     0.0003337           4        4488           0
   41.589    -0.0001431     0.0004403           4        4488           0
   41.759     0.0007035     0.0003309           4        4488           0
   41.928     0.0002879     0.0012028           4        4508           0
   42.097    -0.0001029     0.0008224           4        4508           0
   42.267     0.0005252     0.0009862           4        4488           0
