wave flux error channelflag bitflag stitchflag
    5.127     0.0003903     0.0034441           1         392           0
    5.157     0.0006870     0.0020948           1         136           0
    5.187    -0.0001281     0.0009879           1         136           0
    5.217    -0.0000747     0.0005648           1         136           0
    5.247     0.0002556     0.0006089           1         136           0
    5.278     0.0002289     0.0006554           1         136           0
    5.308    -0.0000128     0.0006311           1         136           0
    5.338     0.0001205     0.0005860           1         392           0
    5.368     0.0000992     0.0006060           1         392           0
    5.399     0.0000196     0.0006379           1       16776           0
    5.429     0.0003418     0.0005950           1       16796           0
    5.459     0.0003879     0.0005742           1       16796           0
    5.489    -0.0001028     0.0004484           1         392           0
    5.520     0.0000452     0.0005115           1         392           0
    5.550     0.0007327     0.0005031           1         392           0
    5.580     0.0001269     0.0005320           1         392           0
    5.610     0.0003409     0.0004682           1         392           0
    5.641     0.0002518     0.0004596           1        8468           0
    5.671    -0.0000389     0.0004516           1        8468           0
    5.701     0.0004879     0.0004141           1         392           0
    5.731    -0.0000166     0.0004093           1         392           0
    5.762    -0.0001070     0.0004452           1         412           0
    5.792     0.0000865     0.0005134           1         412           0
    5.822    -0.0000581     0.0004549           1         392           0
    5.852    -0.0000150     0.0005077           1         392           0
    5.883    -0.0000698     0.0005023           1         392           0
    5.913    -0.0000416     0.0005058           1         136           0
    5.943     0.0003274     0.0004993           1         136           0
    5.973     0.0002383     0.0005088           1         136           0
    6.004    -0.0000375     0.0004658           1         136           0
    6.034     0.0001752     0.0004587           1         136           0
    6.064     0.0002598     0.0004825           1         392           0
    6.094     0.0001349     0.0004657           1         392           0
    6.125    -0.0000179     0.0004795           1         392           0
    6.155     0.0001094     0.0004621           1         392           0
    6.185     0.0004017     0.0004509           1         392           0
    6.215     0.0004870     0.0004890           1         392           0
    6.245     0.0002191     0.0004633           1         392           0
    6.276     0.0000331     0.0004710           1         392           0
    6.306     0.0003739     0.0004843           1         392           0
    6.336     0.0009694     0.0005579           1         392           0
    6.366     0.0003969     0.0005466           1         392           0
    6.397     0.0000992     0.0005481           1         392           0
    6.427     0.0005978     0.0005085           1         392           0
    6.457     0.0009801     0.0005229           1         392           0
    6.487     0.0004411     0.0005957           1         392           0
    6.518     0.0005364     0.0005814           1         392           0
    6.548     0.0006775     0.0006949           1         392           0
    6.578     0.0018674     0.0006072           1         392           0
    6.608     0.0022563     0.0005647           1         392           0
    6.639     0.0019605     0.0006245           1         136           0
    6.669     0.0011327     0.0006299           1         136           0
    6.699     0.0009872     0.0006997           1         136           0
    6.729     0.0008146     0.0006747           1         136           0
    6.760     0.0017694     0.0006105           1         136           0
    6.790     0.0008034     0.0007637           1         392           0
    6.820     0.0002741     0.0007996           1         392           0
    6.850     0.0008960     0.0006917           1         392           0
    6.881     0.0009427     0.0007688           1         392           0
    6.911     0.0007478     0.0007613           1         392           0
    6.941     0.0002782     0.0007874           1         392           0
    6.971     0.0003665     0.0007031           1         392           0
    7.002     0.0001953     0.0008368           1         392           0
    7.032     0.0007997     0.0008655           1         392           0
    7.062     0.0003846     0.0008724           1         392           0
    7.092     0.0002873     0.0007934           1         392           0
    7.122     0.0002687     0.0008116           1         392           0
    7.153     0.0003944     0.0007716           1         392           0
    7.183     0.0008790     0.0007722           1         392           0
    7.213     0.0001360     0.0006139           1         392           0
    7.243     0.0007071     0.0007922           1         392           0
    7.274     0.0003916     0.0008696           1         392           0
    7.304    -0.0000951     0.0008776           1         392           0
    7.334     0.0006120     0.0010627           1       53312           0
    7.395     0.0005384     0.0012697           1       18496           0
    7.455     0.0010053     0.0010654           1       18496           0
    7.516     0.0007144     0.0010212           1       53312           0
    7.576     0.0006720     0.0013100           1      153664           0
    7.637     0.0004920     0.0005679           1         392           0
    7.697     0.0012882     0.0005416           1         392           0
    7.758     0.0004567     0.0007116           1         392           0
    7.818     0.0006583     0.0006740           1         392           0
    7.879     0.0009381     0.0006280           1         392           0
    7.939     0.0019795     0.0004905           1         392           0
    8.000     0.0019797     0.0004681           1         392           0
    8.060     0.0023429     0.0004548           1         392           0
    8.120     0.0027315     0.0003767           1         392           0
    8.181     0.0026477     0.0004966           1         392           0
    8.241     0.0026373     0.0003747           1         392           0
    8.302     0.0028174     0.0004936           1         392           0
    8.362     0.0022573     0.0002632           2       16796           0
    8.423     0.0019559     0.0002796           2       16796           0
    8.483     0.0017299     0.0002857           2       16792           0
    8.544     0.0022747     0.0003331           2       16776           0
    8.604     0.0019617     0.0003283           2         392           0
    8.665     0.0019052     0.0002305           2         392           0
    8.725     0.0014633     0.0002923           2         392           0
    8.786     0.0017577     0.0002914           2         392           0
    8.846     0.0012375     0.0002368           2         392           0
    8.907     0.0013715     0.0002848           2         392           0
    8.967     0.0017950     0.0003414           2         392           0
    9.028     0.0020473     0.0003739           2         136           0
    9.088     0.0023400     0.0002030           2         136           0
    9.149     0.0025300     0.0003350           2         136           0
    9.209     0.0023515     0.0003551           2         136           0
    9.270     0.0013420     0.0003219           2         136           0
    9.330     0.0007936     0.0003601           2         136           0
    9.391     0.0012234     0.0003609           2         392           0
    9.451     0.0010679     0.0003904           2         392           0
    9.512     0.0010119     0.0003211           2         392           0
    9.572     0.0005372     0.0003767           2         392           0
    9.633     0.0010385     0.0003379           2         392           0
    9.693     0.0007986     0.0003511           2         392           0
    9.754     0.0014855     0.0003649           2       16796           0
    9.814     0.0009410     0.0003602           2       16796           0
    9.875     0.0003905     0.0002727           2         392           0
    9.935     0.0007816     0.0002780           2         392           0
    9.995     0.0008131     0.0002720           2         392           0
   10.056     0.0005152     0.0003224           2         392           0
   10.116     0.0003156     0.0002658           2         392           0
   10.177     0.0008067     0.0002616           2         392           0
   10.237     0.0008218     0.0002667           2         392           0
   10.298     0.0008215     0.0002549           2         392           0
   10.358     0.0006441     0.0003028           2         392           0
   10.419     0.0010120     0.0002773           2         392           0
   10.479     0.0004504     0.0003165           2         392           0
   10.540     0.0003882     0.0003184           2         392           0
   10.600     0.0005999     0.0003254           2         392           0
   10.661     0.0005828     0.0003192           2         392           0
   10.721     0.0006915     0.0003427           2         392           0
   10.782     0.0007520     0.0003491           2         392           0
   10.842     0.0006775     0.0003380           2         392           0
   10.903     0.0004826     0.0003543           2         392           0
   10.963     0.0003107     0.0003716           2         392           0
   11.024     0.0003455     0.0003846           2         392           0
   11.084     0.0003580     0.0003908           2         392           0
   11.145     0.0006670     0.0003907           2         392           0
   11.205     0.0010154     0.0003638           2         392           0
   11.266     0.0010053     0.0003556           2         392           0
   11.326     0.0009755     0.0004245           2         392           0
   11.387     0.0008260     0.0004395           2         412           0
   11.447     0.0008294     0.0004741           2         412           0
   11.508     0.0012939     0.0004866           2         392           0
   11.568     0.0013491     0.0003684           2         392           0
   11.628     0.0016405     0.0004091           2         392           0
   11.689     0.0019542     0.0004355           2         392           0
   11.750     0.0021799     0.0004096           2         392           0
   11.810     0.0024501     0.0003796           2         392           0
   11.870     0.0033744     0.0003923           2         392           0
   11.931     0.0049431     0.0004363           2         392           0
   11.991     0.0055933     0.0003910           2         392           0
   12.052     0.0054362     0.0003543           2         392           0
   12.112     0.0039087     0.0004099           2         392           0
   12.173     0.0030202     0.0004110           2         392           0
   12.233     0.0024897     0.0004121           2         392           0
   12.294     0.0021847     0.0004209           2         392           0
   12.354     0.0021805     0.0004342           2         392           0
   12.415     0.0020118     0.0004058           2         392           0
   12.475     0.0019664     0.0004074           2         392           0
   12.536     0.0018718     0.0004047           2         392           0
   12.596     0.0017733     0.0003685           2         392           0
   12.657     0.0015314     0.0004444           2         392           0
   12.717     0.0015282     0.0004251           2         392           0
   12.778     0.0016690     0.0003740           2         392           0
   12.838     0.0020909     0.0003782           2         392           0
   12.899     0.0022188     0.0003898           2         392           0
   12.959     0.0022389     0.0003887           2         392           0
   13.020     0.0020127     0.0004162           2         392           0
   13.080     0.0020172     0.0004280           2         392           0
   13.141     0.0023873     0.0004396           2         392           0
   13.201     0.0028469     0.0004671           2         392           0
   13.262     0.0025838     0.0004783           2         392           0
   13.322     0.0024458     0.0004602           2         392           0
   13.383     0.0029958     0.0004831           2         392           0
   13.443     0.0032077     0.0004731           2         392           0
   13.503     0.0033330     0.0005138           2         392           0
   13.564     0.0034985     0.0005246           2         392           0
   13.625     0.0046148     0.0005585           2         392           0
   13.685     0.0047565     0.0005678           2         392           0
   13.745     0.0032027     0.0005657           2         392           0
   13.806     0.0020029     0.0005857           2         392           0
   13.866     0.0019055     0.0006056           2         392           0
   13.927     0.0015017     0.0007383           2         392           0
   13.985     0.0027531     0.0006895           3        4488           0
   14.069     0.0029755     0.0005263           3        4360           0
   14.154     0.0024217     0.0005126           3        4360           0
   14.239     0.0025348     0.0004181           3        4360           0
   14.323     0.0026936     0.0003452           3        4360           0
   14.408     0.0028539     0.0004004           3        4360           0
   14.493     0.0026945     0.0023368           3        4360           0
   14.577     0.0022923     0.0027716           3        4360           0
   14.662     0.0023031     0.0004027           3        4360           0
   14.747     0.0022488     0.0004344           3        4360           0
   14.832     0.0024374     0.0004386           3        4360           0
   14.916     0.0027616     0.0004749           3        4360           0
   15.001     0.0019893     0.0004753           3        4360           0
   15.085     0.0021489     0.0003175           3        4360           0
   15.170     0.0027609     0.0003535           3        4360           0
   15.255     0.0022352     0.0005013           3        4360           0
   15.340     0.0023870     0.0005012           3        4360           0
   15.424     0.0025386     0.0004123           3        4360           0
   15.509     0.0024421     0.0012323           3        4360           0
   15.594     0.0019952     0.0013439           3        4360           0
   15.678     0.0017787     0.0004128           3        4360           0
   15.763     0.0019397     0.0003941           3        4360           0
   15.848     0.0018325     0.0004033           3        4360           0
   15.932     0.0015307     0.0006138           3        4360           0
   16.017     0.0017886     0.0005946           3        4360           0
   16.102     0.0019876     0.0005069           3        4360           0
   16.186     0.0021617     0.0003960           3        4360           0
   16.271     0.0023632     0.0005073           3        4360           0
   16.356     0.0020957     0.0005251           3        4360           0
   16.440     0.0022772     0.0004859           3        4360           0
   16.525     0.0029372     0.0005070           3        4360           0
   16.610     0.0031117     0.0003788           3        4360           0
   16.694     0.0027735     0.0003632           3        4360           0
   16.779     0.0023978     0.0004995           3        4360           0
   16.864     0.0020104     0.0006633           3        4360           0
   16.948     0.0020234     0.0006483           3        4360           0
   17.033     0.0027908     0.0005657           3        4360           0
   17.118     0.0024404     0.0025946           3        4360           0
   17.202     0.0026664     0.0007335           3        4360           0
   17.287     0.0034203     0.0005922           3        4360           0
   17.372     0.0035112     0.0006199           3        4360           0
   17.456     0.0036608     0.0006640           3        4360           0
   17.541     0.0036779     0.0005682           3        4360           0
   17.626     0.0039847     0.0005454           3        4360           0
   17.711     0.0035767     0.0004214           3        4360           0
   17.795     0.0042944     0.0021230           3        4360           0
   17.880     0.0036319     0.0023409           3        4360           0
   17.965     0.0038687     0.0005524           3        4360           0
   18.049     0.0047351     0.0005923           3        4360           0
   18.134     0.0054148     0.0006171           3        4360           0
   18.219     0.0050955     0.0006547           3        4360           0
   18.303     0.0047511     0.0008207           3        4360           0
   18.388     0.0040700     0.0007562           3        4360           0
   18.472     0.0044099     0.0007293           3        4360           0
   18.557     0.0043041     0.0007466           3        4360           0
   18.642     0.0037374     0.0009340           3        4360           0
   18.727     0.0033681     0.0006138           3        4360           0
   18.811     0.0032834     0.0006042           3        4360           0
   18.896     0.0031993     0.0006128           3        4360           0
   18.981     0.0028951     0.0005755           3        4360           0
   19.065     0.0032000     0.0005640           3        4360           0
   19.150     0.0035473     0.0006907           3        4360           0
   19.235     0.0018031     0.0009644           3    19009600           0
   19.404     0.0025462     0.0015185           3    19009600           0
   19.573     0.0030838     0.0011180           3    19009600           0
   19.743     0.0039152     0.0010423           3    19009600           0
   19.912     0.0052320     0.0011897           3    19009600           0
   20.081     0.0046511     0.0043400           3        4360           0
   20.251     0.0031641     0.0024350           3        4360           0
   20.420     0.0036213     0.0019983           3        4360           0
   20.590     0.0034643     0.0022645           3        4360           0
   20.759     0.0040564     0.0014357           3        4360           0
   20.928     0.0041761     0.0017631           3        4360           0
   21.097     0.0031331     0.0006986           4        4360           0
   21.267     0.0028819     0.0007949           4        4360           0
   21.436     0.0034556     0.0008444           4        4360           0
   21.606     0.0032879     0.0012860           4        4360           0
   21.775     0.0035720     0.0006999           4        4360           0
   21.944     0.0020002     0.0014580           4        4360           0
   22.114     0.0040635     0.0009083           4        4360           0
   22.283     0.0040286     0.0005874           4        4360           0
   22.452     0.0030592     0.0006508           4        4360           0
   22.622     0.0036459     0.0007988           4        4360           0
   22.791     0.0038972     0.0006390           4        4360           0
   22.960     0.0038208     0.0005122           4        4360           0
   23.130     0.0048657     0.0004896           4        4360           0
   23.299     0.0045459     0.0006151           4        4360           0
   23.469     0.0038092     0.0005994           4        4360           0
   23.638     0.0037961     0.0005950           4        4360           0
   23.807     0.0042264     0.0005393           4        4360           0
   23.976     0.0049908     0.0004530           4        4360           0
   24.146     0.0051348     0.0005367           4        4360           0
   24.315     0.0044122     0.0006257           4        4360           0
   24.485     0.0039229     0.0006593           4        4360           0
   24.654     0.0050196     0.0005933           4        4360           0
   24.823     0.0053519     0.0007448           4        4360           0
   24.993     0.0048654     0.0006852           4        4360           0
   25.162     0.0046426     0.0006094           4        4360           0
   25.331     0.0054783     0.0006780           4        4360           0
   25.501     0.0051918     0.0005955           4        4360           0
   25.670     0.0048757     0.0007355           4        4360           0
   25.839     0.0066191     0.0038514           4        4360           0
   26.009     0.0058315     0.0009491           4        4360           0
   26.178     0.0050479     0.0005991           4        4360           0
   26.347     0.0055567     0.0005161           4        4360           0
   26.517     0.0057213     0.0012479           4        4360           0
   26.686     0.0064537     0.0009060           4        4360           0
   26.856     0.0061614     0.0005846           4        4360           0
   27.025     0.0062757     0.0005819           4        4360           0
   27.194     0.0060749     0.0006025           4        4360           0
   27.364     0.0062616     0.0006053           4        4360           0
   27.533     0.0064968     0.0005844           4        4360           0
   27.702     0.0067333     0.0009260           4        4360           0
   27.872     0.0063973     0.0021329           4        4360           0
   28.041     0.0066787     0.0025306           4        4360           0
   28.210     0.0072748     0.0007533           4        4360           0
   28.380     0.0058705     0.0008311           4        4360           0
   28.549     0.0070603     0.0006681           4        4360           0
   28.719     0.0062722     0.0006652           4        4360           0
   28.888     0.0072972     0.0006153           4        4360           0
   29.057     0.0066151     0.0007464           4        4360           0
   29.226     0.0066437     0.0006602           4        4360           0
   29.396     0.0077023     0.0008256           4        4360           0
   29.565     0.0075415     0.0009268           4        4360           0
   29.735     0.0069366     0.0007140           4        4360           0
   29.904     0.0079876     0.0008197           4        4360           0
   30.073     0.0080422     0.0009335           4        4360           0
   30.243     0.0069359     0.0005763           4        4360           0
   30.412     0.0066171     0.0009771           4        4360           0
   30.581     0.0064039     0.0146965           4        4360           0
   30.751     0.0070789     0.0012192           4        4360           0
   30.920     0.0078770     0.0028066           4        4360           0
   31.089     0.0077484     0.0010449           4        4360           0
   31.259     0.0076509     0.0008953           4        4360           0
   31.428     0.0074248     0.0007619           4        4360           0
   31.597     0.0085923     0.0008358           4        4360           0
   31.767     0.0084076     0.0023853           4        4360           0
   31.936     0.0074562     0.0028872           4        4360           0
   32.105     0.0078370     0.0012042           4        4360           0
   32.275     0.0082782     0.0011592           4        4360           0
   32.444     0.0079040     0.0012697           4        4360           0
   32.614     0.0084596     0.0014032           4        4360           0
   32.783     0.0070031     0.0013422           4        4360           0
   32.952     0.0079199     0.0014020           4        4360           0
   33.122     0.0077572     0.0015814           4        4360           0
   33.291     0.0083883     0.0019427           4        4360           0
   33.460     0.0108038     0.0013289           4        4360           0
   33.630     0.0098242     0.0011715           4        4360           0
   33.799     0.0091125     0.0013628           4        4360           0
   33.968     0.0101316     0.0018208           4        4360           0
   34.138     0.0091287     0.0021528           4        4360           0
   34.307     0.0110440     0.0018443           4        4360           0
   34.477     0.0103491     0.0018447           4        4360           0
   34.646     0.0097644     0.0019980           4        4360           0
   34.815     0.0095185     0.0021920           4        4360           0
   34.985     0.0100939     0.0048958           4        4360           0
   35.154     0.0082575     0.0041727           4        4360           0
   35.323     0.0077926     0.0043570           4        4360           0
   35.493     0.0157954     0.0028891           4        4360           0
   35.662     0.0246743     0.0033496           4        4360           0
   35.831     0.0234080     0.0031528           4        4360           0
   36.001     0.0175209     0.0025765           4        4360           0
   36.170     0.0119037     0.0028919           4        4360           0
   36.339     0.0119777     0.0034377           4        4360           0
   36.509     0.0123285     0.0040409           4        4360           0
   36.678     0.0073603     0.0041472           4        4360           0
   36.847     0.0094939     0.0043033           4        4360           0
   37.017     0.0125267     0.0040654           4        4360           0
   37.186     0.0176486     0.0056141           4        4360           0
   37.355     0.0116732     0.0053610           4        4360           0
   37.525     0.0092974     0.0049191           4        4360           0
   37.694     0.0084789     0.0053152           4        4360           0
   37.864     0.0181398     0.0068135           4        4360           0
   38.033     0.0310034     0.0089398           4        4360           0
   38.202     0.0390641     0.0116610           4        4360           0
   38.372     0.0483797     0.0140642           4        4360           0
   38.541     0.0124508     0.0139533           4        4360           0
   38.710     0.0099761     0.0165734           4        4360           0
   38.880     0.0000239     0.0175285           4        4360           0
   39.049     0.0005745     0.0456014           4        4360           0
   39.218     0.0183982     0.0873432           4        4360           0
   39.388     0.0095739     0.0665641           4        4360           0
   39.557     0.0096656     0.0139297           4        4360           0
   39.727     0.0087249     0.0109620           4        4360           0
   39.896    -0.0024911     0.0129560           4        4488           0
   40.065    -0.0000829     0.0076353           4        4488           0
   40.235    -0.0004535     0.0041999           4        4488           0
   40.404     0.0000575     0.0017138           4        4488           0
   40.573     0.0005580     0.0008734           4        4488           0
   40.743     0.0000375     0.0006816           4        4508           0
   40.912    -0.0000194     0.0002084           4        4488           0
   41.081     0.0000403     0.0001330           4        4488           0
   41.251     0.0000337     0.0001341           4        4488           0
   41.420    -0.0000500     0.0002243           4        4488           0
   41.589     0.0005265     0.0002857           4        4488           0
   41.759     0.0015707     0.0003232           4        4488           0
   41.928     0.0006111     0.0008494           4        4508           0
   42.097     0.0005414     0.0005820           4        4508           0
   42.267     0.0016939     0.0007584           4        4488           0
