wave flux error channelflag bitflag stitchflag
    5.127     0.0004889     0.0033297           1         392           0
    5.157     0.0004564     0.0018754           1         136           0
    5.187     0.0003308     0.0009956           1         136           0
    5.217     0.0004451     0.0006073           1         136           0
    5.247     0.0005061     0.0005588           1         136           0
    5.278     0.0003467     0.0006164           1         136           0
    5.308     0.0003686     0.0005799           1         136           0
    5.338     0.0006547     0.0005277           1         392           0
    5.368     0.0009266     0.0005400           1         392           0
    5.399     0.0007064     0.0005618           1       16776           0
    5.429     0.0006622     0.0005652           1       16796           0
    5.459     0.0002700     0.0005414           1       16796           0
    5.489     0.0003463     0.0005061           1         392           0
    5.520     0.0004291     0.0004550           1         392           0
    5.550     0.0005034     0.0005010           1         392           0
    5.580     0.0003820     0.0005094           1         392           0
    5.610     0.0001458     0.0005094           1         392           0
    5.641     0.0002334     0.0003980           1        8468           0
    5.671     0.0001590     0.0004231           1        8468           0
    5.701     0.0002186     0.0004693           1         392           0
    5.731     0.0001177     0.0004375           1         392           0
    5.762     0.0001573     0.0004731           1         412           0
    5.792     0.0003325     0.0004470           1         412           0
    5.822     0.0001923     0.0004986           1         392           0
    5.852     0.0000729     0.0004721           1         392           0
    5.883     0.0002370     0.0005120           1         392           0
    5.913     0.0001980     0.0005376           1         136           0
    5.943     0.0001945     0.0005352           1         136           0
    5.973     0.0000821     0.0005071           1         136           0
    6.004     0.0000672     0.0004887           1         136           0
    6.034     0.0004086     0.0005082           1         136           0
    6.064     0.0004050     0.0004725           1         392           0
    6.094     0.0004778     0.0004890           1         392           0
    6.125     0.0004973     0.0004968           1         392           0
    6.155     0.0006791     0.0005220           1         392           0
    6.185     0.0006379     0.0005210           1         392           0
    6.215     0.0003129     0.0005359           1         392           0
    6.245     0.0002152     0.0005044           1         392           0
    6.276     0.0002966     0.0004888           1         392           0
    6.306     0.0002298     0.0005644           1         392           0
    6.336     0.0007359     0.0004648           1         392           0
    6.366     0.0003229     0.0005933           1         392           0
    6.397     0.0002718     0.0005945           1         392           0
    6.427     0.0002847     0.0005656           1         392           0
    6.457     0.0002848     0.0005377           1         392           0
    6.487     0.0001571     0.0005784           1         392           0
    6.518     0.0004140     0.0006261           1         392           0
    6.548     0.0006717     0.0006754           1         392           0
    6.578     0.0003385     0.0007162           1         392           0
    6.608     0.0005890     0.0007452           1         392           0
    6.639     0.0007765     0.0006429           1         136           0
    6.669     0.0005558     0.0006484           1         136           0
    6.699     0.0003519     0.0006113           1         136           0
    6.729     0.0004063     0.0006316           1         136           0
    6.760     0.0007228     0.0007179           1         136           0
    6.790     0.0007472     0.0007176           1         392           0
    6.820     0.0006590     0.0007300           1         392           0
    6.850     0.0006885     0.0007404           1         392           0
    6.881     0.0006900     0.0007689           1         392           0
    6.911     0.0003669     0.0007015           1         392           0
    6.941     0.0011802     0.0008057           1         392           0
    6.971     0.0007805     0.0008673           1         392           0
    7.002     0.0009749     0.0008730           1         392           0
    7.032     0.0011278     0.0008968           1         392           0
    7.062     0.0010586     0.0008492           1         392           0
    7.092     0.0020104     0.0008346           1         392           0
    7.122     0.0026702     0.0008426           1         392           0
    7.153     0.0030159     0.0007752           1         392           0
    7.183     0.0031496     0.0007825           1         392           0
    7.213     0.0031098     0.0008046           1         392           0
    7.243     0.0030809     0.0008540           1         392           0
    7.274     0.0023259     0.0008580           1         392           0
    7.304     0.0018418     0.0008849           1         392           0
    7.334     0.0006952     0.0011904           1       53312           0
    7.395     0.0015528     0.0013711           1       18496           0
    7.455     0.0012986     0.0011896           1       18496           0
    7.516     0.0011479     0.0011509           1       53312           0
    7.576     0.0009687     0.0014880           1      153664           0
    7.637     0.0012423     0.0006087           1         392           0
    7.697     0.0011086     0.0006028           1         392           0
    7.758     0.0011889     0.0007376           1         392           0
    7.818     0.0012765     0.0006870           1         392           0
    7.879     0.0012294     0.0007238           1         392           0
    7.939     0.0011938     0.0007037           1         392           0
    8.000     0.0016279     0.0006936           1         392           0
    8.060     0.0018266     0.0006029           1         392           0
    8.120     0.0015413     0.0005668           1         392           0
    8.181     0.0014276     0.0006084           1         392           0
    8.241     0.0016668     0.0005904           1         392           0
    8.302     0.0016791     0.0005864           1         392           0
    8.362     0.0021026     0.0003669           2       16796           0
    8.423     0.0023258     0.0003697           2       16796           0
    8.483     0.0026938     0.0003602           2       16792           0
    8.544     0.0030076     0.0004143           2       16776           0
    8.604     0.0038839     0.0004068           2         392           0
    8.665     0.0046108     0.0003590           2         392           0
    8.725     0.0051895     0.0003801           2         392           0
    8.786     0.0055755     0.0003505           2         392           0
    8.846     0.0053079     0.0003677           2         392           0
    8.907     0.0051499     0.0003871           2         392           0
    8.967     0.0051654     0.0003830           2         392           0
    9.028     0.0053161     0.0003285           2         136           0
    9.088     0.0049858     0.0003718           2         136           0
    9.149     0.0042224     0.0004003           2         136           0
    9.209     0.0039750     0.0004129           2         136           0
    9.270     0.0034628     0.0003808           2         136           0
    9.330     0.0028827     0.0003796           2         136           0
    9.391     0.0025748     0.0003851           2         392           0
    9.451     0.0027310     0.0004148           2         392           0
    9.512     0.0030175     0.0003758           2         392           0
    9.572     0.0027372     0.0003690           2         392           0
    9.633     0.0027895     0.0003623           2         392           0
    9.693     0.0029678     0.0003475           2         392           0
    9.754     0.0027944     0.0003313           2       16796           0
    9.814     0.0029384     0.0003366           2       16796           0
    9.875     0.0033005     0.0003763           2         392           0
    9.935     0.0035231     0.0003358           2         392           0
    9.995     0.0032154     0.0003169           2         392           0
   10.056     0.0030540     0.0003181           2         392           0
   10.116     0.0025809     0.0003214           2         392           0
   10.177     0.0020397     0.0003030           2         392           0
   10.237     0.0016929     0.0003052           2         392           0
   10.298     0.0014195     0.0003216           2         392           0
   10.358     0.0013249     0.0003163           2         392           0
   10.419     0.0012038     0.0003098           2         392           0
   10.479     0.0012011     0.0003258           2         392           0
   10.540     0.0012169     0.0003603           2         392           0
   10.600     0.0009821     0.0003492           2         392           0
   10.661     0.0007781     0.0003495           2         392           0
   10.721     0.0012216     0.0003462           2         392           0
   10.782     0.0011943     0.0003289           2         392           0
   10.842     0.0010004     0.0003464           2         392           0
   10.903     0.0008443     0.0003738           2         392           0
   10.963     0.0009465     0.0003600           2         392           0
   11.024     0.0007999     0.0003576           2         392           0
   11.084     0.0008624     0.0003994           2         392           0
   11.145     0.0012857     0.0004048           2         392           0
   11.205     0.0014999     0.0004137           2         392           0
   11.266     0.0012236     0.0004388           2         392           0
   11.326     0.0011143     0.0004356           2         392           0
   11.387     0.0008176     0.0004359           2         412           0
   11.447     0.0009547     0.0004076           2         412           0
   11.508     0.0007322     0.0004238           2         392           0
   11.568     0.0009027     0.0004408           2         392           0
   11.628     0.0007077     0.0004936           2         392           0
   11.689     0.0006285     0.0004704           2         392           0
   11.750     0.0007531     0.0004743           2         392           0
   11.810     0.0007489     0.0004705           2         392           0
   11.870     0.0007870     0.0004346           2         392           0
   11.931     0.0008683     0.0004349           2         392           0
   11.991     0.0010929     0.0004339           2         392           0
   12.052     0.0010668     0.0004523           2         392           0
   12.112     0.0010085     0.0004933           2         392           0
   12.173     0.0011780     0.0004638           2         392           0
   12.233     0.0016407     0.0004888           2         392           0
   12.294     0.0013289     0.0004622           2         392           0
   12.354     0.0013292     0.0004849           2         392           0
   12.415     0.0013953     0.0004808           2         392           0
   12.475     0.0012713     0.0004618           2         392           0
   12.536     0.0012710     0.0004792           2         392           0
   12.596     0.0015907     0.0004322           2         392           0
   12.657     0.0020614     0.0004145           2         392           0
   12.717     0.0026636     0.0004276           2         392           0
   12.778     0.0026397     0.0004541           2         392           0
   12.838     0.0034285     0.0004349           2         392           0
   12.899     0.0052898     0.0004559           2         392           0
   12.959     0.0073985     0.0004062           2         392           0
   13.020     0.0073904     0.0004989           2         392           0
   13.080     0.0066999     0.0005039           2         392           0
   13.141     0.0051354     0.0005584           2         392           0
   13.201     0.0039773     0.0005551           2         392           0
   13.262     0.0033907     0.0005296           2         392           0
   13.322     0.0030730     0.0005654           2         392           0
   13.383     0.0025211     0.0005926           2         392           0
   13.443     0.0026117     0.0005928           2         392           0
   13.503     0.0028415     0.0005949           2         392           0
   13.564     0.0023374     0.0005989           2         392           0
   13.625     0.0020448     0.0006288           2         392           0
   13.685     0.0022259     0.0006352           2         392           0
   13.745     0.0029644     0.0006573           2         392           0
   13.806     0.0031589     0.0006865           2         392           0
   13.866     0.0035252     0.0006706           2         392           0
   13.927     0.0032939     0.0006942           2         392           0
   13.987     0.0027514     0.0007193           2         392           0
   14.048     0.0025640     0.0007441           2         392           0
   14.108     0.0033792     0.0007697           2         392           0
   14.169     0.0032125     0.0007923           2         392           0
   14.229     0.0037659     0.0007981           2         392           0
   14.290     0.0063560     0.0003520           2         392           0
   14.350     0.0036110     0.0003390           2         392           0
   14.408     0.0035215     0.0004262           3        4360           0
   14.493     0.0042881     0.0008955           3        4360           0
   14.577     0.0046858     0.0012184           3        4360           0
   14.662     0.0049899     0.0004452           3        4360           0
   14.747     0.0063349     0.0004667           3        4360           0
   14.832     0.0077595     0.0003998           3        4360           0
   14.916     0.0048929     0.0005352           3        4360           0
   15.001     0.0025626     0.0005061           3        4360           0
   15.085     0.0027056     0.0004295           3        4360           0
   15.170     0.0024767     0.0004716           3        4360           0
   15.255     0.0025971     0.0004946           3        4360           0
   15.340     0.0018245     0.0003384           3        4360           0
   15.424     0.0019657     0.0004295           3        4360           0
   15.509     0.0021705     0.0013798           3        4360           0
   15.594     0.0019056     0.0012031           3        4360           0
   15.678     0.0019775     0.0004269           3        4360           0
   15.763     0.0018987     0.0004197           3        4360           0
   15.848     0.0020601     0.0004397           3        4360           0
   15.932     0.0027231     0.0004366           3        4360           0
   16.017     0.0013292     0.0005515           3        4360           0
   16.102     0.0018333     0.0005463           3        4360           0
   16.186     0.0018678     0.0005426           3        4360           0
   16.271     0.0013886     0.0005183           3        4360           0
   16.356     0.0018378     0.0004593           3        4360           0
   16.440     0.0029180     0.0004505           3        4360           0
   16.525     0.0022440     0.0003939           3        4360           0
   16.610     0.0004694     0.0003722           3        4360           0
   16.694     0.0010498     0.0003666           3        4360           0
   16.779     0.0015429     0.0003807           3        4360           0
   16.864     0.0011396     0.0005190           3        4360           0
   16.948     0.0009608     0.0006916           3        4360           0
   17.033     0.0018745     0.0004636           3        4360           0
   17.118     0.0010447     0.0010888           3        4360           0
   17.202     0.0014556     0.0008593           3        4360           0
   17.287     0.0012739     0.0006117           3        4360           0
   17.372     0.0016478     0.0005445           3        4360           0
   17.456     0.0020995     0.0005975           3        4360           0
   17.541     0.0017106     0.0005297           3        4360           0
   17.626     0.0017156     0.0004652           3        4360           0
   17.711     0.0018248     0.0005355           3        4360           0
   17.795     0.0019244     0.0005705           3        4360           0
   17.880     0.0016934     0.0005338           3        4360           0
   17.965     0.0028777     0.0004971           3        4360           0
   18.049     0.0030807     0.0004824           3        4360           0
   18.134     0.0018201     0.0005889           3        4360           0
   18.219     0.0012694     0.0006863           3        4360           0
   18.303     0.0018534     0.0007441           3        4360           0
   18.388     0.0014270     0.0007820           3        4360           0
   18.472     0.0019913     0.0006799           3        4360           0
   18.557     0.0014759     0.0008095           3        4360           0
   18.642     0.0022158     0.0006460           3        4360           0
   18.727     0.0022466     0.0006013           3        4360           0
   18.811     0.0028509     0.0006333           3        4360           0
   18.896     0.0031661     0.0006422           3        4360           0
   18.981     0.0035558     0.0006199           3        4360           0
   19.065     0.0038697     0.0006321           3        4360           0
   19.150     0.0023821     0.0007688           3        4360           0
   19.235     0.0021149     0.0009868           3    19009600           0
   19.404     0.0038093     0.0014858           3    19009600           0
   19.573     0.0024570     0.0012981           3    19009600           0
   19.743     0.0040652     0.0043265           3    19009600           0
   19.912     0.0038031     0.0016624           3    19009600           0
   20.081     0.0050431     0.0015911           3    19009600           0
   20.251     0.0037707     0.0019772           3    19009600           0
   20.420     0.0037222     0.0009645           3    19009600           0
   20.590     0.0026231     0.0011305           3        4360           0
   20.759     0.0022007     0.0015157           3        4360           0
   20.928     0.0028838     0.0037822           3        4360           0
   21.097     0.0031253     0.0045320           3        4360           0
   21.267     0.0027150     0.0007670           4        4360           0
   21.436     0.0033834     0.0007460           4        4360           0
   21.606     0.0040403     0.0007518           4        4360           0
   21.775     0.0050186     0.0007044           4        4360           0
   21.944     0.0062816     0.0008668           4        4360           0
   22.114     0.0027813     0.0008385           4        4360           0
   22.283     0.0034027     0.0005390           4        4360           0
   22.452     0.0038360     0.0007305           4        4360           0
   22.622     0.0033212     0.0005681           4        4360           0
   22.791     0.0031708     0.0030565           4        4360           0
   22.960     0.0031917     0.0004059           4        4360           0
   23.130     0.0035158     0.0005714           4        4360           0
   23.299     0.0031106     0.0005613           4        4360           0
   23.469     0.0031641     0.0005688           4        4360           0
   23.638     0.0029388     0.0006087           4        4360           0
   23.807     0.0030856     0.0005621           4        4360           0
   23.976     0.0033417     0.0005338           4        4360           0
   24.146     0.0034248     0.0006045           4        4360           0
   24.315     0.0037463     0.0006143           4        4360           0
   24.485     0.0036099     0.0005772           4        4360           0
   24.654     0.0037614     0.0006336           4        4360           0
   24.823     0.0043574     0.0006647           4        4360           0
   24.993     0.0037315     0.0007832           4        4360           0
   25.162     0.0044957     0.0006526           4        4360           0
   25.331     0.0035832     0.0005808           4        4360           0
   25.501     0.0036124     0.0006039           4        4360           0
   25.670     0.0045624     0.0007396           4        4360           0
   25.839     0.0047034     0.0020360           4        4360           0
   26.009     0.0035414     0.0007352           4        4360           0
   26.178     0.0044752     0.0005186           4        4360           0
   26.347     0.0043551     0.0005434           4        4360           0
   26.517     0.0046448     0.0005411           4        4360           0
   26.686     0.0050413     0.0007104           4        4360           0
   26.856     0.0059514     0.0006717           4        4360           0
   27.025     0.0057320     0.0005833           4        4360           0
   27.194     0.0053572     0.0004974           4        4360           0
   27.364     0.0050619     0.0004700           4        4360           0
   27.533     0.0048240     0.0005479           4        4360           0
   27.702     0.0054421     0.0005671           4        4360           0
   27.872     0.0053742     0.0005637           4        4360           0
   28.041     0.0065285     0.0006525           4        4360           0
   28.210     0.0063429     0.0008383           4        4360           0
   28.380     0.0049084     0.0026240           4        4360           0
   28.549     0.0042892     0.0008873           4        4360           0
   28.719     0.0052683     0.0006613           4        4360           0
   28.888     0.0057970     0.0006728           4        4360           0
   29.057     0.0063019     0.0007193           4        4360           0
   29.226     0.0057734     0.0006452           4        4360           0
   29.396     0.0055846     0.0009911           4        4360           0
   29.565     0.0060469     0.0023159           4        4360           0
   29.735     0.0068601     0.0020654           4        4360           0
   29.904     0.0064844     0.0008972           4        4360           0
   30.073     0.0064129     0.0008275           4        4360           0
   30.243     0.0065226     0.0013059           4        4360           0
   30.412     0.0071797     0.0042575           4        4360           0
   30.581     0.0069128     0.0155679           4        4360           0
   30.751     0.0065060     0.0009753           4        4360           0
   30.920     0.0055842     0.0008359           4        4360           0
   31.089     0.0067989     0.0009020           4        4360           0
   31.259     0.0064603     0.0018922           4        4360           0
   31.428     0.0071665     0.0010346           4        4360           0
   31.597     0.0072759     0.0007824           4        4360           0
   31.767     0.0071431     0.0008406           4        4360           0
   31.936     0.0073601     0.0008477           4        4360           0
   32.105     0.0076920     0.0009588           4        4360           0
   32.275     0.0085443     0.0010890           4        4360           0
   32.444     0.0079011     0.0015240           4        4360           0
   32.614     0.0099223     0.0026828           4        4360           0
   32.783     0.0083385     0.0013499           4        4360           0
   32.952     0.0093145     0.0013519           4        4360           0
   33.122     0.0086814     0.0015280           4        4360           0
   33.291     0.0083777     0.0015381           4        4360           0
   33.460     0.0099304     0.0012104           4        4360           0
   33.630     0.0099934     0.0014167           4        4360           0
   33.799     0.0083138     0.0014686           4        4360           0
   33.968     0.0087360     0.0018330           4        4360           0
   34.138     0.0092381     0.0023998           4        4360           0
   34.307     0.0107016     0.0026879           4        4360           0
   34.477     0.0091925     0.0036327           4        4360           0
   34.646     0.0087782     0.0029090           4        4360           0
   34.815     0.0088685     0.0026076           4        4360           0
   34.985     0.0108502     0.0021908           4        4360           0
   35.154     0.0083268     0.0038583           4        4360           0
   35.323     0.0092743     0.0054534           4        4360           0
   35.493     0.0098868     0.0038267           4        4360           0
   35.662     0.0069638     0.0032712           4        4360           0
   35.831     0.0081609     0.0027638           4        4360           0
   36.001     0.0093643     0.0028654           4        4360           0
   36.170     0.0112523     0.0063651           4        4360           0
   36.339     0.0119852     0.0082404           4        4360           0
   36.509     0.0145663     0.0070850           4        4360           0
   36.678     0.0119052     0.0058792           4        4360           0
   36.847     0.0099487     0.0067939           4        4360           0
   37.017     0.0039404     0.0091938           4        4360           0
   37.186     0.0167945     0.0103936           4        4360           0
   37.355     0.0139486     0.0060140           4        4360           0
   37.525     0.0104606     0.0047423           4        4360           0
   37.694     0.0098452     0.0050965           4        4360           0
   37.864     0.0142846     0.0072087           4        4360           0
   38.033     0.0237437     0.0143483           4        4360           0
   38.202     0.0256271     0.0220402           4        4360           0
   38.372     0.0179682     0.0116447           4        4360           0
   38.541     0.0172578     0.0261826           4        4360           0
   38.710     0.0113880     0.0165152           4        4360           0
   38.880     0.0219706     0.0161826           4        4360           0
   39.049     0.0055954     0.0444596           4        4360           0
   39.218     0.0090913     0.0182902           4        4360           0
   39.388     0.0137495     0.0124518           4        4360           0
   39.557     0.0152080     0.0129565           4        4360           0
   39.727     0.0162749     0.0125524           4        4360           0
   39.896     0.0087902     0.0098423           4        4488           0
   40.065     0.0056825     0.0083007           4        4488           0
   40.235     0.0035389     0.0038650           4        4488           0
   40.404     0.0107490     0.0013550           4        4488           0
   40.573     0.0012995     0.0016607           4        4488           0
   40.743     0.0006022     0.0004535           4        4508           0
   40.912     0.0001742     0.0002789           4        4488           0
   41.081     0.0000067     0.0004941           4        4488           0
   41.251    -0.0000014     0.0002996           4        4488           0
   41.420    -0.0000296     0.0002448           4        4488           0
   41.589    -0.0002976     0.0002833           4        4488           0
   41.759    -0.0002072     0.0002765           4        4488           0
   41.928    -0.0000627     0.0008867           4        4508           0
   42.097    -0.0002926     0.0006662           4        4508           0
   42.267     0.0007992     0.0007721           4        4488           0
