wave flux error channelflag bitflag stitchflag
    5.127     0.0001259     0.0034026           1         392           0
    5.157     0.0006980     0.0019838           1         136           0
    5.187     0.0007709     0.0009734           1         136           0
    5.217     0.0007151     0.0006078           1         136           0
    5.247     0.0007217     0.0005578           1         136           0
    5.278     0.0003847     0.0005954           1         136           0
    5.308     0.0004826     0.0006308           1         136           0
    5.338     0.0005809     0.0005471           1         392           0
    5.368     0.0010840     0.0007110           1         392           0
    5.399     0.0005072     0.0005734           1       16776           0
    5.429     0.0002626     0.0005164           1       16796           0
    5.459     0.0005700     0.0005082           1       16796           0
    5.489     0.0006182     0.0004629           1         392           0
    5.520     0.0003822     0.0004885           1         392           0
    5.550     0.0005073     0.0004696           1         392           0
    5.580     0.0005215     0.0004704           1         392           0
    5.610     0.0005904     0.0004974           1         392           0
    5.641     0.0005619     0.0005430           1        8468           0
    5.671     0.0004933     0.0004438           1        8468           0
    5.701     0.0006121     0.0004475           1         392           0
    5.731     0.0005835     0.0004634           1         392           0
    5.762     0.0004781     0.0004585           1         412           0
    5.792     0.0004291     0.0004967           1         412           0
    5.822     0.0006775     0.0004575           1         392           0
    5.852     0.0006489     0.0005289           1         392           0
    5.883     0.0006312     0.0005237           1         392           0
    5.913     0.0006332     0.0005042           1         136           0
    5.943     0.0006151     0.0005081           1         136           0
    5.973     0.0006436     0.0005036           1         136           0
    6.004     0.0006054     0.0005494           1         136           0
    6.034     0.0006582     0.0004937           1         136           0
    6.064     0.0004994     0.0004878           1         392           0
    6.094     0.0005422     0.0005250           1         392           0
    6.125     0.0004765     0.0005237           1         392           0
    6.155     0.0005998     0.0004871           1         392           0
    6.185     0.0004769     0.0005211           1         392           0
    6.215     0.0003214     0.0005044           1         392           0
    6.245     0.0004729     0.0005000           1         392           0
    6.276     0.0006943     0.0005502           1         392           0
    6.306     0.0007748     0.0005832           1         392           0
    6.336     0.0009714     0.0005960           1         392           0
    6.366     0.0008764     0.0005840           1         392           0
    6.397     0.0009388     0.0005915           1         392           0
    6.427     0.0008786     0.0006115           1         392           0
    6.457     0.0008241     0.0005534           1         392           0
    6.487     0.0005556     0.0005783           1         392           0
    6.518     0.0007156     0.0006529           1         392           0
    6.548     0.0003887     0.0006809           1         392           0
    6.578     0.0007318     0.0006664           1         392           0
    6.608     0.0008641     0.0006990           1         392           0
    6.639     0.0011453     0.0006861           1         136           0
    6.669     0.0012154     0.0006680           1         136           0
    6.699     0.0009222     0.0006174           1         136           0
    6.729     0.0008023     0.0006388           1         136           0
    6.760     0.0007142     0.0006973           1         136           0
    6.790     0.0006675     0.0006985           1         392           0
    6.820     0.0006483     0.0007649           1         392           0
    6.850     0.0006116     0.0007139           1         392           0
    6.881     0.0009980     0.0007685           1         392           0
    6.911     0.0010746     0.0007251           1         392           0
    6.941     0.0008725     0.0007307           1         392           0
    6.971     0.0006935     0.0007695           1         392           0
    7.002     0.0005392     0.0008674           1         392           0
    7.032     0.0010772     0.0008960           1         392           0
    7.062     0.0017736     0.0008957           1         392           0
    7.092     0.0018776     0.0008253           1         392           0
    7.122     0.0023751     0.0007731           1         392           0
    7.153     0.0025172     0.0007671           1         392           0
    7.183     0.0020138     0.0007783           1         392           0
    7.213     0.0020731     0.0008275           1         392           0
    7.243     0.0017056     0.0008431           1         392           0
    7.274     0.0016261     0.0009031           1         392           0
    7.304     0.0017515     0.0008866           1         392           0
    7.334     0.0016194     0.0011783           1       53312           0
    7.395     0.0014569     0.0013402           1       18496           0
    7.455     0.0011838     0.0011321           1       18496           0
    7.516     0.0011794     0.0011514           1       53312           0
    7.576     0.0010685     0.0015059           1      153664           0
    7.637     0.0010944     0.0006448           1         392           0
    7.697     0.0009283     0.0005657           1         392           0
    7.758     0.0013035     0.0006665           1         392           0
    7.818     0.0013241     0.0007247           1         392           0
    7.879     0.0013199     0.0007435           1         392           0
    7.939     0.0014897     0.0006931           1         392           0
    8.000     0.0017729     0.0006916           1         392           0
    8.060     0.0016979     0.0006460           1         392           0
    8.120     0.0016509     0.0006017           1         392           0
    8.181     0.0016712     0.0005855           1         392           0
    8.241     0.0018433     0.0006036           1         392           0
    8.302     0.0019058     0.0005872           1         392           0
    8.362     0.0018526     0.0003827           2       16796           0
    8.423     0.0016502     0.0003755           2       16796           0
    8.483     0.0017818     0.0003985           2       16792           0
    8.544     0.0024556     0.0003930           2       16776           0
    8.604     0.0029289     0.0004028           2         392           0
    8.665     0.0034006     0.0004218           2         392           0
    8.725     0.0035290     0.0003864           2         392           0
    8.786     0.0036155     0.0003730           2         392           0
    8.846     0.0035313     0.0003526           2         392           0
    8.907     0.0036090     0.0002907           2         392           0
    8.967     0.0037746     0.0003667           2         392           0
    9.028     0.0035209     0.0003939           2         136           0
    9.088     0.0036664     0.0003511           2         136           0
    9.149     0.0031802     0.0003819           2         136           0
    9.209     0.0031475     0.0003921           2         136           0
    9.270     0.0030375     0.0003793           2         136           0
    9.330     0.0026631     0.0003897           2         136           0
    9.391     0.0026519     0.0004188           2         392           0
    9.451     0.0026626     0.0004314           2         392           0
    9.512     0.0027917     0.0003693           2         392           0
    9.572     0.0028811     0.0003902           2         392           0
    9.633     0.0028566     0.0003491           2         392           0
    9.693     0.0028456     0.0003616           2         392           0
    9.754     0.0033218     0.0003619           2       16796           0
    9.814     0.0035865     0.0003292           2       16796           0
    9.875     0.0037263     0.0003608           2         392           0
    9.935     0.0037429     0.0003341           2         392           0
    9.995     0.0036497     0.0002486           2         392           0
   10.056     0.0034427     0.0003175           2         392           0
   10.116     0.0030824     0.0003000           2         392           0
   10.177     0.0029817     0.0003081           2         392           0
   10.237     0.0028846     0.0002989           2         392           0
   10.298     0.0029722     0.0003152           2         392           0
   10.358     0.0028709     0.0003321           2         392           0
   10.419     0.0028329     0.0003378           2         392           0
   10.479     0.0028835     0.0003435           2         392           0
   10.540     0.0027940     0.0003544           2         392           0
   10.600     0.0026583     0.0003484           2         392           0
   10.661     0.0027642     0.0003386           2         392           0
   10.721     0.0028086     0.0003478           2         392           0
   10.782     0.0027403     0.0003501           2         392           0
   10.842     0.0028763     0.0003649           2         392           0
   10.903     0.0030014     0.0003985           2         392           0
   10.963     0.0029650     0.0003800           2         392           0
   11.024     0.0030378     0.0003842           2         392           0
   11.084     0.0032114     0.0004140           2         392           0
   11.145     0.0032397     0.0003985           2         392           0
   11.205     0.0028236     0.0004285           2         392           0
   11.266     0.0029578     0.0004213           2         392           0
   11.326     0.0027886     0.0004230           2         392           0
   11.387     0.0026642     0.0004347           2         412           0
   11.447     0.0028330     0.0004313           2         412           0
   11.508     0.0030826     0.0004418           2         392           0
   11.568     0.0033179     0.0004467           2         392           0
   11.628     0.0030315     0.0004545           2         392           0
   11.689     0.0030559     0.0004586           2         392           0
   11.750     0.0029025     0.0004809           2         392           0
   11.810     0.0030249     0.0004637           2         392           0
   11.870     0.0029166     0.0004410           2         392           0
   11.931     0.0029584     0.0004489           2         392           0
   11.991     0.0028720     0.0004388           2         392           0
   12.052     0.0030414     0.0004450           2         392           0
   12.112     0.0029374     0.0004583           2         392           0
   12.173     0.0032363     0.0004665           2         392           0
   12.233     0.0035052     0.0004601           2         392           0
   12.294     0.0030308     0.0004598           2         392           0
   12.354     0.0031972     0.0004842           2         392           0
   12.415     0.0035014     0.0004616           2         392           0
   12.475     0.0033254     0.0004548           2         392           0
   12.536     0.0034272     0.0004569           2         392           0
   12.596     0.0036159     0.0004382           2         392           0
   12.657     0.0038099     0.0004682           2         392           0
   12.717     0.0040352     0.0004751           2         392           0
   12.778     0.0044104     0.0004534           2         392           0
   12.838     0.0052137     0.0004504           2         392           0
   12.899     0.0066960     0.0003467           2         392           0
   12.959     0.0075969     0.0003914           2         392           0
   13.020     0.0065508     0.0005022           2         392           0
   13.080     0.0061196     0.0004620           2         392           0
   13.141     0.0056771     0.0005587           2         392           0
   13.201     0.0050504     0.0005802           2         392           0
   13.262     0.0047806     0.0005729           2         392           0
   13.322     0.0045475     0.0005938           2         392           0
   13.383     0.0045293     0.0006240           2         392           0
   13.443     0.0039956     0.0005911           2         392           0
   13.503     0.0042455     0.0005914           2         392           0
   13.564     0.0040785     0.0006281           2         392           0
   13.625     0.0041102     0.0006225           2         392           0
   13.685     0.0044031     0.0006273           2         392           0
   13.745     0.0040408     0.0006893           2         392           0
   13.806     0.0043776     0.0006833           2         392           0
   13.866     0.0047354     0.0006513           2         392           0
   13.927     0.0049673     0.0007020           2         392           0
   13.987     0.0049632     0.0007467           2         392           0
   14.048     0.0048690     0.0007175           2         392           0
   14.108     0.0046575     0.0007943           2         392           0
   14.239     0.0044670     0.0006109           3        4360           0
   14.323     0.0045610     0.0007005           3        4360           0
   14.408     0.0047171     0.0014591           3        4360           0
   14.493     0.0048516     0.0017201           3        4360           0
   14.577     0.0052758     0.0005677           3        4360           0
   14.662     0.0062627     0.0005786           3        4360           0
   14.747     0.0072096     0.0005242           3        4360           0
   14.832     0.0075743     0.0006449           3        4360           0
   14.916     0.0055875     0.0008123           3        4360           0
   15.001     0.0041439     0.0007868           3        4360           0
   15.085     0.0038220     0.0005422           3        4360           0
   15.170     0.0035611     0.0005742           3        4360           0
   15.255     0.0037220     0.0006260           3        4360           0
   15.340     0.0036118     0.0005657           3        4360           0
   15.424     0.0036252     0.0004461           3        4360           0
   15.509     0.0042216     0.0004896           3        4360           0
   15.594     0.0044511     0.0005383           3        4360           0
   15.678     0.0045453     0.0005565           3        4360           0
   15.763     0.0045289     0.0005087           3        4360           0
   15.848     0.0043792     0.0005842           3        4360           0
   15.932     0.0049912     0.0007118           3        4360           0
   16.017     0.0045400     0.0007963           3        4360           0
   16.102     0.0044774     0.0007157           3        4360           0
   16.186     0.0046236     0.0007630           3        4360           0
   16.271     0.0045912     0.0007009           3        4360           0
   16.356     0.0059023     0.0006361           3        4360           0
   16.440     0.0044160     0.0007308           3        4360           0
   16.525     0.0042275     0.0006617           3        4360           0
   16.610     0.0043545     0.0005723           3        4360           0
   16.694     0.0048364     0.0005919           3        4360           0
   16.779     0.0049569     0.0007079           3        4360           0
   16.864     0.0042611     0.0008882           3        4360           0
   16.948     0.0048582     0.0009696           3        4360           0
   17.033     0.0050936     0.0007189           3        4360           0
   17.118     0.0056025     0.0014756           3        4360           0
   17.202     0.0053751     0.0074321           3        4360           0
   17.287     0.0052801     0.0012904           3        4360           0
   17.372     0.0061048     0.0007672           3        4360           0
   17.456     0.0057956     0.0006910           3        4360           0
   17.541     0.0059842     0.0007043           3        4360           0
   17.626     0.0064128     0.0005842           3        4360           0
   17.711     0.0055610     0.0004794           3        4360           0
   17.795     0.0059661     0.0020362           3        4360           0
   17.880     0.0074966     0.0020793           3        4360           0
   17.965     0.0069301     0.0007556           3        4360           0
   18.049     0.0065622     0.0006692           3        4360           0
   18.134     0.0054269     0.0007308           3        4360           0
   18.219     0.0062642     0.0008726           3        4360           0
   18.303     0.0079638     0.0010675           3        4360           0
   18.388     0.0080303     0.0009949           3        4360           0
   18.472     0.0073030     0.0010480           3        4360           0
   18.557     0.0077742     0.0026796           3        4360           0
   18.642     0.0076496     0.0015377           3        4360           0
   18.727     0.0076810     0.0008348           3        4360           0
   18.811     0.0086434     0.0008738           3        4360           0
   18.896     0.0088926     0.0008844           3        4360           0
   18.981     0.0091974     0.0007991           3        4360           0
   19.065     0.0095099     0.0008047           3        4360           0
   19.150     0.0095412     0.0009140           3        4360           0
   19.235     0.0062285     0.0013366           3    19009600           0
   19.404     0.0097953     0.0021789           3    19009600           0
   19.573     0.0105956     0.0016427           3    19009600           0
   19.743     0.0099472     0.0016510           3    19009600           0
   19.912     0.0103609     0.0015792           3    19009600           0
   20.081     0.0096952     0.0048163           3        4360           0
   20.251     0.0094195     0.0023179           3        4360           0
   20.420     0.0113546     0.0015694           3        4360           0
   20.590     0.0115813     0.0016875           3        4360           0
   20.759     0.0125381     0.0019703           3        4360           0
   20.928     0.0118498     0.0022637           3        4360           0
   21.097     0.0122737     0.0008936           4        4360           0
   21.267     0.0123416     0.0010640           4        4360           0
   21.436     0.0131333     0.0009938           4        4360           0
   21.606     0.0145943     0.0010070           4        4360           0
   21.775     0.0137347     0.0011779           4        4360           0
   21.944     0.0120241     0.0031396           4        4360           0
   22.114     0.0134621     0.0012281           4        4360           0
   22.283     0.0149708     0.0008008           4        4360           0
   22.452     0.0160240     0.0009684           4        4360           0
   22.622     0.0147363     0.0012654           4        4360           0
   22.791     0.0142961     0.0008114           4        4360           0
   22.960     0.0148887     0.0006645           4        4360           0
   23.130     0.0146767     0.0007633           4        4360           0
   23.299     0.0145680     0.0007390           4        4360           0
   23.469     0.0152606     0.0007339           4        4360           0
   23.638     0.0158883     0.0006340           4        4360           0
   23.807     0.0154220     0.0006245           4        4360           0
   23.976     0.0159023     0.0007259           4        4360           0
   24.146     0.0167589     0.0008695           4        4360           0
   24.315     0.0168727     0.0009586           4        4360           0
   24.485     0.0171718     0.0010247           4        4360           0
   24.654     0.0161539     0.0008036           4        4360           0
   24.823     0.0170770     0.0008791           4        4360           0
   24.993     0.0180648     0.0009180           4        4360           0
   25.162     0.0181192     0.0008765           4        4360           0
   25.331     0.0182718     0.0007311           4        4360           0
   25.501     0.0181903     0.0009121           4        4360           0
   25.670     0.0191367     0.0009867           4        4360           0
   25.839     0.0197521     0.0034409           4        4360           0
   26.009     0.0202327     0.0011153           4        4360           0
   26.178     0.0194996     0.0007199           4        4360           0
   26.347     0.0202894     0.0007405           4        4360           0
   26.517     0.0202987     0.0006877           4        4360           0
   26.686     0.0192539     0.0007324           4        4360           0
   26.856     0.0193419     0.0006216           4        4360           0
   27.025     0.0205381     0.0006426           4        4360           0
   27.194     0.0211222     0.0006823           4        4360           0
   27.364     0.0215377     0.0006625           4        4360           0
   27.533     0.0213867     0.0008282           4        4360           0
   27.702     0.0211702     0.0009431           4        4360           0
   27.872     0.0215606     0.0011710           4        4360           0
   28.041     0.0204661     0.0010859           4        4360           0
   28.210     0.0206437     0.0011720           4        4360           0
   28.380     0.0214458     0.0010445           4        4360           0
   28.549     0.0207585     0.0010304           4        4360           0
   28.719     0.0217763     0.0007948           4        4360           0
   28.888     0.0204479     0.0008784           4        4360           0
   29.057     0.0210266     0.0009680           4        4360           0
   29.226     0.0231703     0.0006969           4        4360           0
   29.396     0.0224628     0.0013328           4        4360           0
   29.565     0.0214759     0.0040494           4        4360           0
   29.735     0.0237421     0.0036630           4        4360           0
   29.904     0.0243218     0.0009119           4        4360           0
   30.073     0.0236150     0.0010022           4        4360           0
   30.243     0.0232014     0.0013837           4        4360           0
   30.412     0.0237308     0.0047486           4        4360           0
   30.581     0.0256160     0.0124661           4        4360           0
   30.751     0.0240375     0.0013360           4        4360           0
   30.920     0.0249259     0.0014157           4        4360           0
   31.089     0.0254142     0.0013653           4        4360           0
   31.259     0.0261839     0.0032230           4        4360           0
   31.428     0.0256759     0.0013085           4        4360           0
   31.597     0.0249177     0.0011063           4        4360           0
   31.767     0.0254621     0.0010819           4        4360           0
   31.936     0.0285273     0.0008433           4        4360           0
   32.105     0.0276244     0.0011481           4        4360           0
   32.275     0.0266399     0.0015835           4        4360           0
   32.444     0.0274650     0.0023203           4        4360           0
   32.614     0.0294258     0.0048359           4        4360           0
   32.783     0.0288225     0.0013758           4        4360           0
   32.952     0.0250313     0.0020240           4        4360           0
   33.122     0.0248070     0.0023919           4        4360           0
   33.291     0.0238790     0.0021937           4        4360           0
   33.460     0.0231408     0.0028066           4        4360           0
   33.630     0.0262002     0.0023469           4        4360           0
   33.799     0.0241152     0.0023313           4        4360           0
   33.968     0.0243630     0.0024681           4        4360           0
   34.138     0.0292684     0.0032362           4        4360           0
   34.307     0.0321121     0.0039148           4        4360           0
   34.477     0.0281801     0.0028872           4        4360           0
   34.646     0.0278174     0.0021389           4        4360           0
   34.815     0.0269256     0.0040460           4        4360           0
   34.985     0.0311518     0.0177389           4        4360           0
   35.154     0.0283110     0.0060920           4        4360           0
   35.323     0.0263630     0.0051766           4        4360           0
   35.493     0.0259455     0.0034207           4        4360           0
   35.662     0.0247590     0.0085946           4        4360           0
   35.831     0.0373521     0.0041895           4        4360           0
   36.001     0.0249709     0.0031798           4        4360           0
   36.170     0.0366259     0.0063620           4        4360           0
   36.339     0.0275682     0.0082445           4        4360           0
   36.509     0.0262930     0.0081287           4        4360           0
   36.678     0.0319917     0.0116151           4        4360           0
   36.847     0.0282963     0.0072186           4        4360           0
   37.017     0.0109108     0.0098968           4        4360           0
   37.186     0.0357950     0.0062683           4        4360           0
   37.355     0.0429665     0.0052044           4        4360           0
   37.525     0.0273037     0.0060479           4        4360           0
   37.694     0.0286519     0.0084223           4        4360           0
   37.864     0.0503422     0.0208513           4        4360           0
   38.033     0.0537352     0.0689320           4        4360           0
   38.202     0.0376096     0.0994181           4        4360           0
   38.372     0.0075480     0.0290959           4        4360           0
   38.541     0.0232085     0.1278573           4        4360           0
   38.710     0.0211489     0.0254100           4        4360           0
   38.880     0.0480067     0.1625332           4        4360           0
   39.049     0.0286149     0.0419812           4        4360           0
   39.218     0.0241838     0.0213914           4        4360           0
   39.388     0.0208156     0.0155524           4        4360           0
   39.557     0.0151762     0.0404113           4        4360           0
   39.727     0.0131325     0.0773832           4        4360           0
   39.896     0.0139174     0.0440040           4        4488           0
   40.065    -0.0002611     0.0113571           4        4488           0
   40.235     0.0020295     0.0092390           4        4488           0
   40.404     0.0012241     0.0038028           4        4488           0
   40.573     0.0009701     0.0019869           4        4488           0
   40.743     0.0010344     0.0011363           4        4508           0
   40.912     0.0023490     0.0005457           4        4488           0
   41.081     0.0020293     0.0004249           4        4488           0
   41.251    -0.0000661     0.0002915           4        4488           0
   41.420     0.0001694     0.0004654           4        4488           0
   41.589     0.0010000     0.0006002           4        4488           0
   41.759     0.0052060     0.0013940           4        4488           0
   41.928     0.0010518     0.0041287           4        4508           0
   42.097     0.0005282     0.0007946           4        4508           0
   42.267     0.0035059     0.0009839           4        4488           0
