wave flux error channelflag bitflag stitchflag
    5.127     0.0004298     0.0030380           1         392           0
    5.157     0.0012728     0.0018001           1         136           0
    5.187     0.0012512     0.0010371           1         136           0
    5.217     0.0013934     0.0006020           1         136           0
    5.247     0.0010115     0.0005717           1         136           0
    5.278     0.0009937     0.0006058           1         136           0
    5.308     0.0010088     0.0005880           1         136           0
    5.338     0.0009365     0.0005703           1         392           0
    5.368     0.0008512     0.0005591           1         392           0
    5.399     0.0008440     0.0005811           1       16776           0
    5.429     0.0008248     0.0005366           1       16796           0
    5.459     0.0009329     0.0004988           1       16796           0
    5.489     0.0010197     0.0004916           1         392           0
    5.520     0.0010461     0.0004967           1         392           0
    5.550     0.0012081     0.0005149           1         392           0
    5.580     0.0010320     0.0004569           1         392           0
    5.610     0.0010872     0.0005004           1         392           0
    5.641     0.0010248     0.0004690           1        8468           0
    5.671     0.0010571     0.0004022           1        8468           0
    5.701     0.0007645     0.0004332           1         392           0
    5.731     0.0008151     0.0004270           1         392           0
    5.762     0.0009715     0.0004633           1         412           0
    5.792     0.0009877     0.0004616           1         412           0
    5.822     0.0015487     0.0005245           1         392           0
    5.852     0.0016787     0.0005379           1         392           0
    5.883     0.0016965     0.0005457           1         392           0
    5.913     0.0015591     0.0004877           1         136           0
    5.943     0.0015194     0.0004765           1         136           0
    5.973     0.0015939     0.0005075           1         136           0
    6.004     0.0014366     0.0005253           1         136           0
    6.034     0.0011977     0.0004809           1         136           0
    6.064     0.0008665     0.0005067           1         392           0
    6.094     0.0008686     0.0005243           1         392           0
    6.125     0.0011926     0.0005191           1         392           0
    6.155     0.0014912     0.0005291           1         392           0
    6.185     0.0012557     0.0004989           1         392           0
    6.215     0.0010848     0.0005230           1         392           0
    6.245     0.0015410     0.0005091           1         392           0
    6.276     0.0018891     0.0005033           1         392           0
    6.306     0.0020118     0.0005036           1         392           0
    6.336     0.0023511     0.0005825           1         392           0
    6.366     0.0026716     0.0006138           1         392           0
    6.397     0.0026522     0.0006035           1         392           0
    6.427     0.0028960     0.0005722           1         392           0
    6.457     0.0020435     0.0005414           1         392           0
    6.487     0.0018443     0.0005599           1         392           0
    6.518     0.0018626     0.0005792           1         392           0
    6.548     0.0020888     0.0006548           1         392           0
    6.578     0.0021995     0.0007502           1         392           0
    6.608     0.0018511     0.0006218           1         392           0
    6.639     0.0020160     0.0006906           1         136           0
    6.669     0.0021895     0.0006649           1         136           0
    6.699     0.0030798     0.0006374           1         136           0
    6.729     0.0036203     0.0006307           1         136           0
    6.760     0.0030825     0.0006285           1         136           0
    6.790     0.0036033     0.0006984           1         392           0
    6.820     0.0037677     0.0006906           1         392           0
    6.850     0.0046783     0.0007244           1         392           0
    6.881     0.0068078     0.0006403           1         392           0
    6.911     0.0092102     0.0007694           1         392           0
    6.941     0.0105089     0.0007768           1         392           0
    6.971     0.0100533     0.0008275           1         392           0
    7.002     0.0088798     0.0009058           1         392           0
    7.032     0.0082395     0.0009439           1         392           0
    7.062     0.0067925     0.0008813           1         392           0
    7.092     0.0060387     0.0008125           1         392           0
    7.122     0.0054144     0.0007754           1         392           0
    7.153     0.0046609     0.0007922           1         392           0
    7.183     0.0046104     0.0007541           1         392           0
    7.213     0.0039761     0.0008171           1         392           0
    7.243     0.0041519     0.0008722           1         392           0
    7.274     0.0042241     0.0009084           1         392           0
    7.304     0.0035983     0.0008180           1         392           0
    7.334     0.0040750     0.0010683           1       53312           0
    7.395     0.0033475     0.0014182           1       18496           0
    7.455     0.0037840     0.0011873           1       18496           0
    7.516     0.0040211     0.0011983           1       53312           0
    7.576     0.0037388     0.0015641           1      153664           0
    7.637     0.0040777     0.0005975           1         392           0
    7.697     0.0047645     0.0006087           1         392           0
    7.758     0.0054047     0.0008383           1         392           0
    7.818     0.0058441     0.0006863           1         392           0
    7.879     0.0051338     0.0007403           1         392           0
    7.939     0.0050640     0.0007284           1         392           0
    8.000     0.0053059     0.0006878           1         392           0
    8.060     0.0058200     0.0006442           1         392           0
    8.120     0.0067389     0.0006010           1         392           0
    8.181     0.0072406     0.0005871           1         392           0
    8.241     0.0086479     0.0005488           1         392           0
    8.302     0.0103581     0.0005787           1         392           0
    8.362     0.0121585     0.0003304           2       16796           0
    8.423     0.0144479     0.0004130           2       16796           0
    8.483     0.0156922     0.0004215           2       16792           0
    8.544     0.0163381     0.0004330           2       16776           0
    8.604     0.0156295     0.0004814           2         392           0
    8.665     0.0157332     0.0003853           2         392           0
    8.725     0.0153801     0.0003726           2         392           0
    8.786     0.0141972     0.0003747           2         392           0
    8.846     0.0125250     0.0003296           2         392           0
    8.907     0.0114613     0.0003364           2         392           0
    8.967     0.0108507     0.0003620           2         392           0
    9.028     0.0092223     0.0004083           2         136           0
    9.088     0.0085357     0.0003942           2         136           0
    9.149     0.0079706     0.0004281           2         136           0
    9.209     0.0081186     0.0004156           2         136           0
    9.270     0.0084145     0.0003935           2         136           0
    9.330     0.0082753     0.0003953           2         136           0
    9.391     0.0084731     0.0004221           2         392           0
    9.451     0.0086906     0.0004376           2         392           0
    9.512     0.0093731     0.0003837           2         392           0
    9.572     0.0099576     0.0003923           2         392           0
    9.633     0.0100239     0.0003781           2         392           0
    9.693     0.0088289     0.0003437           2         392           0
    9.754     0.0081180     0.0001880           2       16796           0
    9.814     0.0075283     0.0002854           2       16796           0
    9.875     0.0053171     0.0002876           2         392           0
    9.935     0.0042874     0.0003249           2         392           0
    9.995     0.0038442     0.0002955           2         392           0
   10.056     0.0037083     0.0003310           2         392           0
   10.116     0.0035024     0.0003212           2         392           0
   10.177     0.0033251     0.0003277           2         392           0
   10.237     0.0033107     0.0003235           2         392           0
   10.298     0.0033575     0.0003191           2         392           0
   10.358     0.0031005     0.0003232           2         392           0
   10.419     0.0029272     0.0003212           2         392           0
   10.479     0.0029816     0.0003545           2         392           0
   10.540     0.0030261     0.0003449           2         392           0
   10.600     0.0028528     0.0003565           2         392           0
   10.661     0.0026626     0.0003427           2         392           0
   10.721     0.0029905     0.0003410           2         392           0
   10.782     0.0033362     0.0003480           2         392           0
   10.842     0.0032144     0.0003629           2         392           0
   10.903     0.0026023     0.0003986           2         392           0
   10.963     0.0028230     0.0004018           2         392           0
   11.024     0.0026616     0.0004068           2         392           0
   11.084     0.0022990     0.0004198           2         392           0
   11.145     0.0028074     0.0003972           2         392           0
   11.205     0.0027506     0.0003965           2         392           0
   11.266     0.0026413     0.0004156           2         392           0
   11.326     0.0026899     0.0004205           2         392           0
   11.387     0.0028236     0.0003930           2         412           0
   11.447     0.0025501     0.0004275           2         412           0
   11.508     0.0027489     0.0004561           2         392           0
   11.568     0.0026952     0.0004653           2         392           0
   11.628     0.0024252     0.0004406           2         392           0
   11.689     0.0029372     0.0004849           2         392           0
   11.750     0.0034043     0.0004765           2         392           0
   11.810     0.0041295     0.0004511           2         392           0
   11.870     0.0043699     0.0004051           2         392           0
   11.931     0.0040763     0.0004496           2         392           0
   11.991     0.0041259     0.0004685           2         392           0
   12.052     0.0040519     0.0004637           2         392           0
   12.112     0.0041260     0.0004472           2         392           0
   12.173     0.0045914     0.0004626           2         392           0
   12.233     0.0052341     0.0004825           2         392           0
   12.294     0.0065970     0.0004780           2         392           0
   12.354     0.0074085     0.0004896           2         392           0
   12.415     0.0115622     0.0004246           2         392           0
   12.475     0.0125983     0.0004207           2         392           0
   12.536     0.0205756     0.0003464           2         392           0
   12.596     0.0213600     0.0003963           2         392           0
   12.657     0.0183286     0.0003136           2         392           0
   12.717     0.0149262     0.0003857           2         392           0
   12.778     0.0120740     0.0004733           2         392           0
   12.838     0.0099055     0.0004901           2         392           0
   12.899     0.0092663     0.0004262           2         392           0
   12.959     0.0081574     0.0005283           2         392           0
   13.020     0.0071722     0.0005035           2         392           0
   13.080     0.0070841     0.0005376           2         392           0
   13.141     0.0071000     0.0005430           2         392           0
   13.201     0.0069857     0.0005840           2         392           0
   13.262     0.0077597     0.0005639           2         392           0
   13.322     0.0080539     0.0005979           2         392           0
   13.383     0.0084458     0.0006054           2         392           0
   13.443     0.0081163     0.0006117           2         392           0
   13.503     0.0077606     0.0006059           2         392           0
   13.564     0.0079834     0.0006394           2         392           0
   13.625     0.0077053     0.0005832           2         392           0
   13.685     0.0084381     0.0006377           2         392           0
   13.745     0.0092172     0.0006678           2         392           0
   13.806     0.0094358     0.0006746           2         392           0
   13.866     0.0097610     0.0007011           2         392           0
   13.927     0.0103941     0.0006846           2         392           0
   13.987     0.0107426     0.0007356           2         392           0
   14.069     0.0145653     0.0007864           3        4360           0
   14.154     0.0155790     0.0005919           3        4360           0
   14.239     0.0196600     0.0007361           3        4360           0
   14.323     0.0212783     0.0005644           3        4360           0
   14.408     0.0131681     0.0004144           3        4360           0
   14.493     0.0098310     0.0003833           3        4360           0
   14.577     0.0077732     0.0005007           3        4360           0
   14.662     0.0080034     0.0005873           3        4360           0
   14.747     0.0076225     0.0007091           3        4360           0
   14.832     0.0073176     0.0006079           3        4360           0
   14.916     0.0077609     0.0007386           3        4360           0
   15.001     0.0082560     0.0004967           3        4360           0
   15.085     0.0070978     0.0006291           3        4360           0
   15.170     0.0073380     0.0006628           3        4360           0
   15.255     0.0068671     0.0006919           3        4360           0
   15.340     0.0073660     0.0005995           3        4360           0
   15.424     0.0069903     0.0012918           3        4360           0
   15.509     0.0055850     0.0005195           3        4360           0
   15.594     0.0055641     0.0005124           3        4360           0
   15.678     0.0059571     0.0005176           3        4360           0
   15.763     0.0065726     0.0004337           3        4360           0
   15.848     0.0066452     0.0005570           3        4360           0
   15.932     0.0064755     0.0009058           3        4360           0
   16.017     0.0064482     0.0007753           3        4360           0
   16.102     0.0070161     0.0006430           3        4360           0
   16.186     0.0052973     0.0007956           3        4360           0
   16.271     0.0058538     0.0007768           3        4360           0
   16.356     0.0058827     0.0008848           3        4360           0
   16.440     0.0056974     0.0007841           3        4360           0
   16.525     0.0053590     0.0006364           3        4360           0
   16.610     0.0061121     0.0005381           3        4360           0
   16.694     0.0060326     0.0006077           3        4360           0
   16.779     0.0057607     0.0006009           3        4360           0
   16.864     0.0051012     0.0008607           3        4360           0
   16.948     0.0053006     0.0009452           3        4360           0
   17.033     0.0054554     0.0006720           3        4360           0
   17.118     0.0047765     0.0012724           3        4360           0
   17.202     0.0047861     0.0056480           3        4360           0
   17.287     0.0062795     0.0009933           3        4360           0
   17.372     0.0070058     0.0006790           3        4360           0
   17.456     0.0067213     0.0041489           3        4360           0
   17.541     0.0067403     0.0017663           3        4360           0
   17.626     0.0063123     0.0007162           3        4360           0
   17.711     0.0068661     0.0006551           3        4360           0
   17.795     0.0068505     0.0006739           3        4360           0
   17.880     0.0072781     0.0008049           3        4360           0
   17.965     0.0083927     0.0010178           3        4360           0
   18.049     0.0081926     0.0008186           3        4360           0
   18.134     0.0083930     0.0009265           3        4360           0
   18.219     0.0100972     0.0012527           3        4360           0
   18.303     0.0100174     0.0009477           3        4360           0
   18.388     0.0129455     0.0008619           3        4360           0
   18.472     0.0118080     0.0009763           3        4360           0
   18.557     0.0105829     0.0029888           3        4360           0
   18.642     0.0101976     0.0016678           3        4360           0
   18.727     0.0105712     0.0008593           3        4360           0
   18.811     0.0105353     0.0008717           3        4360           0
   18.896     0.0119233     0.0011628           3        4360           0
   18.981     0.0147443     0.0014406           3        4360           0
   19.065     0.0156072     0.0008411           3        4360           0
   19.150     0.0132799     0.0009315           3        4360           0
   19.235     0.0079314     0.0013198           3    19009600           0
   19.404     0.0113191     0.0025193           3    19009600           0
   19.573     0.0078434     0.0018401           3    19009600           0
   19.743     0.0092048     0.0024788           3    19009600           0
   19.912     0.0084052     0.0017299           3    19009600           0
   20.081     0.0075773     0.0046842           3        4360           0
   20.251     0.0076160     0.0026824           3        4360           0
   20.420     0.0079348     0.0017903           3        4360           0
   20.590     0.0080403     0.0020727           3        4360           0
   20.759     0.0091835     0.0036961           3        4360           0
   20.928     0.0108065     0.0021521           3        4360           0
   21.097     0.0088539     0.0008863           4        4360           0
   21.267     0.0067635     0.0009910           4        4360           0
   21.436     0.0082177     0.0012226           4        4360           0
   21.606     0.0092317     0.0012602           4        4360           0
   21.775     0.0087579     0.0010523           4        4360           0
   21.944     0.0106037     0.0010672           4        4360           0
   22.114     0.0092651     0.0008964           4        4360           0
   22.283     0.0090405     0.0009312           4        4360           0
   22.452     0.0087185     0.0008345           4        4360           0
   22.622     0.0090251     0.0078186           4        4360           0
   22.791     0.0092348     0.0018343           4        4360           0
   22.960     0.0089834     0.0006757           4        4360           0
   23.130     0.0082050     0.0007673           4        4360           0
   23.299     0.0097879     0.0007886           4        4360           0
   23.469     0.0107898     0.0007598           4        4360           0
   23.638     0.0110614     0.0008164           4        4360           0
   23.807     0.0103733     0.0005678           4        4360           0
   23.976     0.0103467     0.0006853           4        4360           0
   24.146     0.0104019     0.0007341           4        4360           0
   24.315     0.0114123     0.0006620           4        4360           0
   24.485     0.0107874     0.0009170           4        4360           0
   24.654     0.0116074     0.0008382           4        4360           0
   24.823     0.0114377     0.0009161           4        4360           0
   24.993     0.0129965     0.0010502           4        4360           0
   25.162     0.0128096     0.0010488           4        4360           0
   25.331     0.0126452     0.0008540           4        4360           0
   25.501     0.0119097     0.0009136           4        4360           0
   25.670     0.0138582     0.0010084           4        4360           0
   25.839     0.0132138     0.0035559           4        4360           0
   26.009     0.0133444     0.0011940           4        4360           0
   26.178     0.0143434     0.0007970           4        4360           0
   26.347     0.0143353     0.0007091           4        4360           0
   26.517     0.0145609     0.0007245           4        4360           0
   26.686     0.0154177     0.0008005           4        4360           0
   26.856     0.0155861     0.0006721           4        4360           0
   27.025     0.0151294     0.0007661           4        4360           0
   27.194     0.0151214     0.0007052           4        4360           0
   27.364     0.0151303     0.0005179           4        4360           0
   27.533     0.0151983     0.0007452           4        4360           0
   27.702     0.0158152     0.0007722           4        4360           0
   27.872     0.0157042     0.0009788           4        4360           0
   28.041     0.0171595     0.0009618           4        4360           0
   28.210     0.0182910     0.0009376           4        4360           0
   28.380     0.0176072     0.0009883           4        4360           0
   28.549     0.0173686     0.0009937           4        4360           0
   28.719     0.0198951     0.0011094           4        4360           0
   28.888     0.0196953     0.0008838           4        4360           0
   29.057     0.0195688     0.0012281           4        4360           0
   29.226     0.0185173     0.0038894           4        4360           0
   29.396     0.0236722     0.0026985           4        4360           0
   29.565     0.0263522     0.0006906           4        4360           0
   29.735     0.0220163     0.0007723           4        4360           0
   29.904     0.0214643     0.0011753           4        4360           0
   30.073     0.0212237     0.0007893           4        4360           0
   30.243     0.0201685     0.0033435           4        4360           0
   30.412     0.0227127     0.0091943           4        4360           0
   30.581     0.0204697     0.0068675           4        4360           0
   30.751     0.0222956     0.0014140           4        4360           0
   30.920     0.0215343     0.0012754           4        4360           0
   31.089     0.0214028     0.0012415           4        4360           0
   31.259     0.0204451     0.0012042           4        4360           0
   31.428     0.0236032     0.0009054           4        4360           0
   31.597     0.0248461     0.0009541           4        4360           0
   31.767     0.0246308     0.0010516           4        4360           0
   31.936     0.0247430     0.0011530           4        4360           0
   32.105     0.0251670     0.0013126           4        4360           0
   32.275     0.0252813     0.0015717           4        4360           0
   32.444     0.0235325     0.0020529           4        4360           0
   32.614     0.0257563     0.0034457           4        4360           0
   32.783     0.0271757     0.0018346           4        4360           0
   32.952     0.0264191     0.0018633           4        4360           0
   33.122     0.0279550     0.0024523           4        4360           0
   33.291     0.0265740     0.0027377           4        4360           0
   33.460     0.0285330     0.0019520           4        4360           0
   33.630     0.0279657     0.0017855           4        4360           0
   33.799     0.0272906     0.0024390           4        4360           0
   33.968     0.0273057     0.0042063           4        4360           0
   34.138     0.0285597     0.0034904           4        4360           0
   34.307     0.0285013     0.0038214           4        4360           0
   34.477     0.0278765     0.0028253           4        4360           0
   34.646     0.0286217     0.0026997           4        4360           0
   34.815     0.0317289     0.0056171           4        4360           0
   34.985     0.0291711     0.0282236           4        4360           0
   35.154     0.0296390     0.0082865           4        4360           0
   35.323     0.0285941     0.0068095           4        4360           0
   35.493     0.0249372     0.0075280           4        4360           0
   35.662     0.0223304     0.0041813           4        4360           0
   35.831     0.0292024     0.0037598           4        4360           0
   36.001     0.0331427     0.0038625           4        4360           0
   36.170     0.0337168     0.0048064           4        4360           0
   36.339     0.0331189     0.0073547           4        4360           0
   36.509     0.0340520     0.0058191           4        4360           0
   36.678     0.0444942     0.0043156           4        4360           0
   36.847     0.0417638     0.0062891           4        4360           0
   37.017     0.0375127     0.0059440           4        4360           0
   37.186     0.0422377     0.0075380           4        4360           0
   37.355     0.0399121     0.0069348           4        4360           0
   37.525     0.0421140     0.0059521           4        4360           0
   37.694     0.0433255     0.0083935           4        4360           0
   37.864     0.0379058     0.0093859           4        4360           0
   38.033     0.0473061     0.0139332           4        4360           0
   38.202     0.0492423     0.0145449           4        4360           0
   38.372     0.0378113     0.0188377           4        4360           0
   38.541     0.0295227     0.0535329           4        4360           0
   38.710     0.0531215     0.0224148           4        4360           0
   38.880     0.0792999     0.0225513           4        4360           0
   39.049     0.0470481     0.1526547           4        4360           0
   39.218     0.0454374     0.0521886           4        4360           0
   39.388     0.0401115     0.0179909           4        4360           0
   39.557     0.0284127     0.0181475           4        4360           0
   39.727     0.0198809     0.0278843           4        4360           0
   39.896    -0.0001097     0.0314700           4        4488           0
   40.065     0.0048537     0.0114654           4        4488           0
   40.235     0.0067538     0.0059892           4        4488           0
   40.404     0.0047183     0.0024967           4        4488           0
   40.573     0.0067684     0.0016496           4        4488           0
   40.743     0.0039304     0.0009745           4        4508           0
   40.912    -0.0012325     0.0005625           4        4488           0
   41.081    -0.0001990     0.0002131           4        4488           0
   41.251     0.0002191     0.0008143           4        4488           0
   41.420     0.0003040     0.0003984           4        4488           0
   41.589     0.0006287     0.0005922           4        4488           0
   41.759     0.0013024     0.0009174           4        4488           0
   41.928     0.0034938     0.0031601           4        4508           0
   42.097     0.0008475     0.0006783           4        4508           0
   42.267     0.0044265     0.0007021           4        4488           0
