wave flux error channelflag bitflag stitchflag
    5.127     0.0002419     0.0039523           1         392           0
    5.157    -0.0011722     0.0025953           1         136           0
    5.187    -0.0003485     0.0011061           1         136           0
    5.217    -0.0000822     0.0007338           1         136           0
    5.247    -0.0000514     0.0007315           1         136           0
    5.278    -0.0001841     0.0007196           1         136           0
    5.308    -0.0001584     0.0006941           1         136           0
    5.338    -0.0003772     0.0006668           1         392           0
    5.368     0.0000842     0.0006519           1         392           0
    5.399     0.0002676     0.0006697           1       16776           0
    5.429    -0.0003335     0.0006851           1       16796           0
    5.459    -0.0003105     0.0006492           1       16796           0
    5.489    -0.0001269     0.0005646           1         392           0
    5.520    -0.0000810     0.0005813           1         392           0
    5.550     0.0003876     0.0006551           1         392           0
    5.580     0.0002329     0.0006155           1         392           0
    5.610     0.0002989     0.0005448           1         392           0
    5.641     0.0008285     0.0005620           1        8468           0
    5.671     0.0013444     0.0004050           1        8468           0
    5.701     0.0007754     0.0006063           1         392           0
    5.731     0.0006840     0.0005580           1         392           0
    5.762     0.0005626     0.0005796           1         412           0
    5.792     0.0010353     0.0005726           1         412           0
    5.822     0.0006329     0.0006374           1         392           0
    5.852     0.0003177     0.0007047           1         392           0
    5.883     0.0004539     0.0006950           1         392           0
    5.913     0.0000682     0.0006736           1         136           0
    5.943     0.0002769     0.0005809           1         136           0
    5.973     0.0004446     0.0006504           1         136           0
    6.004     0.0005901     0.0006584           1         136           0
    6.034     0.0004414     0.0005846           1         136           0
    6.064     0.0008663     0.0005969           1         392           0
    6.094     0.0005653     0.0006880           1         392           0
    6.125     0.0003900     0.0006480           1         392           0
    6.155     0.0002067     0.0006491           1         392           0
    6.185     0.0001112     0.0006774           1         392           0
    6.215     0.0002490     0.0006763           1         392           0
    6.245    -0.0000085     0.0005814           1         392           0
    6.276    -0.0001265     0.0006197           1         392           0
    6.306    -0.0001129     0.0006462           1         392           0
    6.336    -0.0002438     0.0006812           1         392           0
    6.366     0.0000569     0.0007253           1         392           0
    6.397     0.0006211     0.0007308           1         392           0
    6.427     0.0012918     0.0006768           1         392           0
    6.457     0.0010978     0.0006891           1         392           0
    6.487     0.0011983     0.0007173           1         392           0
    6.518     0.0012947     0.0006685           1         392           0
    6.548     0.0009276     0.0007665           1         392           0
    6.578     0.0018966     0.0008544           1         392           0
    6.608     0.0027838     0.0009303           1         392           0
    6.639     0.0037193     0.0008315           1         136           0
    6.669     0.0044851     0.0008261           1         136           0
    6.699     0.0041642     0.0007879           1         136           0
    6.729     0.0051319     0.0005587           1         136           0
    6.760     0.0036505     0.0009178           1         136           0
    6.790     0.0029159     0.0008786           1         392           0
    6.820     0.0026025     0.0007861           1         392           0
    6.850     0.0021228     0.0009402           1         392           0
    6.881     0.0014799     0.0009483           1         392           0
    6.911     0.0013241     0.0009606           1         392           0
    6.941     0.0018132     0.0010586           1         392           0
    6.971     0.0021343     0.0011033           1         392           0
    7.002     0.0016587     0.0012193           1         392           0
    7.032     0.0015677     0.0010931           1         392           0
    7.062     0.0009990     0.0009951           1         392           0
    7.092     0.0015248     0.0010276           1         392           0
    7.122     0.0011769     0.0008115           1         392           0
    7.153     0.0012825     0.0009510           1         392           0
    7.183     0.0014118     0.0010959           1         392           0
    7.213     0.0019423     0.0009969           1         392           0
    7.243     0.0018178     0.0011063           1         392           0
    7.274     0.0017261     0.0011198           1         392           0
    7.304     0.0015382     0.0011503           1         392           0
    7.334     0.0029892     0.0015998           1       53312           0
    7.395     0.0004596     0.0016820           1       18496           0
    7.455     0.0017784     0.0014354           1       18496           0
    7.516     0.0018813     0.0013780           1       53312           0
    7.576     0.0013981     0.0019017           1      153664           0
    7.637     0.0011532     0.0007433           1         392           0
    7.697     0.0008270     0.0007172           1         392           0
    7.758     0.0015350     0.0008599           1         392           0
    7.818     0.0022355     0.0009348           1         392           0
    7.879     0.0027668     0.0008669           1         392           0
    7.939     0.0037127     0.0008135           1         392           0
    8.000     0.0038868     0.0008331           1         392           0
    8.060     0.0048508     0.0007841           1         392           0
    8.120     0.0060479     0.0007080           1         392           0
    8.181     0.0065046     0.0006414           1         392           0
    8.241     0.0060389     0.0007413           1         392           0
    8.302     0.0063353     0.0007281           1         392           0
    8.362     0.0067341     0.0004919           2       16796           0
    8.423     0.0062952     0.0005203           2       16796           0
    8.483     0.0058127     0.0005322           2       16792           0
    8.544     0.0055570     0.0005194           2       16776           0
    8.604     0.0051134     0.0005656           2         392           0
    8.665     0.0040316     0.0004275           2         392           0
    8.725     0.0034003     0.0004333           2         392           0
    8.786     0.0032334     0.0004609           2         392           0
    8.846     0.0031522     0.0004549           2         392           0
    8.907     0.0032791     0.0004565           2         392           0
    8.967     0.0031979     0.0003751           2         392           0
    9.028     0.0032939     0.0004750           2         136           0
    9.088     0.0035087     0.0004774           2         136           0
    9.149     0.0041981     0.0004917           2         136           0
    9.209     0.0042771     0.0004450           2         136           0
    9.270     0.0042893     0.0004664           2         136           0
    9.330     0.0041163     0.0004299           2         136           0
    9.391     0.0032452     0.0004513           2         392           0
    9.451     0.0027919     0.0004724           2         392           0
    9.512     0.0021601     0.0004364           2         392           0
    9.572     0.0017335     0.0004261           2         392           0
    9.633     0.0014782     0.0004488           2         392           0
    9.693     0.0017503     0.0003681           2         392           0
    9.754     0.0019796     0.0004693           2       16796           0
    9.814     0.0020380     0.0003856           2       16796           0
    9.875     0.0012773     0.0003969           2         392           0
    9.935     0.0014752     0.0004324           2         392           0
    9.995     0.0018479     0.0003283           2         392           0
   10.056     0.0014410     0.0003706           2         392           0
   10.116     0.0014179     0.0003775           2         392           0
   10.177     0.0013485     0.0003644           2         392           0
   10.237     0.0011966     0.0003607           2         392           0
   10.298     0.0012097     0.0004096           2         392           0
   10.358     0.0016345     0.0004282           2         392           0
   10.419     0.0013179     0.0004347           2         392           0
   10.479     0.0010347     0.0004517           2         392           0
   10.540     0.0012576     0.0004441           2         392           0
   10.600     0.0014590     0.0003367           2         392           0
   10.661     0.0017633     0.0002652           2         392           0
   10.721     0.0011165     0.0004208           2         392           0
   10.782     0.0009070     0.0004587           2         392           0
   10.842     0.0012790     0.0004119           2         392           0
   10.903     0.0013052     0.0004691           2         392           0
   10.963     0.0011159     0.0004689           2         392           0
   11.024     0.0014728     0.0004303           2         392           0
   11.084     0.0013851     0.0004551           2         392           0
   11.145     0.0011799     0.0004504           2         392           0
   11.205     0.0007806     0.0004769           2         392           0
   11.266     0.0012181     0.0004866           2         392           0
   11.326     0.0009590     0.0004877           2         392           0
   11.387     0.0011569     0.0004905           2         412           0
   11.447     0.0013477     0.0004773           2         412           0
   11.508     0.0014841     0.0004686           2         392           0
   11.568     0.0022497     0.0004537           2         392           0
   11.628     0.0024115     0.0005660           2         392           0
   11.689     0.0023251     0.0005907           2         392           0
   11.750     0.0030537     0.0006376           2         392           0
   11.810     0.0025284     0.0005626           2         392           0
   11.870     0.0037627     0.0004622           2         392           0
   11.931     0.0038366     0.0005616           2         392           0
   11.991     0.0065950     0.0004463           2         392           0
   12.052     0.0086957     0.0004990           2         392           0
   12.112     0.0090110     0.0005521           2         392           0
   12.173     0.0080133     0.0005874           2         392           0
   12.233     0.0065003     0.0005618           2         392           0
   12.294     0.0056852     0.0005697           2         392           0
   12.354     0.0047108     0.0006434           2         392           0
   12.415     0.0034613     0.0005775           2         392           0
   12.475     0.0031121     0.0005552           2         392           0
   12.536     0.0029229     0.0005963           2         392           0
   12.596     0.0031971     0.0006998           2         392           0
   12.657     0.0031628     0.0005305           2         392           0
   12.717     0.0030795     0.0005074           2         392           0
   12.778     0.0031052     0.0005444           2         392           0
   12.838     0.0041694     0.0005005           2         392           0
   12.899     0.0042535     0.0005554           2         392           0
   12.959     0.0043618     0.0005669           2         392           0
   13.020     0.0040683     0.0006224           2         392           0
   13.080     0.0032179     0.0006360           2         392           0
   13.141     0.0033759     0.0006409           2         392           0
   13.201     0.0041540     0.0005699           2         392           0
   13.262     0.0039493     0.0006380           2         392           0
   13.322     0.0041159     0.0006781           2         392           0
   13.383     0.0049866     0.0006873           2         392           0
   13.443     0.0052679     0.0006619           2         392           0
   13.503     0.0054166     0.0007547           2         392           0
   13.564     0.0054532     0.0007188           2         392           0
   13.625     0.0064911     0.0005988           2         392           0
   13.685     0.0062749     0.0007215           2         392           0
   13.745     0.0079718     0.0007611           2         392           0
   13.806     0.0072222     0.0007823           2         392           0
   13.866     0.0048808     0.0007485           2         392           0
   13.927     0.0030493     0.0008273           2         392           0
   13.987     0.0040795     0.0008291           2         392           0
   14.048     0.0037966     0.0008831           2         392           0
   14.108     0.0041936     0.0009267           2         392           0
   14.169     0.0030389     0.0009201           2         392           0
   14.239     0.0030184     0.0036530           3        4360           0
   14.323     0.0033106     0.0017659           3        4360           0
   14.408     0.0029827     0.0007943           3        4360           0
   14.493     0.0028442     0.0007407           3        4360           0
   14.577     0.0033469     0.0013855           3        4360           0
   14.662     0.0036142     0.0024872           3        4360           0
   14.747     0.0032887     0.0006109           3        4360           0
   14.832     0.0030536     0.0004981           3        4360           0
   14.916     0.0022234     0.0007777           3        4360           0
   15.001     0.0025812     0.0011442           3        4360           0
   15.085     0.0028911     0.0005432           3        4360           0
   15.170     0.0025837     0.0007793           3        4360           0
   15.255     0.0027212     0.0007328           3        4360           0
   15.340     0.0029392     0.0007230           3        4360           0
   15.424     0.0026600     0.0010123           3        4360           0
   15.509     0.0030394     0.0007343           3        4360           0
   15.594     0.0024734     0.0005944           3        4360           0
   15.678     0.0020180     0.0005598           3        4360           0
   15.763     0.0029211     0.0005519           3        4360           0
   15.848     0.0042409     0.0004749           3        4360           0
   15.932     0.0025299     0.0007573           3        4360           0
   16.017     0.0036533     0.0008209           3        4360           0
   16.102     0.0027616     0.0009394           3        4360           0
   16.186     0.0049787     0.0010053           3        4360           0
   16.271     0.0040919     0.0007592           3        4360           0
   16.356     0.0030893     0.0008218           3        4360           0
   16.440     0.0033095     0.0008179           3        4360           0
   16.525     0.0027592     0.0007166           3        4360           0
   16.610     0.0034603     0.0006152           3        4360           0
   16.694     0.0039598     0.0006235           3        4360           0
   16.779     0.0032090     0.0007014           3        4360           0
   16.864     0.0028285     0.0008478           3        4360           0
   16.948     0.0036699     0.0012422           3        4360           0
   17.033     0.0042917     0.0005149           3        4360           0
   17.118     0.0031919     0.0016786           3        4360           0
   17.202     0.0029503     0.0011267           3        4360           0
   17.287     0.0052371     0.0027659           3        4360           0
   17.372     0.0043835     0.0014698           3        4360           0
   17.456     0.0048605     0.0009205           3        4360           0
   17.541     0.0050826     0.0008078           3        4360           0
   17.626     0.0046383     0.0006802           3        4360           0
   17.711     0.0049688     0.0048052           3        4360           0
   17.795     0.0060608     0.0044975           3        4360           0
   17.880     0.0061075     0.0011439           3        4360           0
   17.965     0.0059924     0.0010142           3        4360           0
   18.049     0.0062783     0.0021978           3        4360           0
   18.134     0.0041692     0.0051365           3        4360           0
   18.219     0.0056523     0.0013247           3        4360           0
   18.303     0.0045087     0.0012493           3        4360           0
   18.388     0.0039280     0.0005650           3        4360           0
   18.472     0.0049131     0.0035379           3        4360           0
   18.557     0.0066075     0.0017320           3        4360           0
   18.642     0.0071893     0.0052112           3        4360           0
   18.727     0.0076210     0.0024019           3        4360           0
   18.811     0.0068136     0.0009280           3        4360           0
   18.896     0.0063944     0.0039116           3        4360           0
   18.981     0.0061536     0.0044483           3        4360           0
   19.065     0.0051482     0.0007073           3        4360           0
   19.150     0.0066687     0.0008022           3        4360           0
   19.235     0.0023375     0.0013882           3    19009600           0
   19.404     0.0039248     0.0090674           3    19009600           0
   19.573     0.0042504     0.0021414           3    19009600           0
   19.743     0.0038771     0.0017215           3    19009600           0
   19.912     0.0048856     0.0019011           3    19009600           0
   20.081     0.0044805     0.0066692           3        4360           0
   20.251     0.0066581     0.0052386           3        4360           0
   20.420     0.0050785     0.0048388           3        4360           0
   20.590     0.0040139     0.0030069           3        4360           0
   20.759     0.0054531     0.0038458           3        4360           0
   20.928     0.0055271     0.0044530           3        4360           0
   21.097     0.0047859     0.0016703           4        4360           0
   21.267     0.0047305     0.0043029           4        4360           0
   21.436     0.0052656     0.0011973           4        4360           0
   21.606     0.0050460     0.0019174           4        4360           0
   21.775     0.0059457     0.0075183           4        4360           0
   21.944     0.0022216     0.0257907           4        4360           0
   22.114     0.0057593     0.0015348           4        4360           0
   22.283     0.0062965     0.0008405           4        4360           0
   22.452     0.0060860     0.0022110           4        4360           0
   22.622     0.0063543     0.0012900           4        4360           0
   22.791     0.0068511     0.0009964           4        4360           0
   22.960     0.0078371     0.0007627           4        4360           0
   23.130     0.0066849     0.0012182           4        4360           0
   23.299     0.0064553     0.0010166           4        4360           0
   23.469     0.0058147     0.0009243           4        4360           0
   23.638     0.0070075     0.0009457           4        4360           0
   23.807     0.0074309     0.0007367           4        4360           0
   23.976     0.0083148     0.0007148           4        4360           0
   24.146     0.0090465     0.0008285           4        4360           0
   24.315     0.0081063     0.0008338           4        4360           0
   24.485     0.0091600     0.0010022           4        4360           0
   24.654     0.0095286     0.0008543           4        4360           0
   24.823     0.0090772     0.0008813           4        4360           0
   24.993     0.0090324     0.0017617           4        4360           0
   25.162     0.0096248     0.0090726           4        4360           0
   25.331     0.0098396     0.0019297           4        4360           0
   25.501     0.0103336     0.0013030           4        4360           0
   25.670     0.0107503     0.0008288           4        4360           0
   25.839     0.0103155     0.0035794           4        4360           0
   26.009     0.0114610     0.0014775           4        4360           0
   26.178     0.0116288     0.0011877           4        4360           0
   26.347     0.0112864     0.0047113           4        4360           0
   26.517     0.0112036     0.0040230           4        4360           0
   26.686     0.0111339     0.0018195           4        4360           0
   26.856     0.0126706     0.0006022           4        4360           0
   27.025     0.0118710     0.0005720           4        4360           0
   27.194     0.0108229     0.0031118           4        4360           0
   27.364     0.0126017     0.0051257           4        4360           0
   27.533     0.0131922     0.0016339           4        4360           0
   27.702     0.0119412     0.0041315           4        4360           0
   27.872     0.0144375     0.0015371           4        4360           0
   28.041     0.0144979     0.0014834           4        4360           0
   28.210     0.0137644     0.0019167           4        4360           0
   28.380     0.0143728     0.0110027           4        4360           0
   28.549     0.0129443     0.0014558           4        4360           0
   28.719     0.0135470     0.0014581           4        4360           0
   28.888     0.0142567     0.0010322           4        4360           0
   29.057     0.0153309     0.0009540           4        4360           0
   29.226     0.0141936     0.0012236           4        4360           0
   29.396     0.0137507     0.0014727           4        4360           0
   29.565     0.0154661     0.0038850           4        4360           0
   29.735     0.0163429     0.0064129           4        4360           0
   29.904     0.0160310     0.0067068           4        4360           0
   30.073     0.0161339     0.0020357           4        4360           0
   30.243     0.0158291     0.0013668           4        4360           0
   30.412     0.0174517     0.0043576           4        4360           0
   30.581     0.0167724     0.0220874           4        4360           0
   30.751     0.0187408     0.0023301           4        4360           0
   30.920     0.0164717     0.0059764           4        4360           0
   31.089     0.0194010     0.0016760           4        4360           0
   31.259     0.0158258     0.0014099           4        4360           0
   31.428     0.0173317     0.0010696           4        4360           0
   31.597     0.0188332     0.0020030           4        4360           0
   31.767     0.0237880     0.0016816           4        4360           0
   31.936     0.0249060     0.0007140           4        4360           0
   32.105     0.0209603     0.0028200           4        4360           0
   32.275     0.0190937     0.0067683           4        4360           0
   32.444     0.0196106     0.0018940           4        4360           0
   32.614     0.0185528     0.0018481           4        4360           0
   32.783     0.0201853     0.0015748           4        4360           0
   32.952     0.0228890     0.0079246           4        4360           0
   33.122     0.0233947     0.0025577           4        4360           0
   33.291     0.0218237     0.0020605           4        4360           0
   33.460     0.0240752     0.0020432           4        4360           0
   33.630     0.0227671     0.0023680           4        4360           0
   33.799     0.0240129     0.0018418           4        4360           0
   33.968     0.0248231     0.0022762           4        4360           0
   34.138     0.0233140     0.0012290           4        4360           0
   34.307     0.0268600     0.0012840           4        4360           0
   34.477     0.0277984     0.0025400           4        4360           0
   34.646     0.0264021     0.0039614           4        4360           0
   34.815     0.0256627     0.0041315           4        4360           0
   34.985     0.0271463     0.0042252           4        4360           0
   35.154     0.0228009     0.0051389           4        4360           0
   35.323     0.0348548     0.0087809           4        4360           0
   35.493     0.0241265     0.0044704           4        4360           0
   35.662     0.0299028     0.0119402           4        4360           0
   35.831     0.0320045     0.0068770           4        4360           0
   36.001     0.0326608     0.0042052           4        4360           0
   36.170     0.0340803     0.0064758           4        4360           0
   36.339     0.0249445     0.0089679           4        4360           0
   36.509     0.0366522     0.0055465           4        4360           0
   36.678     0.0213206     0.0055079           4        4360           0
   36.847     0.0324870     0.0067191           4        4360           0
   37.017     0.0321758     0.0052569           4        4360           0
   37.186     0.0273294     0.0083104           4        4360           0
   37.355     0.0319064     0.0072818           4        4360           0
   37.525     0.0376147     0.0070232           4        4360           0
   37.694     0.0208624     0.0073381           4        4360           0
   37.864     0.0295704     0.0113171           4        4360           0
   38.033     0.0303659     0.0323775           4        4360           0
   38.202     0.0289508     0.0508232           4        4360           0
   38.372     0.0269389     0.0190995           4        4360           0
   38.541     0.0365399     0.0465719           4        4360           0
   38.710    -0.0067298     0.0447400           4        4360           0
   38.880    -0.0143279     0.0569678           4        4360           0
   39.049    -0.0172041     0.5955167           4        4360           0
   39.218    -0.0306340     0.2828305           4        4360           0
   39.388    -0.0185757     0.0392294           4        4360           0
   39.557    -0.1163810     0.1195558           4        4360           0
   39.727    -0.1204578     0.1418836           4        4360           0
   39.896    -0.0124285     0.0392976           4        4488           0
   40.065    -0.0000790     0.0181025           4        4488           0
   40.235    -0.0023936     0.0076321           4        4488           0
   40.404     0.0002532     0.0038020           4        4488           0
   40.573     0.0022710     0.0017083           4        4488           0
   40.743     0.0009300     0.0007787           4        4508           0
   40.912     0.0000732     0.0003770           4        4488           0
   41.081    -0.0000384     0.0001700           4        4488           0
   41.251    -0.0001296     0.0001737           4        4488           0
   41.420     0.0000097     0.0003865           4        4488           0
   41.589    -0.0001426     0.0005424           4        4488           0
   41.759     0.0002158     0.0004483           4        4488           0
   41.928    -0.0004427     0.0016238           4        4508           0
   42.097    -0.0002725     0.0007372           4        4508           0
   42.267     0.0007625     0.0025217           4        4488           0
