wave flux error channelflag bitflag stitchflag
    5.127    -0.0000551     0.0034982           1         392           0
    5.157    -0.0008017     0.0023263           1         136           0
    5.187    -0.0000639     0.0009620           1         136           0
    5.217    -0.0000346     0.0005602           1         136           0
    5.247     0.0001419     0.0005526           1         136           0
    5.278     0.0000501     0.0006442           1         136           0
    5.308     0.0000231     0.0006366           1         136           0
    5.338     0.0000910     0.0005671           1         392           0
    5.368     0.0002149     0.0006533           1         392           0
    5.399     0.0001981     0.0006397           1       16776           0
    5.429     0.0000288     0.0005741           1       16796           0
    5.459     0.0002710     0.0006167           1       16796           0
    5.489     0.0000287     0.0004777           1         392           0
    5.520    -0.0000410     0.0004944           1         392           0
    5.550    -0.0000751     0.0005137           1         392           0
    5.580     0.0003137     0.0005438           1         392           0
    5.610     0.0003084     0.0005495           1         392           0
    5.641     0.0003673     0.0004168           1        8468           0
    5.671     0.0001105     0.0004156           1        8468           0
    5.701     0.0003008     0.0004333           1         392           0
    5.731     0.0002918     0.0003973           1         392           0
    5.762     0.0002534     0.0004283           1         412           0
    5.792     0.0001713     0.0004283           1         412           0
    5.822     0.0003353     0.0004336           1         392           0
    5.852     0.0003169     0.0005096           1         392           0
    5.883     0.0003010     0.0005568           1         392           0
    5.913     0.0003994     0.0005153           1         136           0
    5.943     0.0003376     0.0004679           1         136           0
    5.973     0.0001598     0.0004678           1         136           0
    6.004     0.0002939     0.0004656           1         136           0
    6.034     0.0007209     0.0004240           1         136           0
    6.064     0.0005748     0.0003811           1         392           0
    6.094     0.0006791     0.0003341           1         392           0
    6.125     0.0010462     0.0003373           1         392           0
    6.155     0.0017292     0.0003078           1         392           0
    6.185     0.0008019     0.0004100           1         392           0
    6.215     0.0004272     0.0004747           1         392           0
    6.245     0.0014990     0.0003087           1         392           0
    6.276     0.0006953     0.0004604           1         392           0
    6.306     0.0011349     0.0004159           1         392           0
    6.336     0.0014786     0.0004668           1         392           0
    6.366     0.0009516     0.0005181           1         392           0
    6.397     0.0014896     0.0003349           1         392           0
    6.427     0.0021233     0.0003720           1         392           0
    6.457     0.0020958     0.0003820           1         392           0
    6.487     0.0023298     0.0004328           1         392           0
    6.518     0.0024764     0.0004902           1         392           0
    6.548     0.0030306     0.0005982           1         392           0
    6.578     0.0036029     0.0005195           1         392           0
    6.608     0.0042840     0.0004200           1         392           0
    6.639     0.0081297     0.0005114           1         136           0
    6.669     0.0080994     0.0005056           1         136           0
    6.699     0.0079847     0.0005148           1         136           0
    6.729     0.0061412     0.0005056           1         136           0
    6.760     0.0050260     0.0003060           1         136           0
    6.790     0.0041697     0.0005431           1         392           0
    6.820     0.0046331     0.0005652           1         392           0
    6.850     0.0034666     0.0004981           1         392           0
    6.881     0.0020399     0.0007386           1         392           0
    6.911     0.0033250     0.0005546           1         392           0
    6.941     0.0031252     0.0005277           1         392           0
    6.971     0.0011957     0.0005796           1         392           0
    7.002     0.0026282     0.0005688           1         392           0
    7.032     0.0025672     0.0006136           1         392           0
    7.062     0.0008572     0.0007982           1         392           0
    7.092     0.0013369     0.0007918           1         392           0
    7.122     0.0020626     0.0005855           1         392           0
    7.153     0.0030222     0.0005424           1         392           0
    7.183     0.0036340     0.0005030           1         392           0
    7.213     0.0033530     0.0005031           1         392           0
    7.243     0.0037601     0.0005687           1         392           0
    7.274     0.0041778     0.0005624           1         392           0
    7.304     0.0039398     0.0005654           1         392           0
    7.334     0.0052335     0.0007636           1       53312           0
    7.395     0.0038053     0.0007760           1       18496           0
    7.455     0.0041469     0.0006958           1       18496           0
    7.516     0.0037510     0.0006880           1       53312           0
    7.576     0.0048051     0.0008962           1      153664           0
    7.637     0.0053125     0.0004069           1         392           0
    7.697     0.0057337     0.0004260           1         392           0
    7.758     0.0070205     0.0004816           1         392           0
    7.818     0.0078629     0.0004546           1         392           0
    7.879     0.0112604     0.0004542           1         392           0
    7.939     0.0129457     0.0004272           1         392           0
    8.000     0.0140085     0.0004244           1         392           0
    8.060     0.0176567     0.0003279           1         392           0
    8.120     0.0214409     0.0003870           1         392           0
    8.181     0.0216779     0.0002946           1         392           0
    8.241     0.0215734     0.0004260           1         392           0
    8.302     0.0202109     0.0003378           1         392           0
    8.362     0.0211960     0.0002070           2       16796           0
    8.423     0.0207090     0.0002250           2       16796           0
    8.483     0.0218520     0.0001870           2       16792           0
    8.544     0.0159300     0.0001940           2       16776           0
    8.604     0.0116980     0.0002050           2         392           0
    8.665     0.0119980     0.0001950           2         392           0
    8.725     0.0118540     0.0001940           2         392           0
    8.786     0.0114020     0.0001880           2         392           0
    8.846     0.0119370     0.0001950           2         392           0
    8.907     0.0125400     0.0002120           2         392           0
    8.967     0.0119260     0.0002070           2         392           0
    9.028     0.0127450     0.0002260           2         136           0
    9.088     0.0150180     0.0002430           2         136           0
    9.149     0.0172570     0.0002110           2         136           0
    9.209     0.0172800     0.0002540           2         136           0
    9.270     0.0136690     0.0002080           2         136           0
    9.330     0.0111030     0.0002020           2         136           0
    9.391     0.0137680     0.0002340           2         392           0
    9.451     0.0088800     0.0001920           2         392           0
    9.512     0.0074020     0.0001970           2         392           0
    9.572     0.0069220     0.0001960           2         392           0
    9.633     0.0064330     0.0001590           2         392           0
    9.693     0.0062940     0.0002603           2         392           0
    9.754     0.0066090     0.0001870           2       16796           0
    9.814     0.0062944     0.0002347           2       16796           0
    9.875     0.0052610     0.0001710           2         392           0
    9.935     0.0051360     0.0001510           2         392           0
    9.995     0.0049490     0.0001610           2         392           0
   10.056     0.0047360     0.0001590           2         392           0
   10.116     0.0048690     0.0001570           2         392           0
   10.177     0.0048870     0.0001640           2         392           0
   10.237     0.0045135     0.0002003           2         392           0
   10.298     0.0046342     0.0001959           2         392           0
   10.358     0.0054050     0.0001460           2         392           0
   10.419     0.0051170     0.0001510           2         392           0
   10.479     0.0046430     0.0001520           2         392           0
   10.540     0.0052421     0.0002251           2         392           0
   10.600     0.0043530     0.0002356           2         392           0
   10.661     0.0041274     0.0002277           2         392           0
   10.721     0.0042499     0.0002320           2         392           0
   10.782     0.0045464     0.0002827           2         392           0
   10.842     0.0038100     0.0002510           2         392           0
   10.903     0.0048600     0.0002411           2         392           0
   10.963     0.0049787     0.0002652           2         392           0
   11.024     0.0040834     0.0002852           2         392           0
   11.084     0.0053799     0.0002550           2         392           0
   11.145     0.0056087     0.0002607           2         392           0
   11.205     0.0057436     0.0003538           2         392           0
   11.266     0.0065865     0.0003460           2         392           0
   11.326     0.0067464     0.0003068           2         392           0
   11.387     0.0067580     0.0002977           2         412           0
   11.447     0.0061798     0.0003211           2         412           0
   11.508     0.0068726     0.0003106           2         392           0
   11.568     0.0071445     0.0003801           2         392           0
   11.628     0.0074997     0.0004178           2         392           0
   11.689     0.0078834     0.0003653           2         392           0
   11.750     0.0093554     0.0003361           2         392           0
   11.810     0.0117986     0.0003162           2         392           0
   11.870     0.0141810     0.0003310           2         392           0
   11.931     0.0190020     0.0002200           2         392           0
   11.991     0.0326210     0.0002510           2         392           0
   12.052     0.0383010     0.0002590           2         392           0
   12.112     0.0340360     0.0002370           2         392           0
   12.173     0.0270740     0.0002280           2         392           0
   12.233     0.0205861     0.0003981           2         392           0
   12.294     0.0174636     0.0003197           2         392           0
   12.354     0.0169400     0.0002260           2         392           0
   12.415     0.0145770     0.0002120           2         392           0
   12.475     0.0132210     0.0002110           2         392           0
   12.536     0.0119479     0.0003007           2         392           0
   12.596     0.0116097     0.0002942           2         392           0
   12.657     0.0117534     0.0003056           2         392           0
   12.717     0.0125915     0.0003084           2         392           0
   12.778     0.0140907     0.0003080           2         392           0
   12.838     0.0138260     0.0003134           2         392           0
   12.899     0.0138260     0.0002320           2         392           0
   12.959     0.0130907     0.0003402           2         392           0
   13.020     0.0134760     0.0002370           2         392           0
   13.080     0.0124171     0.0003508           2         392           0
   13.141     0.0137993     0.0003606           2         392           0
   13.201     0.0169618     0.0003744           2         392           0
   13.262     0.0168970     0.0002600           2         392           0
   13.322     0.0153447     0.0003868           2         392           0
   13.383     0.0170582     0.0004116           2         392           0
   13.443     0.0184488     0.0003939           2         392           0
   13.503     0.0200870     0.0004461           2         392           0
   13.564     0.0231683     0.0003909           2         392           0
   13.625     0.0223420     0.0003040           2         392           0
   13.685     0.0322972     0.0004404           2         392           0
   13.745     0.0361746     0.0005318           2         392           0
   13.806     0.0239500     0.0003120           2         392           0
   13.866     0.0126145     0.0005191           2         392           0
   13.927     0.0122226     0.0005960           2         392           0
   13.987     0.0120012     0.0006415           2         392           0
   14.048     0.0105731     0.0005298           2         392           0
   14.154     0.0147016     0.0006682           3        4360           0
   14.239     0.0142944     0.0006578           3        4360           0
   14.323     0.0136130     0.0006453           3        4360           0
   14.408     0.0132744     0.0005693           3        4360           0
   14.493     0.0130333     0.0005530           3        4360           0
   14.577     0.0129717     0.0006093           3        4360           0
   14.662     0.0129377     0.0008400           3        4360           0
   14.747     0.0124826     0.0006219           3        4360           0
   14.832     0.0105906     0.0007304           3        4360           0
   14.916     0.0106129     0.0007218           3        4360           0
   15.001     0.0110118     0.0007004           3        4360           0
   15.085     0.0113573     0.0006427           3        4360           0
   15.170     0.0123012     0.0005503           3        4360           0
   15.255     0.0126823     0.0004923           3        4360           0
   15.340     0.0101550     0.0006017           3        4360           0
   15.424     0.0097682     0.0004676           3        4360           0
   15.509     0.0105582     0.0004086           3        4360           0
   15.594     0.0093869     0.0004982           3        4360           0
   15.678     0.0090136     0.0005408           3        4360           0
   15.763     0.0088599     0.0005585           3        4360           0
   15.848     0.0088171     0.0005816           3        4360           0
   15.932     0.0093925     0.0007228           3        4360           0
   16.017     0.0101811     0.0008591           3        4360           0
   16.102     0.0095972     0.0007627           3        4360           0
   16.186     0.0092378     0.0007665           3        4360           0
   16.271     0.0102131     0.0008114           3        4360           0
   16.356     0.0104717     0.0007828           3        4360           0
   16.440     0.0101830     0.0007825           3        4360           0
   16.525     0.0108383     0.0005798           3        4360           0
   16.610     0.0126370     0.0005894           3        4360           0
   16.694     0.0140639     0.0005279           3        4360           0
   16.779     0.0128096     0.0007628           3        4360           0
   16.864     0.0116483     0.0010691           3        4360           0
   16.948     0.0118042     0.0009176           3        4360           0
   17.033     0.0120260     0.0007258           3        4360           0
   17.118     0.0120378     0.0015893           3        4360           0
   17.202     0.0112764     0.0010396           3        4360           0
   17.287     0.0118583     0.0009526           3        4360           0
   17.372     0.0121351     0.0008634           3        4360           0
   17.456     0.0138898     0.0005718           3        4360           0
   17.541     0.0191818     0.0007563           3        4360           0
   17.626     0.0216299     0.0008087           3        4360           0
   17.711     0.0212181     0.0011556           3        4360           0
   17.795     0.0195180     0.0022883           3        4360           0
   17.880     0.0192385     0.0023102           3        4360           0
   17.965     0.0199884     0.0008625           3        4360           0
   18.049     0.0195752     0.0008944           3        4360           0
   18.134     0.0207912     0.0009062           3        4360           0
   18.219     0.0243757     0.0009289           3        4360           0
   18.303     0.0267211     0.0010960           3        4360           0
   18.388     0.0225334     0.0011076           3        4360           0
   18.472     0.0215370     0.0010398           3        4360           0
   18.557     0.0231301     0.0026884           3        4360           0
   18.642     0.0220119     0.0015072           3        4360           0
   18.727     0.0191537     0.0008726           3        4360           0
   18.811     0.0162130     0.0008899           3        4360           0
   18.896     0.0148724     0.0009055           3        4360           0
   18.981     0.0149769     0.0008781           3        4360           0
   19.065     0.0156391     0.0008426           3        4360           0
   19.150     0.0159116     0.0010140           3        4360           0
   19.235     0.0097688     0.0013325           3    19009600           0
   19.404     0.0142574     0.0024608           3    19009600           0
   19.573     0.0154316     0.0014258           3    19009600           0
   19.743     0.0161790     0.0010994           3    19009600           0
   19.912     0.0188847     0.0015328           3    19009600           0
   20.081     0.0218936     0.0049341           3        4360           0
   20.251     0.0175301     0.0019877           3        4360           0
   20.420     0.0151198     0.0020945           3        4360           0
   20.590     0.0145805     0.0022541           3        4360           0
   20.759     0.0158631     0.0046043           3        4360           0
   20.928     0.0157316     0.0024513           3        4360           0
   21.097     0.0147296     0.0007410           4        4360           0
   21.267     0.0163739     0.0010967           4        4360           0
   21.436     0.0153700     0.0010424           4        4360           0
   21.606     0.0157446     0.0011971           4        4360           0
   21.775     0.0156464     0.0010225           4        4360           0
   21.944     0.0154266     0.0022362           4        4360           0
   22.114     0.0175433     0.0010900           4        4360           0
   22.283     0.0176564     0.0007388           4        4360           0
   22.452     0.0178701     0.0008859           4        4360           0
   22.622     0.0183848     0.0012677           4        4360           0
   22.791     0.0179941     0.0009009           4        4360           0
   22.960     0.0175983     0.0007051           4        4360           0
   23.130     0.0180485     0.0031446           4        4360           0
   23.299     0.0200533     0.0013386           4        4360           0
   23.469     0.0207969     0.0007330           4        4360           0
   23.638     0.0204117     0.0006659           4        4360           0
   23.807     0.0197272     0.0008745           4        4360           0
   23.976     0.0200387     0.0008089           4        4360           0
   24.146     0.0205308     0.0007935           4        4360           0
   24.315     0.0215087     0.0007827           4        4360           0
   24.485     0.0220836     0.0009102           4        4360           0
   24.654     0.0218579     0.0008460           4        4360           0
   24.823     0.0238091     0.0007647           4        4360           0
   24.993     0.0232033     0.0012706           4        4360           0
   25.162     0.0240633     0.0008615           4        4360           0
   25.331     0.0248836     0.0009534           4        4360           0
   25.501     0.0248339     0.0008968           4        4360           0
   25.670     0.0258143     0.0010535           4        4360           0
   25.839     0.0261168     0.0034971           4        4360           0
   26.009     0.0258974     0.0012083           4        4360           0
   26.178     0.0254301     0.0007278           4        4360           0
   26.347     0.0275868     0.0006717           4        4360           0
   26.517     0.0272112     0.0006794           4        4360           0
   26.686     0.0259928     0.0008379           4        4360           0
   26.856     0.0266584     0.0008267           4        4360           0
   27.025     0.0282127     0.0007922           4        4360           0
   27.194     0.0290336     0.0008170           4        4360           0
   27.364     0.0289712     0.0007748           4        4360           0
   27.533     0.0317156     0.0007591           4        4360           0
   27.702     0.0315482     0.0010623           4        4360           0
   27.872     0.0316716     0.0011831           4        4360           0
   28.041     0.0329767     0.0009275           4        4360           0
   28.210     0.0347974     0.0010752           4        4360           0
   28.380     0.0332674     0.0009944           4        4360           0
   28.549     0.0327906     0.0011409           4        4360           0
   28.719     0.0334889     0.0007689           4        4360           0
   28.888     0.0326345     0.0009494           4        4360           0
   29.057     0.0341377     0.0007907           4        4360           0
   29.226     0.0322518     0.0009339           4        4360           0
   29.396     0.0330548     0.0022614           4        4360           0
   29.565     0.0349283     0.0018782           4        4360           0
   29.735     0.0364986     0.0008851           4        4360           0
   29.904     0.0370263     0.0011684           4        4360           0
   30.073     0.0380504     0.0012354           4        4360           0
   30.243     0.0375408     0.0015643           4        4360           0
   30.412     0.0393067     0.0032833           4        4360           0
   30.581     0.0373421     0.0019433           4        4360           0
   30.751     0.0384551     0.0011962           4        4360           0
   30.920     0.0385515     0.0014819           4        4360           0
   31.089     0.0403434     0.0011058           4        4360           0
   31.259     0.0416879     0.0010706           4        4360           0
   31.428     0.0406060     0.0011221           4        4360           0
   31.597     0.0416556     0.0011625           4        4360           0
   31.767     0.0440561     0.0010271           4        4360           0
   31.936     0.0446979     0.0016903           4        4360           0
   32.105     0.0429888     0.0027108           4        4360           0
   32.275     0.0441362     0.0015824           4        4360           0
   32.444     0.0446725     0.0022232           4        4360           0
   32.614     0.0455123     0.0045737           4        4360           0
   32.783     0.0470407     0.0019289           4        4360           0
   32.952     0.0451872     0.0019696           4        4360           0
   33.122     0.0442429     0.0023534           4        4360           0
   33.291     0.0476543     0.0032332           4        4360           0
   33.460     0.0477177     0.0052085           4        4360           0
   33.630     0.0507642     0.0026949           4        4360           0
   33.799     0.0493713     0.0023273           4        4360           0
   33.968     0.0530759     0.0025158           4        4360           0
   34.138     0.0569226     0.0030298           4        4360           0
   34.307     0.0542226     0.0030397           4        4360           0
   34.477     0.0535036     0.0029809           4        4360           0
   34.646     0.0556519     0.0028253           4        4360           0
   34.815     0.0577063     0.0031446           4        4360           0
   34.985     0.0600457     0.0105459           4        4360           0
   35.154     0.0557994     0.0060474           4        4360           0
   35.323     0.0599015     0.0078570           4        4360           0
   35.493     0.0596043     0.0055322           4        4360           0
   35.662     0.0635184     0.0042731           4        4360           0
   35.831     0.0763894     0.0038151           4        4360           0
   36.001     0.0908978     0.0027458           4        4360           0
   36.170     0.0838280     0.0019580           4        4360           0
   36.339     0.0659409     0.0038930           4        4360           0
   36.509     0.0711001     0.0068120           4        4360           0
   36.678     0.0695316     0.0059659           4        4360           0
   36.847     0.0668583     0.0053506           4        4360           0
   37.017     0.0745680     0.0034320           4        4360           0
   37.186     0.0781864     0.0068266           4        4360           0
   37.355     0.1284042     0.0096867           4        4360           0
   37.525     0.1028656     0.0071421           4        4360           0
   37.694     0.0853019     0.0094217           4        4360           0
   37.864     0.0824638     0.0084548           4        4360           0
   38.033     0.0927536     0.0299475           4        4360           0
   38.202     0.0974450     0.0130851           4        4360           0
   38.372     0.0611295     0.0145746           4        4360           0
   38.541     0.0831206     0.0385211           4        4360           0
   38.710     0.0536833     0.0238706           4        4360           0
   38.880     0.0644634     0.0206318           4        4360           0
   39.049     0.0672376     0.0494517           4        4360           0
   39.218     0.0483657     0.0276785           4        4360           0
   39.388     0.0872840     0.0149860           4        4360           0
   39.557     0.0494002     0.0503519           4        4360           0
   39.727     0.0518663     0.0934620           4        4360           0
   39.896     0.0403980     0.0256572           4        4488           0
   40.065     0.0182009     0.0113183           4        4488           0
   40.235     0.0026416     0.0091458           4        4488           0
   40.404     0.0109227     0.0035778           4        4488           0
   40.573     0.0079584     0.0010179           4        4488           0
   40.743     0.0122360     0.0023530           4        4508           0
   40.912     0.0032710     0.0006340           4        4488           0
   41.081     0.0000371     0.0001917           4        4488           0
   41.251     0.0000195     0.0001799           4        4488           0
   41.420     0.0000746     0.0003416           4        4488           0
   41.589     0.0008919     0.0004769           4        4488           0
   41.759     0.0037805     0.0003831           4        4488           0
   41.928     0.0014536     0.0012398           4        4508           0
   42.097     0.0002777     0.0007308           4        4508           0
   42.267     0.0047747     0.0010210           4        4488           0
