wave flux error channelflag bitflag stitchflag
    5.127     0.0021959     0.0032704           1         392           0
    5.157     0.0017574     0.0020501           1         136           0
    5.187     0.0009427     0.0009415           1         136           0
    5.217     0.0009904     0.0006082           1         136           0
    5.247     0.0009450     0.0006004           1         136           0
    5.278     0.0006231     0.0006181           1         136           0
    5.308     0.0005813     0.0005917           1         136           0
    5.338     0.0009345     0.0005445           1         392           0
    5.368     0.0010416     0.0005144           1         392           0
    5.399     0.0009906     0.0005124           1       16776           0
    5.429     0.0008526     0.0004877           1       16796           0
    5.459     0.0008330     0.0005133           1       16796           0
    5.489     0.0008839     0.0004818           1         392           0
    5.520     0.0010266     0.0005130           1         392           0
    5.550     0.0014173     0.0004829           1         392           0
    5.580     0.0013949     0.0004907           1         392           0
    5.610     0.0013987     0.0004637           1         392           0
    5.641     0.0012809     0.0004546           1        8468           0
    5.671     0.0015468     0.0004762           1        8468           0
    5.701     0.0013587     0.0004594           1         392           0
    5.731     0.0013096     0.0004711           1         392           0
    5.762     0.0011546     0.0004598           1         412           0
    5.792     0.0009461     0.0004796           1         412           0
    5.822     0.0010183     0.0005049           1         392           0
    5.852     0.0011488     0.0004855           1         392           0
    5.883     0.0014025     0.0004908           1         392           0
    5.913     0.0014515     0.0005074           1         136           0
    5.943     0.0012663     0.0005409           1         136           0
    5.973     0.0012948     0.0004876           1         136           0
    6.004     0.0017463     0.0005472           1         136           0
    6.034     0.0021716     0.0004897           1         136           0
    6.064     0.0023465     0.0004970           1         392           0
    6.094     0.0026457     0.0004775           1         392           0
    6.125     0.0024177     0.0005068           1         392           0
    6.155     0.0024013     0.0004896           1         392           0
    6.185     0.0023690     0.0004748           1         392           0
    6.215     0.0023497     0.0005127           1         392           0
    6.245     0.0019576     0.0004529           1         392           0
    6.276     0.0023720     0.0005479           1         392           0
    6.306     0.0021226     0.0005124           1         392           0
    6.336     0.0019681     0.0005484           1         392           0
    6.366     0.0019925     0.0005774           1         392           0
    6.397     0.0028054     0.0005787           1         392           0
    6.427     0.0030347     0.0005192           1         392           0
    6.457     0.0032832     0.0005558           1         392           0
    6.487     0.0035745     0.0005668           1         392           0
    6.518     0.0036157     0.0006029           1         392           0
    6.548     0.0041245     0.0006510           1         392           0
    6.578     0.0060013     0.0007294           1         392           0
    6.608     0.0128552     0.0005278           1         392           0
    6.639     0.0126641     0.0005044           1         136           0
    6.669     0.0125439     0.0006268           1         136           0
    6.699     0.0111796     0.0006382           1         136           0
    6.729     0.0091599     0.0005476           1         136           0
    6.760     0.0121349     0.0004719           1         136           0
    6.790     0.0072313     0.0006535           1         392           0
    6.820     0.0061797     0.0007128           1         392           0
    6.850     0.0056374     0.0007082           1         392           0
    6.881     0.0049464     0.0007717           1         392           0
    6.911     0.0043228     0.0007132           1         392           0
    6.941     0.0039825     0.0007386           1         392           0
    6.971     0.0041700     0.0007749           1         392           0
    7.002     0.0036184     0.0008375           1         392           0
    7.032     0.0039576     0.0009914           1         392           0
    7.062     0.0041735     0.0008045           1         392           0
    7.092     0.0044374     0.0008280           1         392           0
    7.122     0.0045107     0.0009024           1         392           0
    7.153     0.0046071     0.0007743           1         392           0
    7.183     0.0048585     0.0007923           1         392           0
    7.213     0.0046072     0.0008138           1         392           0
    7.243     0.0047518     0.0008268           1         392           0
    7.274     0.0042341     0.0008873           1         392           0
    7.304     0.0038591     0.0009773           1         392           0
    7.334     0.0068861     0.0011201           1       53312           0
    7.395     0.0051726     0.0013236           1       18496           0
    7.455     0.0056843     0.0011916           1       18496           0
    7.516     0.0058014     0.0011770           1       53312           0
    7.576     0.0058019     0.0014883           1      153664           0
    7.637     0.0056327     0.0006141           1         392           0
    7.697     0.0061709     0.0006147           1         392           0
    7.758     0.0067619     0.0007815           1         392           0
    7.818     0.0078971     0.0007835           1         392           0
    7.879     0.0090258     0.0007125           1         392           0
    7.939     0.0115213     0.0006835           1         392           0
    8.000     0.0140000     0.0006674           1         392           0
    8.060     0.0168003     0.0005873           1         392           0
    8.120     0.0193762     0.0006319           1         392           0
    8.181     0.0201597     0.0005866           1         392           0
    8.241     0.0193850     0.0006214           1         392           0
    8.302     0.0191471     0.0006204           1         392           0
    8.362     0.0193588     0.0004038           2       16796           0
    8.423     0.0179366     0.0004021           2       16796           0
    8.483     0.0162846     0.0003366           2       16792           0
    8.544     0.0146292     0.0002810           2       16776           0
    8.604     0.0134396     0.0004301           2         392           0
    8.665     0.0115103     0.0003847           2         392           0
    8.725     0.0102855     0.0003655           2         392           0
    8.786     0.0097907     0.0003725           2         392           0
    8.846     0.0095006     0.0003889           2         392           0
    8.907     0.0094748     0.0003642           2         392           0
    8.967     0.0097503     0.0003711           2         392           0
    9.028     0.0099038     0.0003772           2         136           0
    9.088     0.0099767     0.0003928           2         136           0
    9.149     0.0111524     0.0003749           2         136           0
    9.209     0.0112673     0.0003953           2         136           0
    9.270     0.0112051     0.0003772           2         136           0
    9.330     0.0093940     0.0003762           2         136           0
    9.391     0.0074057     0.0003557           2         392           0
    9.451     0.0058731     0.0003915           2         392           0
    9.512     0.0049313     0.0002469           2         392           0
    9.572     0.0042827     0.0003755           2         392           0
    9.633     0.0037313     0.0003295           2         392           0
    9.693     0.0033898     0.0003383           2         392           0
    9.754     0.0031603     0.0003596           2       16796           0
    9.814     0.0027566     0.0003432           2       16796           0
    9.875     0.0027208     0.0003286           2         392           0
    9.935     0.0027580     0.0003271           2         392           0
    9.995     0.0026041     0.0003096           2         392           0
   10.056     0.0023394     0.0003056           2         392           0
   10.116     0.0023378     0.0003157           2         392           0
   10.177     0.0023315     0.0002964           2         392           0
   10.237     0.0022308     0.0003045           2         392           0
   10.298     0.0027339     0.0002641           2         392           0
   10.358     0.0029390     0.0003065           2         392           0
   10.419     0.0026416     0.0003171           2         392           0
   10.479     0.0023318     0.0003895           2         392           0
   10.540     0.0021885     0.0003494           2         392           0
   10.600     0.0021402     0.0003434           2         392           0
   10.661     0.0021938     0.0003403           2         392           0
   10.721     0.0022293     0.0003599           2         392           0
   10.782     0.0021400     0.0003653           2         392           0
   10.842     0.0024264     0.0003599           2         392           0
   10.903     0.0020878     0.0003620           2         392           0
   10.963     0.0021520     0.0003835           2         392           0
   11.024     0.0019679     0.0004014           2         392           0
   11.084     0.0023310     0.0003958           2         392           0
   11.145     0.0026659     0.0003912           2         392           0
   11.205     0.0025942     0.0004444           2         392           0
   11.266     0.0029368     0.0004026           2         392           0
   11.326     0.0034683     0.0004299           2         392           0
   11.387     0.0035192     0.0004254           2         412           0
   11.447     0.0035750     0.0004327           2         412           0
   11.508     0.0038014     0.0004496           2         392           0
   11.568     0.0039034     0.0004393           2         392           0
   11.628     0.0039374     0.0004368           2         392           0
   11.689     0.0042803     0.0004639           2         392           0
   11.750     0.0052279     0.0004658           2         392           0
   11.810     0.0062833     0.0004591           2         392           0
   11.870     0.0075064     0.0004487           2         392           0
   11.931     0.0128938     0.0003185           2         392           0
   11.991     0.0145744     0.0003695           2         392           0
   12.052     0.0200776     0.0003353           2         392           0
   12.112     0.0185676     0.0004231           2         392           0
   12.173     0.0156490     0.0004584           2         392           0
   12.233     0.0130779     0.0004293           2         392           0
   12.294     0.0111166     0.0004737           2         392           0
   12.354     0.0089989     0.0004800           2         392           0
   12.415     0.0083518     0.0004764           2         392           0
   12.475     0.0080544     0.0004596           2         392           0
   12.536     0.0078491     0.0004494           2         392           0
   12.596     0.0071940     0.0004639           2         392           0
   12.657     0.0074096     0.0004557           2         392           0
   12.717     0.0073977     0.0003684           2         392           0
   12.778     0.0086144     0.0004072           2         392           0
   12.838     0.0091841     0.0004508           2         392           0
   12.899     0.0087732     0.0004964           2         392           0
   12.959     0.0088608     0.0004829           2         392           0
   13.020     0.0088239     0.0005008           2         392           0
   13.080     0.0087222     0.0005134           2         392           0
   13.141     0.0093367     0.0005496           2         392           0
   13.201     0.0100494     0.0005512           2         392           0
   13.262     0.0106419     0.0005615           2         392           0
   13.322     0.0107415     0.0005816           2         392           0
   13.383     0.0113503     0.0006090           2         392           0
   13.443     0.0121252     0.0006279           2         392           0
   13.503     0.0129705     0.0006427           2         392           0
   13.564     0.0133083     0.0006618           2         392           0
   13.625     0.0142239     0.0006448           2         392           0
   13.685     0.0174620     0.0005835           2         392           0
   13.745     0.0230354     0.0006982           2         392           0
   13.806     0.0131583     0.0004400           2         392           0
   13.866     0.0087690     0.0005718           2         392           0
   13.927     0.0085281     0.0006872           2         392           0
   13.987     0.0081382     0.0007292           2         392           0
   14.069     0.0109344     0.0007765           3        4360           0
   14.154     0.0113057     0.0007005           3        4360           0
   14.239     0.0105408     0.0005861           3        4360           0
   14.323     0.0105320     0.0006423           3        4360           0
   14.408     0.0106042     0.0006222           3        4360           0
   14.493     0.0106190     0.0006199           3        4360           0
   14.577     0.0102474     0.0006506           3        4360           0
   14.662     0.0094664     0.0006816           3        4360           0
   14.747     0.0093118     0.0006866           3        4360           0
   14.832     0.0082441     0.0006664           3        4360           0
   14.916     0.0079777     0.0007396           3        4360           0
   15.001     0.0079163     0.0006176           3        4360           0
   15.085     0.0089483     0.0010152           3        4360           0
   15.170     0.0097850     0.0009018           3        4360           0
   15.255     0.0098757     0.0007879           3        4360           0
   15.340     0.0085174     0.0007508           3        4360           0
   15.424     0.0087986     0.0005862           3        4360           0
   15.509     0.0080974     0.0031486           3        4360           0
   15.594     0.0072514     0.0034372           3        4360           0
   15.678     0.0069877     0.0005828           3        4360           0
   15.763     0.0071817     0.0006104           3        4360           0
   15.848     0.0072108     0.0006074           3        4360           0
   15.932     0.0073555     0.0005533           3        4360           0
   16.017     0.0080294     0.0006346           3        4360           0
   16.102     0.0082905     0.0007093           3        4360           0
   16.186     0.0074075     0.0008983           3        4360           0
   16.271     0.0077354     0.0007082           3        4360           0
   16.356     0.0077658     0.0009310           3        4360           0
   16.440     0.0081461     0.0007309           3        4360           0
   16.525     0.0081909     0.0006893           3        4360           0
   16.610     0.0099619     0.0006316           3        4360           0
   16.694     0.0106475     0.0006160           3        4360           0
   16.779     0.0092592     0.0007603           3        4360           0
   16.864     0.0088184     0.0010567           3        4360           0
   16.948     0.0089227     0.0009038           3        4360           0
   17.033     0.0089681     0.0007665           3        4360           0
   17.118     0.0083350     0.0013863           3        4360           0
   17.202     0.0078886     0.0011494           3        4360           0
   17.287     0.0086573     0.0008387           3        4360           0
   17.372     0.0092654     0.0009475           3        4360           0
   17.456     0.0102805     0.0009275           3        4360           0
   17.541     0.0130149     0.0007703           3        4360           0
   17.626     0.0144721     0.0006485           3        4360           0
   17.711     0.0140237     0.0007652           3        4360           0
   17.795     0.0136046     0.0006393           3        4360           0
   17.880     0.0134462     0.0023303           3        4360           0
   17.965     0.0140224     0.0008916           3        4360           0
   18.049     0.0137997     0.0008161           3        4360           0
   18.134     0.0146950     0.0010689           3        4360           0
   18.219     0.0172405     0.0009905           3        4360           0
   18.303     0.0218750     0.0008969           3        4360           0
   18.388     0.0149634     0.0010919           3        4360           0
   18.472     0.0154714     0.0010531           3        4360           0
   18.557     0.0150890     0.0012564           3        4360           0
   18.642     0.0145869     0.0007940           3        4360           0
   18.727     0.0124021     0.0007079           3        4360           0
   18.811     0.0117030     0.0008832           3        4360           0
   18.896     0.0112651     0.0007997           3        4360           0
   18.981     0.0111068     0.0007526           3        4360           0
   19.065     0.0109671     0.0008574           3        4360           0
   19.150     0.0108425     0.0009747           3        4360           0
   19.235     0.0065065     0.0013678           3    19009600           0
   19.404     0.0091975     0.0020726           3    19009600           0
   19.573     0.0087996     0.0022559           3    19009600           0
   19.743     0.0089743     0.0015798           3    19009600           0
   19.912     0.0117498     0.0016378           3    19009600           0
   20.081     0.0119100     0.0052763           3        4360           0
   20.251     0.0105451     0.0027236           3        4360           0
   20.420     0.0105630     0.0017493           3        4360           0
   20.590     0.0098822     0.0017236           3        4360           0
   20.759     0.0101212     0.0026598           3        4360           0
   20.928     0.0103100     0.0049825           3        4360           0
   21.097     0.0107892     0.0007150           4        4360           0
   21.267     0.0102719     0.0010466           4        4360           0
   21.436     0.0109953     0.0009972           4        4360           0
   21.606     0.0115081     0.0010539           4        4360           0
   21.775     0.0115845     0.0011997           4        4360           0
   21.944     0.0090086     0.0022540           4        4360           0
   22.114     0.0125162     0.0012490           4        4360           0
   22.283     0.0123323     0.0010586           4        4360           0
   22.452     0.0123765     0.0008907           4        4360           0
   22.622     0.0127761     0.0089904           4        4360           0
   22.791     0.0119656     0.0027240           4        4360           0
   22.960     0.0126896     0.0008246           4        4360           0
   23.130     0.0145478     0.0006374           4        4360           0
   23.299     0.0134461     0.0047458           4        4360           0
   23.469     0.0137625     0.0020365           4        4360           0
   23.638     0.0141358     0.0007773           4        4360           0
   23.807     0.0142432     0.0007475           4        4360           0
   23.976     0.0144235     0.0007563           4        4360           0
   24.146     0.0148963     0.0009004           4        4360           0
   24.315     0.0153355     0.0009186           4        4360           0
   24.485     0.0150961     0.0009605           4        4360           0
   24.654     0.0166199     0.0008088           4        4360           0
   24.823     0.0173766     0.0008020           4        4360           0
   24.993     0.0169477     0.0010124           4        4360           0
   25.162     0.0172100     0.0008436           4        4360           0
   25.331     0.0176444     0.0016057           4        4360           0
   25.501     0.0190141     0.0027242           4        4360           0
   25.670     0.0187298     0.0009466           4        4360           0
   25.839     0.0187067     0.0028123           4        4360           0
   26.009     0.0229173     0.0009619           4        4360           0
   26.178     0.0200496     0.0007474           4        4360           0
   26.347     0.0192410     0.0007188           4        4360           0
   26.517     0.0206172     0.0007924           4        4360           0
   26.686     0.0214504     0.0007585           4        4360           0
   26.856     0.0214216     0.0007523           4        4360           0
   27.025     0.0222901     0.0009443           4        4360           0
   27.194     0.0229214     0.0028448           4        4360           0
   27.364     0.0238078     0.0028984           4        4360           0
   27.533     0.0256921     0.0008229           4        4360           0
   27.702     0.0256592     0.0009430           4        4360           0
   27.872     0.0260083     0.0012363           4        4360           0
   28.041     0.0257956     0.0010752           4        4360           0
   28.210     0.0247732     0.0011489           4        4360           0
   28.380     0.0255558     0.0007769           4        4360           0
   28.549     0.0248750     0.0009078           4        4360           0
   28.719     0.0259775     0.0009729           4        4360           0
   28.888     0.0262959     0.0008714           4        4360           0
   29.057     0.0263054     0.0012886           4        4360           0
   29.226     0.0278853     0.0009793           4        4360           0
   29.396     0.0280172     0.0012239           4        4360           0
   29.565     0.0276657     0.0019805           4        4360           0
   29.735     0.0282820     0.0010443           4        4360           0
   29.904     0.0279815     0.0011636           4        4360           0
   30.073     0.0303336     0.0012810           4        4360           0
   30.243     0.0338414     0.0021608           4        4360           0
   30.412     0.0335683     0.0095965           4        4360           0
   30.581     0.0323730     0.0265189           4        4360           0
   30.751     0.0316521     0.0017344           4        4360           0
   30.920     0.0320900     0.0013980           4        4360           0
   31.089     0.0343448     0.0012634           4        4360           0
   31.259     0.0321876     0.0012303           4        4360           0
   31.428     0.0332969     0.0051514           4        4360           0
   31.597     0.0352578     0.0027242           4        4360           0
   31.767     0.0339147     0.0010080           4        4360           0
   31.936     0.0376687     0.0010295           4        4360           0
   32.105     0.0362890     0.0013689           4        4360           0
   32.275     0.0361240     0.0017192           4        4360           0
   32.444     0.0383433     0.0025786           4        4360           0
   32.614     0.0374831     0.0050527           4        4360           0
   32.783     0.0371724     0.0019794           4        4360           0
   32.952     0.0417066     0.0017218           4        4360           0
   33.122     0.0386356     0.0029066           4        4360           0
   33.291     0.0376645     0.0027528           4        4360           0
   33.460     0.0350115     0.0019452           4        4360           0
   33.630     0.0415052     0.0018050           4        4360           0
   33.799     0.0397622     0.0022801           4        4360           0
   33.968     0.0403751     0.0025907           4        4360           0
   34.138     0.0463994     0.0033498           4        4360           0
   34.307     0.0461482     0.0038674           4        4360           0
   34.477     0.0413470     0.0030320           4        4360           0
   34.646     0.0468585     0.0026967           4        4360           0
   34.815     0.0528625     0.0043327           4        4360           0
   34.985     0.0526302     0.0196873           4        4360           0
   35.154     0.0511329     0.0066866           4        4360           0
   35.323     0.0389827     0.0045592           4        4360           0
   35.493     0.0603670     0.0032824           4        4360           0
   35.662     0.0552920     0.0041307           4        4360           0
   35.831     0.0629588     0.0037291           4        4360           0
   36.001     0.0669896     0.0036544           4        4360           0
   36.170     0.0588237     0.0047386           4        4360           0
   36.339     0.0535174     0.0075829           4        4360           0
   36.509     0.0586065     0.0056824           4        4360           0
   36.678     0.0561783     0.0070916           4        4360           0
   36.847     0.0498421     0.0065115           4        4360           0
   37.017     0.0491306     0.0035971           4        4360           0
   37.186     0.0800127     0.0063221           4        4360           0
   37.355     0.0975784     0.0079264           4        4360           0
   37.525     0.0842079     0.0070745           4        4360           0
   37.694     0.0699655     0.0083467           4        4360           0
   37.864     0.0771244     0.0083625           4        4360           0
   38.033     0.0829536     0.0135080           4        4360           0
   38.202     0.0632726     0.0194671           4        4360           0
   38.372     0.0448850     0.0168019           4        4360           0
   38.541     0.0652231     0.0515826           4        4360           0
   38.710     0.0453403     0.0256253           4        4360           0
   38.880     0.1082692     0.0142531           4        4360           0
   39.049     0.0648977     0.1277067           4        4360           0
   39.218     0.0477650     0.0486262           4        4360           0
   39.388     0.0339549     0.0182764           4        4360           0
   39.557     0.0386559     0.0106330           4        4360           0
   39.727     0.0359445     0.0766081           4        4360           0
   39.896     0.0226560     0.0443369           4        4488           0
   40.065     0.0081873     0.0115424           4        4488           0
   40.235     0.0055318     0.0057564           4        4488           0
   40.404     0.0047254     0.0015809           4        4488           0
   40.573    -0.0007999     0.0010489           4        4488           0
   40.743     0.0011895     0.0004624           4        4508           0
   40.912     0.0017270     0.0002360           4        4488           0
   41.081     0.0040340     0.0001230           4        4488           0
   41.251     0.0011210     0.0001160           4        4488           0
   41.420     0.0001730     0.0003907           4        4488           0
   41.589     0.0005976     0.0003427           4        4488           0
   41.759     0.0006675     0.0003995           4        4488           0
   41.928     0.0010566     0.0012173           4        4508           0
   42.097    -0.0000500     0.0007808           4        4508           0
   42.267     0.0023840     0.0009501           4        4488           0
