wave flux error channelflag bitflag stitchflag
    5.127    -0.0000187     0.0033728           1         392           0
    5.157     0.0000819     0.0020386           1         136           0
    5.187    -0.0000326     0.0009046           1         136           0
    5.217    -0.0000341     0.0005656           1         136           0
    5.247     0.0000062     0.0006425           1         136           0
    5.278    -0.0000869     0.0006424           1         136           0
    5.308     0.0001228     0.0006539           1         136           0
    5.338     0.0000188     0.0006107           1         392           0
    5.368     0.0001981     0.0005843           1         392           0
    5.399    -0.0000574     0.0006332           1       16776           0
    5.429     0.0000851     0.0005776           1       16796           0
    5.459     0.0003011     0.0006098           1       16796           0
    5.489     0.0001471     0.0005162           1         392           0
    5.520     0.0001170     0.0004913           1         392           0
    5.550     0.0001820     0.0005006           1         392           0
    5.580    -0.0000056     0.0004881           1         392           0
    5.610     0.0001398     0.0004713           1         392           0
    5.641     0.0002455     0.0004553           1        8468           0
    5.671     0.0001950     0.0004227           1        8468           0
    5.701     0.0000080     0.0004880           1         392           0
    5.731     0.0000115     0.0004038           1         392           0
    5.762     0.0000966     0.0004693           1         412           0
    5.792     0.0002031     0.0004327           1         412           0
    5.822     0.0001090     0.0004599           1         392           0
    5.852    -0.0000184     0.0004926           1         392           0
    5.883    -0.0000366     0.0005083           1         392           0
    5.913    -0.0000390     0.0004866           1         136           0
    5.943     0.0002674     0.0004740           1         136           0
    5.973     0.0004304     0.0004805           1         136           0
    6.004     0.0002233     0.0004717           1         136           0
    6.034    -0.0000100     0.0004547           1         136           0
    6.064    -0.0000318     0.0004517           1         392           0
    6.094    -0.0000537     0.0004352           1         392           0
    6.125     0.0000675     0.0004334           1         392           0
    6.155     0.0001179     0.0004685           1         392           0
    6.185    -0.0000616     0.0005095           1         392           0
    6.215    -0.0001662     0.0005589           1         392           0
    6.245     0.0002505     0.0004413           1         392           0
    6.276     0.0002489     0.0004722           1         392           0
    6.306     0.0002323     0.0004950           1         392           0
    6.336     0.0006984     0.0005856           1         392           0
    6.366     0.0006601     0.0005704           1         392           0
    6.397     0.0001494     0.0005493           1         392           0
    6.427     0.0002815     0.0005383           1         392           0
    6.457     0.0000967     0.0005411           1         392           0
    6.487     0.0002418     0.0005604           1         392           0
    6.518     0.0001382     0.0006039           1         392           0
    6.548     0.0001979     0.0007445           1         392           0
    6.578    -0.0000019     0.0007527           1         392           0
    6.608     0.0002334     0.0008077           1         392           0
    6.639    -0.0002282     0.0007436           1         136           0
    6.669    -0.0000184     0.0007498           1         136           0
    6.699     0.0000754     0.0007205           1         136           0
    6.729     0.0004330     0.0007002           1         136           0
    6.760    -0.0009879     0.0007164           1         136           0
    6.790    -0.0000162     0.0008528           1         392           0
    6.820     0.0001333     0.0007948           1         392           0
    6.850     0.0007285     0.0007687           1         392           0
    6.881     0.0008997     0.0008365           1         392           0
    6.911     0.0019267     0.0005890           1         392           0
    6.941     0.0003699     0.0008169           1         392           0
    6.971     0.0008514     0.0007785           1         392           0
    7.002     0.0006327     0.0007916           1         392           0
    7.032     0.0007805     0.0008177           1         392           0
    7.062     0.0002078     0.0008096           1         392           0
    7.092     0.0005530     0.0007631           1         392           0
    7.122    -0.0000318     0.0008710           1         392           0
    7.153     0.0001201     0.0008488           1         392           0
    7.183    -0.0000586     0.0007290           1         392           0
    7.213     0.0001615     0.0007670           1         392           0
    7.243     0.0007077     0.0008306           1         392           0
    7.274     0.0005480     0.0008172           1         392           0
    7.304     0.0003551     0.0008385           1         392           0
    7.334     0.0005175     0.0010968           1       53312           0
    7.395     0.0002774     0.0011485           1       18496           0
    7.455     0.0002285     0.0009760           1       18496           0
    7.516     0.0002631     0.0010168           1       53312           0
    7.576     0.0004564     0.0013510           1      153664           0
    7.637     0.0002949     0.0005436           1         392           0
    7.697     0.0007458     0.0004779           1         392           0
    7.758     0.0006449     0.0006489           1         392           0
    7.818     0.0005448     0.0006622           1         392           0
    7.879     0.0004597     0.0007263           1         392           0
    7.939     0.0004258     0.0006930           1         392           0
    8.000     0.0005557     0.0006081           1         392           0
    8.060     0.0010035     0.0005482           1         392           0
    8.120     0.0008901     0.0005138           1         392           0
    8.181     0.0006189     0.0005285           1         392           0
    8.241     0.0017936     0.0004534           1         392           0
    8.302     0.0019723     0.0004747           1         392           0
    8.362     0.0023430     0.0002687           2       16796           0
    8.423     0.0029925     0.0002758           2       16796           0
    8.483     0.0033544     0.0002779           2       16792           0
    8.544     0.0028547     0.0002625           2       16776           0
    8.604     0.0026576     0.0002893           2         392           0
    8.665     0.0034804     0.0002824           2         392           0
    8.725     0.0036908     0.0002851           2         392           0
    8.786     0.0034342     0.0002532           2         392           0
    8.846     0.0029476     0.0002770           2         392           0
    8.907     0.0023856     0.0002708           2         392           0
    8.967     0.0027036     0.0002929           2         392           0
    9.028     0.0014753     0.0003673           2         136           0
    9.088     0.0020192     0.0003326           2         136           0
    9.149     0.0021783     0.0003373           2         136           0
    9.209     0.0012753     0.0004363           2         136           0
    9.270     0.0022639     0.0003200           2         136           0
    9.330     0.0021869     0.0003393           2         136           0
    9.391     0.0019342     0.0003416           2         392           0
    9.451     0.0021663     0.0002751           2         392           0
    9.512     0.0021924     0.0002682           2         392           0
    9.572     0.0023537     0.0002483           2         392           0
    9.633     0.0025146     0.0002419           2         392           0
    9.693     0.0021833     0.0002377           2         392           0
    9.754     0.0007179     0.0004064           2       16796           0
    9.814     0.0013221     0.0002463           2       16796           0
    9.875     0.0013695     0.0002220           2         392           0
    9.935     0.0013775     0.0002217           2         392           0
    9.995     0.0004765     0.0003021           2         392           0
   10.056     0.0010065     0.0002284           2         392           0
   10.116     0.0007557     0.0002734           2         392           0
   10.177     0.0006236     0.0002779           2         392           0
   10.237     0.0008640     0.0002496           2         392           0
   10.298     0.0010554     0.0002094           2         392           0
   10.358     0.0010510     0.0002129           2         392           0
   10.419     0.0006915     0.0002681           2         392           0
   10.479     0.0004212     0.0003136           2         392           0
   10.540     0.0002945     0.0003097           2         392           0
   10.600     0.0005537     0.0002779           2         392           0
   10.661     0.0011245     0.0002297           2         392           0
   10.721     0.0011487     0.0002506           2         392           0
   10.782     0.0008580     0.0002487           2         392           0
   10.842     0.0003197     0.0003419           2         392           0
   10.903     0.0003438     0.0003537           2         392           0
   10.963     0.0007948     0.0003326           2         392           0
   11.024     0.0005266     0.0003956           2         392           0
   11.084     0.0004121     0.0004149           2         392           0
   11.145     0.0006567     0.0003562           2         392           0
   11.205     0.0010035     0.0003802           2         392           0
   11.266     0.0006751     0.0004377           2         392           0
   11.326     0.0004375     0.0004429           2         392           0
   11.387     0.0005271     0.0004371           2         412           0
   11.447     0.0001530     0.0004576           2         412           0
   11.508     0.0005127     0.0004612           2         392           0
   11.568     0.0000770     0.0004707           2         392           0
   11.628     0.0002435     0.0005280           2         392           0
   11.689     0.0003711     0.0004967           2         392           0
   11.750     0.0002566     0.0004710           2         392           0
   11.810     0.0008378     0.0004232           2         392           0
   11.870     0.0005620     0.0004436           2         392           0
   11.931     0.0007656     0.0004457           2         392           0
   11.991     0.0011300     0.0004709           2         392           0
   12.052     0.0007998     0.0004345           2         392           0
   12.112     0.0007769     0.0003917           2         392           0
   12.173     0.0011516     0.0003661           2         392           0
   12.233     0.0022042     0.0003607           2         392           0
   12.294     0.0024184     0.0003230           2         392           0
   12.354     0.0023991     0.0003195           2         392           0
   12.415     0.0031112     0.0003126           2         392           0
   12.475     0.0051091     0.0003154           2         392           0
   12.536     0.0064523     0.0003217           2         392           0
   12.596     0.0059679     0.0002935           2         392           0
   12.657     0.0051426     0.0002985           2         392           0
   12.717     0.0043451     0.0002913           2         392           0
   12.778     0.0033918     0.0002878           2         392           0
   12.838     0.0027641     0.0002929           2         392           0
   12.899     0.0024932     0.0003140           2         392           0
   12.959     0.0028655     0.0003217           2         392           0
   13.020     0.0029669     0.0003408           2         392           0
   13.080     0.0023376     0.0003705           2         392           0
   13.141     0.0022443     0.0003881           2         392           0
   13.201     0.0027625     0.0003871           2         392           0
   13.262     0.0029749     0.0003960           2         392           0
   13.322     0.0028915     0.0003728           2         392           0
   13.383     0.0031100     0.0003889           2         392           0
   13.443     0.0026590     0.0004257           2         392           0
   13.503     0.0018548     0.0005664           2         392           0
   13.564     0.0027479     0.0004215           2         392           0
   13.625     0.0021389     0.0005727           2         392           0
   13.685     0.0029674     0.0004766           2         392           0
   13.745     0.0031943     0.0005120           2         392           0
   13.806     0.0036816     0.0005345           2         392           0
   13.866     0.0035490     0.0005261           2         392           0
   13.927     0.0036318     0.0005671           2         392           0
   13.987     0.0040676     0.0005221           2         392           0
   14.048     0.0043637     0.0005303           2         392           0
   14.108     0.0042939     0.0005112           2         392           0
   14.154     0.0052289     0.0004145           3        4360           0
   14.239     0.0059323     0.0007928           3        4360           0
   14.323     0.0053562     0.0006179           3        4360           0
   14.408     0.0037274     0.0004280           3        4360           0
   14.493     0.0025752     0.0003851           3        4360           0
   14.577     0.0025369     0.0004366           3        4360           0
   14.662     0.0027256     0.0004666           3        4360           0
   14.747     0.0027230     0.0004513           3        4360           0
   14.832     0.0028487     0.0004657           3        4360           0
   14.916     0.0025625     0.0005030           3        4360           0
   15.001     0.0025438     0.0004747           3        4360           0
   15.085     0.0021577     0.0003980           3        4360           0
   15.170     0.0022859     0.0004563           3        4360           0
   15.255     0.0019183     0.0005493           3        4360           0
   15.340     0.0019612     0.0004309           3        4360           0
   15.424     0.0020863     0.0003683           3        4360           0
   15.509     0.0020537     0.0003131           3        4360           0
   15.594     0.0015704     0.0003719           3        4360           0
   15.678     0.0015516     0.0004017           3        4360           0
   15.763     0.0018633     0.0004132           3        4360           0
   15.848     0.0024670     0.0006823           3        4360           0
   15.932     0.0016475     0.0004394           3        4360           0
   16.017     0.0019503     0.0004741           3        4360           0
   16.102     0.0017223     0.0004619           3        4360           0
   16.186     0.0020994     0.0005597           3        4360           0
   16.271     0.0016403     0.0005314           3        4360           0
   16.356     0.0014897     0.0005458           3        4360           0
   16.440     0.0018416     0.0004177           3        4360           0
   16.525     0.0012091     0.0004315           3        4360           0
   16.610     0.0016910     0.0003476           3        4360           0
   16.694     0.0013781     0.0003588           3        4360           0
   16.779     0.0016988     0.0005604           3        4360           0
   16.864     0.0015883     0.0007968           3        4360           0
   16.948     0.0012865     0.0004940           3        4360           0
   17.033     0.0010639     0.0004888           3        4360           0
   17.118     0.0018062     0.0010094           3        4360           0
   17.202     0.0021464     0.0046566           3        4360           0
   17.287     0.0027433     0.0025765           3        4360           0
   17.372     0.0029012     0.0005564           3        4360           0
   17.456     0.0027863     0.0005310           3        4360           0
   17.541     0.0019623     0.0005184           3        4360           0
   17.626     0.0020968     0.0005242           3        4360           0
   17.711     0.0022128     0.0004987           3        4360           0
   17.795     0.0021046     0.0005025           3        4360           0
   17.880     0.0020367     0.0005191           3        4360           0
   17.965     0.0018615     0.0005517           3        4360           0
   18.049     0.0014476     0.0005364           3        4360           0
   18.134     0.0024423     0.0004816           3        4360           0
   18.219     0.0027519     0.0006549           3        4360           0
   18.303     0.0032094     0.0006983           3        4360           0
   18.388     0.0028710     0.0007024           3        4360           0
   18.472     0.0027881     0.0006616           3        4360           0
   18.557     0.0024914     0.0006942           3        4360           0
   18.642     0.0031153     0.0007434           3        4360           0
   18.727     0.0031396     0.0016617           3        4360           0
   18.811     0.0031118     0.0013956           3        4360           0
   18.896     0.0033606     0.0006869           3        4360           0
   18.981     0.0037955     0.0005931           3        4360           0
   19.065     0.0038126     0.0005998           3        4360           0
   19.150     0.0039765     0.0004829           3        4360           0
   19.235     0.0019484     0.0007375           3    19009600           0
   19.404     0.0027513     0.0014948           3    19009600           0
   19.573     0.0014065     0.0016053           3    19009600           0
   19.743     0.0022961     0.0010465           3    19009600           0
   19.912     0.0021584     0.0012730           3    19009600           0
   20.081     0.0027018     0.0043248           3        4360           0
   20.251     0.0020600     0.0021964           3        4360           0
   20.420     0.0020807     0.0019928           3        4360           0
   20.590     0.0023830     0.0014705           3        4360           0
   20.759     0.0025337     0.0011722           3        4360           0
   20.928     0.0031955     0.0020317           3        4360           0
   21.097     0.0021372     0.0006049           4        4360           0
   21.267     0.0020627     0.0008871           4        4360           0
   21.436     0.0020001     0.0006918           4        4360           0
   21.606     0.0019847     0.0008506           4        4360           0
   21.775     0.0019724     0.0008118           4        4360           0
   21.944     0.0023224     0.0008149           4        4360           0
   22.114     0.0018356     0.0007735           4        4360           0
   22.283     0.0023149     0.0005738           4        4360           0
   22.452     0.0016845     0.0034755           4        4360           0
   22.622     0.0027814     0.0011944           4        4360           0
   22.791     0.0020143     0.0007041           4        4360           0
   22.960     0.0020132     0.0004860           4        4360           0
   23.130     0.0024633     0.0005335           4        4360           0
   23.299     0.0024482     0.0005566           4        4360           0
   23.469     0.0025661     0.0005565           4        4360           0
   23.638     0.0024759     0.0005477           4        4360           0
   23.807     0.0026356     0.0005044           4        4360           0
   23.976     0.0033891     0.0004677           4        4360           0
   24.146     0.0033664     0.0005872           4        4360           0
   24.315     0.0030542     0.0006022           4        4360           0
   24.485     0.0025652     0.0006586           4        4360           0
   24.654     0.0035689     0.0004921           4        4360           0
   24.823     0.0029463     0.0005940           4        4360           0
   24.993     0.0035257     0.0006037           4        4360           0
   25.162     0.0024665     0.0006109           4        4360           0
   25.331     0.0035337     0.0006391           4        4360           0
   25.501     0.0023602     0.0006774           4        4360           0
   25.670     0.0025466     0.0007996           4        4360           0
   25.839     0.0025022     0.0028404           4        4360           0
   26.009     0.0030147     0.0008476           4        4360           0
   26.178     0.0035487     0.0005727           4        4360           0
   26.347     0.0032353     0.0004833           4        4360           0
   26.517     0.0026761     0.0007217           4        4360           0
   26.686     0.0035452     0.0011284           4        4360           0
   26.856     0.0034330     0.0017069           4        4360           0
   27.025     0.0034008     0.0011367           4        4360           0
   27.194     0.0036711     0.0009290           4        4360           0
   27.364     0.0040410     0.0012137           4        4360           0
   27.533     0.0033577     0.0005403           4        4360           0
   27.702     0.0041857     0.0005379           4        4360           0
   27.872     0.0037907     0.0006417           4        4360           0
   28.041     0.0040867     0.0007407           4        4360           0
   28.210     0.0038377     0.0008007           4        4360           0
   28.380     0.0034191     0.0006077           4        4360           0
   28.549     0.0038713     0.0018913           4        4360           0
   28.719     0.0041806     0.0008858           4        4360           0
   28.888     0.0043786     0.0017468           4        4360           0
   29.057     0.0049798     0.0022087           4        4360           0
   29.226     0.0049291     0.0019304           4        4360           0
   29.396     0.0037663     0.0014917           4        4360           0
   29.565     0.0037428     0.0030967           4        4360           0
   29.735     0.0036685     0.0028015           4        4360           0
   29.904     0.0037830     0.0009291           4        4360           0
   30.073     0.0035973     0.0007613           4        4360           0
   30.243     0.0031016     0.0007634           4        4360           0
   30.412     0.0023740     0.0008805           4        4360           0
   30.581     0.0035411     0.0011952           4        4360           0
   30.751     0.0038394     0.0008997           4        4360           0
   30.920     0.0035831     0.0009382           4        4360           0
   31.089     0.0030424     0.0010846           4        4360           0
   31.259     0.0045578     0.0009453           4        4360           0
   31.428     0.0049582     0.0007730           4        4360           0
   31.597     0.0051140     0.0008013           4        4360           0
   31.767     0.0040831     0.0007950           4        4360           0
   31.936     0.0037923     0.0008324           4        4360           0
   32.105     0.0049471     0.0009554           4        4360           0
   32.275     0.0055460     0.0010767           4        4360           0
   32.444     0.0041755     0.0012196           4        4360           0
   32.614     0.0047009     0.0013752           4        4360           0
   32.783     0.0036708     0.0012770           4        4360           0
   32.952     0.0025292     0.0014610           4        4360           0
   33.122     0.0047516     0.0019714           4        4360           0
   33.291     0.0031199     0.0018483           4        4360           0
   33.460     0.0027215     0.0013406           4        4360           0
   33.630     0.0041092     0.0014425           4        4360           0
   33.799     0.0045201     0.0015480           4        4360           0
   33.968     0.0055812     0.0017270           4        4360           0
   34.138     0.0058306     0.0020053           4        4360           0
   34.307     0.0059291     0.0014747           4        4360           0
   34.477     0.0061958     0.0018990           4        4360           0
   34.646     0.0061721     0.0019654           4        4360           0
   34.815     0.0074701     0.0029860           4        4360           0
   34.985     0.0090360     0.0145812           4        4360           0
   35.154     0.0037438     0.0061171           4        4360           0
   35.323     0.0077080     0.0051368           4        4360           0
   35.493     0.0043536     0.0165416           4        4360           0
   35.662     0.0041730     0.0053884           4        4360           0
   35.831     0.0049669     0.0026431           4        4360           0
   36.001     0.0048905     0.0027381           4        4360           0
   36.170     0.0050740     0.0039933           4        4360           0
   36.339     0.0065358     0.0051540           4        4360           0
   36.509     0.0099400     0.0028239           4        4360           0
   36.678     0.0051252     0.0049204           4        4360           0
   36.847     0.0051328     0.0053414           4        4360           0
   37.017     0.0085386     0.0052191           4        4360           0
   37.186     0.0075697     0.0057192           4        4360           0
   37.355     0.0090816     0.0056677           4        4360           0
   37.525     0.0080363     0.0048893           4        4360           0
   37.694     0.0049160     0.0053984           4        4360           0
   37.864     0.0062679     0.0096577           4        4360           0
   38.033     0.0138191     0.0410633           4        4360           0
   38.202     0.0091373     0.0657792           4        4360           0
   38.372     0.0110399     0.0195995           4        4360           0
   38.541     0.0011324     0.0527437           4        4360           0
   38.710     0.0001400     0.0213226           4        4360           0
   38.880     0.0115676     0.0157833           4        4360           0
   39.049     0.0085250     0.1241564           4        4360           0
   39.218     0.0024697     0.0539673           4        4360           0
   39.388     0.0027120     0.0123180           4        4360           0
   39.557     0.0043676     0.0317157           4        4360           0
   39.727     0.0070115     0.0551632           4        4360           0
   39.896     0.0031420     0.0283666           4        4488           0
   40.065     0.0004869     0.0097938           4        4488           0
   40.235    -0.0027461     0.0060455           4        4488           0
   40.404     0.0007548     0.0025728           4        4488           0
   40.573     0.0002665     0.0019169           4        4488           0
   40.743     0.0004298     0.0004605           4        4508           0
   40.912     0.0000822     0.0002697           4        4488           0
   41.081     0.0000039     0.0001682           4        4488           0
   41.251    -0.0000506     0.0001514           4        4488           0
   41.420     0.0001684     0.0002320           4        4488           0
   41.589     0.0003685     0.0003585           4        4488           0
   41.759     0.0003307     0.0003786           4        4488           0
   41.928     0.0003938     0.0008477           4        4508           0
   42.097     0.0002981     0.0006172           4        4508           0
   42.267     0.0006210     0.0007077           4        4488           0
