wave flux error channelflag bitflag stitchflag
    5.127     0.0001903     0.0035059           1         392           0
    5.157     0.0011004     0.0021979           1         136           0
    5.187     0.0003795     0.0009544           1         136           0
    5.217     0.0002950     0.0005802           1         136           0
    5.247     0.0004925     0.0005460           1         136           0
    5.278     0.0003708     0.0006311           1         136           0
    5.308     0.0005016     0.0006184           1         136           0
    5.338     0.0004102     0.0005498           1         392           0
    5.368     0.0000632     0.0005549           1         392           0
    5.399     0.0002098     0.0005487           1       16776           0
    5.429     0.0001792     0.0005429           1       16796           0
    5.459     0.0000904     0.0004939           1       16796           0
    5.489     0.0002724     0.0004902           1         392           0
    5.520     0.0003315     0.0004739           1         392           0
    5.550     0.0006120     0.0004954           1         392           0
    5.580     0.0005149     0.0004579           1         392           0
    5.610     0.0006140     0.0004857           1         392           0
    5.641     0.0003174     0.0004980           1        8468           0
    5.671     0.0001965     0.0004907           1        8468           0
    5.701     0.0002839     0.0004546           1         392           0
    5.731     0.0004872     0.0004473           1         392           0
    5.762     0.0005248     0.0004664           1         412           0
    5.792     0.0005569     0.0005002           1         412           0
    5.822     0.0005163     0.0004599           1         392           0
    5.852     0.0004174     0.0005208           1         392           0
    5.883     0.0001972     0.0005285           1         392           0
    5.913     0.0003387     0.0004976           1         136           0
    5.943     0.0004806     0.0005374           1         136           0
    5.973     0.0002311     0.0004576           1         136           0
    6.004     0.0004587     0.0005043           1         136           0
    6.034     0.0005108     0.0004637           1         136           0
    6.064     0.0005680     0.0004765           1         392           0
    6.094     0.0005063     0.0005063           1         392           0
    6.125     0.0008898     0.0005178           1         392           0
    6.155     0.0007814     0.0005065           1         392           0
    6.185     0.0006256     0.0004993           1         392           0
    6.215     0.0004258     0.0005035           1         392           0
    6.245     0.0004656     0.0004835           1         392           0
    6.276     0.0007407     0.0005449           1         392           0
    6.306     0.0008547     0.0005769           1         392           0
    6.336     0.0008947     0.0005904           1         392           0
    6.366     0.0005954     0.0005639           1         392           0
    6.397     0.0005247     0.0005677           1         392           0
    6.427     0.0009145     0.0005273           1         392           0
    6.457     0.0008356     0.0005318           1         392           0
    6.487     0.0006569     0.0005910           1         392           0
    6.518     0.0003516     0.0006023           1         392           0
    6.548     0.0006607     0.0006347           1         392           0
    6.578     0.0007386     0.0006878           1         392           0
    6.608     0.0009819     0.0006754           1         392           0
    6.639     0.0007311     0.0006243           1         136           0
    6.669     0.0006597     0.0006571           1         136           0
    6.699     0.0009199     0.0005903           1         136           0
    6.729     0.0011392     0.0006579           1         136           0
    6.760     0.0012382     0.0006568           1         136           0
    6.790     0.0011743     0.0006928           1         392           0
    6.820     0.0011830     0.0007476           1         392           0
    6.850     0.0006868     0.0007443           1         392           0
    6.881     0.0023967     0.0007346           1         392           0
    6.911     0.0028894     0.0007720           1         392           0
    6.941     0.0030263     0.0008793           1         392           0
    6.971     0.0028325     0.0008124           1         392           0
    7.002     0.0028767     0.0008544           1         392           0
    7.032     0.0023135     0.0008602           1         392           0
    7.062     0.0020484     0.0008607           1         392           0
    7.092     0.0017343     0.0007990           1         392           0
    7.122     0.0016597     0.0008639           1         392           0
    7.153     0.0015063     0.0007871           1         392           0
    7.183     0.0018249     0.0007727           1         392           0
    7.213     0.0018477     0.0008338           1         392           0
    7.243     0.0012687     0.0008618           1         392           0
    7.274     0.0015769     0.0008770           1         392           0
    7.304     0.0016838     0.0009480           1         392           0
    7.334     0.0008327     0.0011806           1       53312           0
    7.395     0.0009792     0.0013058           1       18496           0
    7.455     0.0012501     0.0012347           1       18496           0
    7.516     0.0013155     0.0011626           1       53312           0
    7.576     0.0010592     0.0014779           1      153664           0
    7.637     0.0008896     0.0005623           1         392           0
    7.697     0.0010454     0.0005700           1         392           0
    7.758     0.0012596     0.0006818           1         392           0
    7.818     0.0016337     0.0006988           1         392           0
    7.879     0.0013722     0.0006995           1         392           0
    7.939     0.0013196     0.0006644           1         392           0
    8.000     0.0012494     0.0006886           1         392           0
    8.060     0.0013889     0.0006261           1         392           0
    8.120     0.0016686     0.0005805           1         392           0
    8.181     0.0019798     0.0006061           1         392           0
    8.241     0.0022521     0.0006150           1         392           0
    8.302     0.0025420     0.0005877           1         392           0
    8.362     0.0032921     0.0003794           2       16796           0
    8.423     0.0033646     0.0003964           2       16796           0
    8.483     0.0037645     0.0004106           2       16792           0
    8.544     0.0038556     0.0003866           2       16776           0
    8.604     0.0037616     0.0003939           2         392           0
    8.665     0.0034904     0.0003742           2         392           0
    8.725     0.0033429     0.0003635           2         392           0
    8.786     0.0034238     0.0003871           2         392           0
    8.846     0.0032204     0.0003735           2         392           0
    8.907     0.0029828     0.0003475           2         392           0
    8.967     0.0029709     0.0003984           2         392           0
    9.028     0.0025884     0.0003919           2         136           0
    9.088     0.0021967     0.0004065           2         136           0
    9.149     0.0022289     0.0003766           2         136           0
    9.209     0.0020247     0.0003713           2         136           0
    9.270     0.0021326     0.0003706           2         136           0
    9.330     0.0022519     0.0003907           2         136           0
    9.391     0.0023967     0.0003269           2         392           0
    9.451     0.0022107     0.0003913           2         392           0
    9.512     0.0024326     0.0003665           2         392           0
    9.572     0.0024482     0.0003752           2         392           0
    9.633     0.0024871     0.0003575           2         392           0
    9.693     0.0020819     0.0003353           2         392           0
    9.754     0.0019204     0.0003470           2       16796           0
    9.814     0.0017629     0.0002810           2       16796           0
    9.875     0.0013273     0.0003352           2         392           0
    9.935     0.0014256     0.0003274           2         392           0
    9.995     0.0013160     0.0002978           2         392           0
   10.056     0.0011548     0.0003180           2         392           0
   10.116     0.0009670     0.0003267           2         392           0
   10.177     0.0011224     0.0003198           2         392           0
   10.237     0.0010805     0.0003025           2         392           0
   10.298     0.0009824     0.0003083           2         392           0
   10.358     0.0011801     0.0003169           2         392           0
   10.419     0.0007613     0.0003365           2         392           0
   10.479     0.0006469     0.0003495           2         392           0
   10.540     0.0008843     0.0003540           2         392           0
   10.600     0.0009714     0.0003490           2         392           0
   10.661     0.0007791     0.0003356           2         392           0
   10.721     0.0009761     0.0003499           2         392           0
   10.782     0.0011154     0.0003744           2         392           0
   10.842     0.0008754     0.0003701           2         392           0
   10.903     0.0007755     0.0003869           2         392           0
   10.963     0.0007545     0.0003861           2         392           0
   11.024     0.0007319     0.0004029           2         392           0
   11.084     0.0007875     0.0003953           2         392           0
   11.145     0.0007124     0.0003959           2         392           0
   11.205     0.0007464     0.0004013           2         392           0
   11.266     0.0009063     0.0004079           2         392           0
   11.326     0.0008909     0.0004036           2         392           0
   11.387     0.0007695     0.0004229           2         412           0
   11.447     0.0008279     0.0004212           2         412           0
   11.508     0.0009935     0.0004447           2         392           0
   11.568     0.0007648     0.0004228           2         392           0
   11.628     0.0011434     0.0004415           2         392           0
   11.689     0.0008977     0.0004355           2         392           0
   11.750     0.0013424     0.0004331           2         392           0
   11.810     0.0009795     0.0004250           2         392           0
   11.870     0.0010894     0.0004358           2         392           0
   11.931     0.0011761     0.0004268           2         392           0
   11.991     0.0010492     0.0004325           2         392           0
   12.052     0.0010353     0.0004485           2         392           0
   12.112     0.0012479     0.0004745           2         392           0
   12.173     0.0013428     0.0004531           2         392           0
   12.233     0.0015347     0.0004741           2         392           0
   12.294     0.0016912     0.0004725           2         392           0
   12.354     0.0019078     0.0004713           2         392           0
   12.415     0.0022242     0.0004588           2         392           0
   12.475     0.0032743     0.0004527           2         392           0
   12.536     0.0046301     0.0004619           2         392           0
   12.596     0.0048529     0.0004675           2         392           0
   12.657     0.0038565     0.0004412           2         392           0
   12.717     0.0034298     0.0004492           2         392           0
   12.778     0.0030369     0.0004476           2         392           0
   12.838     0.0026176     0.0004499           2         392           0
   12.899     0.0026290     0.0004806           2         392           0
   12.959     0.0024361     0.0004721           2         392           0
   13.020     0.0021176     0.0004963           2         392           0
   13.080     0.0019624     0.0005014           2         392           0
   13.141     0.0021661     0.0005653           2         392           0
   13.201     0.0021614     0.0005725           2         392           0
   13.262     0.0023798     0.0005980           2         392           0
   13.322     0.0022767     0.0005867           2         392           0
   13.383     0.0021718     0.0005927           2         392           0
   13.443     0.0025153     0.0006022           2         392           0
   13.503     0.0025380     0.0006559           2         392           0
   13.564     0.0025770     0.0006066           2         392           0
   13.625     0.0026607     0.0006544           2         392           0
   13.685     0.0026962     0.0006812           2         392           0
   13.745     0.0030336     0.0006508           2         392           0
   13.806     0.0028730     0.0006511           2         392           0
   13.866     0.0030646     0.0006838           2         392           0
   13.927     0.0033269     0.0006956           2         392           0
   13.985     0.0044729     0.0004272           3        4488           0
   14.069     0.0039282     0.0006029           3        4360           0
   14.154     0.0034845     0.0005390           3        4360           0
   14.239     0.0046728     0.0004322           3        4360           0
   14.323     0.0051133     0.0004476           3        4360           0
   14.408     0.0036568     0.0004018           3        4360           0
   14.493     0.0026938     0.0003753           3        4360           0
   14.577     0.0023232     0.0004294           3        4360           0
   14.662     0.0019636     0.0004849           3        4360           0
   14.747     0.0021101     0.0004316           3        4360           0
   14.832     0.0023469     0.0004564           3        4360           0
   14.916     0.0023341     0.0005661           3        4360           0
   15.001     0.0021990     0.0004481           3        4360           0
   15.085     0.0018874     0.0003873           3        4360           0
   15.170     0.0024257     0.0003912           3        4360           0
   15.255     0.0020850     0.0004602           3        4360           0
   15.340     0.0021579     0.0004902           3        4360           0
   15.424     0.0021785     0.0004171           3        4360           0
   15.509     0.0023240     0.0002992           3        4360           0
   15.594     0.0026826     0.0002557           3        4360           0
   15.678     0.0019073     0.0003667           3        4360           0
   15.763     0.0021743     0.0003759           3        4360           0
   15.848     0.0023665     0.0003981           3        4360           0
   15.932     0.0027712     0.0004296           3        4360           0
   16.017     0.0022803     0.0005149           3        4360           0
   16.102     0.0024048     0.0005618           3        4360           0
   16.186     0.0023333     0.0005493           3        4360           0
   16.271     0.0017460     0.0005878           3        4360           0
   16.356     0.0019978     0.0027117           3        4360           0
   16.440     0.0022112     0.0009707           3        4360           0
   16.525     0.0018351     0.0004262           3        4360           0
   16.610     0.0020147     0.0015616           3        4360           0
   16.694     0.0019523     0.0012595           3        4360           0
   16.779     0.0020776     0.0005755           3        4360           0
   16.864     0.0021235     0.0006846           3        4360           0
   16.948     0.0017726     0.0006116           3        4360           0
   17.033     0.0018769     0.0005068           3        4360           0
   17.118     0.0010532     0.0007989           3        4360           0
   17.202     0.0019382     0.0007375           3        4360           0
   17.287     0.0027697     0.0005107           3        4360           0
   17.372     0.0027021     0.0005069           3        4360           0
   17.456     0.0026802     0.0004816           3        4360           0
   17.541     0.0019482     0.0004967           3        4360           0
   17.626     0.0021027     0.0005450           3        4360           0
   17.711     0.0019015     0.0004077           3        4360           0
   17.795     0.0011653     0.0004063           3        4360           0
   17.880     0.0015510     0.0005068           3        4360           0
   17.965     0.0021445     0.0005473           3        4360           0
   18.049     0.0030174     0.0005090           3        4360           0
   18.134     0.0026951     0.0005655           3        4360           0
   18.219     0.0020289     0.0005262           3        4360           0
   18.303     0.0020951     0.0006826           3        4360           0
   18.388     0.0033870     0.0006251           3        4360           0
   18.472     0.0038913     0.0007061           3        4360           0
   18.557     0.0016492     0.0007074           3        4360           0
   18.642     0.0026098     0.0004420           3        4360           0
   18.727     0.0026868     0.0006131           3        4360           0
   18.811     0.0028883     0.0006069           3        4360           0
   18.896     0.0032979     0.0005930           3        4360           0
   18.981     0.0036959     0.0004825           3        4360           0
   19.065     0.0034753     0.0006158           3        4360           0
   19.150     0.0036062     0.0007190           3        4360           0
   19.235     0.0020624     0.0009451           3    19009600           0
   19.404     0.0025460     0.0015121           3    19009600           0
   19.573     0.0031172     0.0012197           3    19009600           0
   19.743     0.0028759     0.0014120           3    19009600           0
   19.912     0.0033799     0.0011659           3    19009600           0
   20.081     0.0032881     0.0022011           3    19009600           0
   20.251     0.0020911     0.0014051           3    19009600           0
   20.420     0.0027039     0.0012410           3    19009600           0
   20.590     0.0026364     0.0020987           3        4360           0
   20.759     0.0028999     0.0035988           3        4360           0
   20.928     0.0033164     0.0045100           3        4360           0
   21.097     0.0023329     0.0016397           3        4360           0
   21.267     0.0022192     0.0007246           4        4360           0
   21.436     0.0030991     0.0007525           4        4360           0
   21.606     0.0022193     0.0008002           4        4360           0
   21.775     0.0026225     0.0008857           4        4360           0
   21.944     0.0009465     0.0008849           4        4360           0
   22.114     0.0023139     0.0008051           4        4360           0
   22.283     0.0024828     0.0005091           4        4360           0
   22.452     0.0029321     0.0007921           4        4360           0
   22.622     0.0028329     0.0007735           4        4360           0
   22.791     0.0031943     0.0006403           4        4360           0
   22.960     0.0028113     0.0003970           4        4360           0
   23.130     0.0023328     0.0004346           4        4360           0
   23.299     0.0029129     0.0005384           4        4360           0
   23.469     0.0032430     0.0005549           4        4360           0
   23.638     0.0034518     0.0005503           4        4360           0
   23.807     0.0032219     0.0011714           4        4360           0
   23.976     0.0031768     0.0017001           4        4360           0
   24.146     0.0031116     0.0015563           4        4360           0
   24.315     0.0036347     0.0005271           4        4360           0
   24.485     0.0036710     0.0005389           4        4360           0
   24.654     0.0036635     0.0005383           4        4360           0
   24.823     0.0033444     0.0005574           4        4360           0
   24.993     0.0040215     0.0007366           4        4360           0
   25.162     0.0040483     0.0006632           4        4360           0
   25.331     0.0045566     0.0005436           4        4360           0
   25.501     0.0041706     0.0006475           4        4360           0
   25.670     0.0032454     0.0006981           4        4360           0
   25.839     0.0034859     0.0028321           4        4360           0
   26.009     0.0034777     0.0011094           4        4360           0
   26.178     0.0039287     0.0006811           4        4360           0
   26.347     0.0041344     0.0004831           4        4360           0
   26.517     0.0046641     0.0004400           4        4360           0
   26.686     0.0051912     0.0004864           4        4360           0
   26.856     0.0048970     0.0005991           4        4360           0
   27.025     0.0047743     0.0011831           4        4360           0
   27.194     0.0043339     0.0020091           4        4360           0
   27.364     0.0042304     0.0022023           4        4360           0
   27.533     0.0046761     0.0020042           4        4360           0
   27.702     0.0038798     0.0016341           4        4360           0
   27.872     0.0042259     0.0006737           4        4360           0
   28.041     0.0050592     0.0006126           4        4360           0
   28.210     0.0061736     0.0007357           4        4360           0
   28.380     0.0051359     0.0008375           4        4360           0
   28.549     0.0054999     0.0006946           4        4360           0
   28.719     0.0061526     0.0006157           4        4360           0
   28.888     0.0065634     0.0006292           4        4360           0
   29.057     0.0061664     0.0009216           4        4360           0
   29.226     0.0062193     0.0007422           4        4360           0
   29.396     0.0081800     0.0004520           4        4360           0
   29.565     0.0067216     0.0006258           4        4360           0
   29.735     0.0058659     0.0024045           4        4360           0
   29.904     0.0050287     0.0010486           4        4360           0
   30.073     0.0057186     0.0019358           4        4360           0
   30.243     0.0059324     0.0024182           4        4360           0
   30.412     0.0063308     0.0066240           4        4360           0
   30.581     0.0064592     0.0076146           4        4360           0
   30.751     0.0086636     0.0005969           4        4360           0
   30.920     0.0059445     0.0008243           4        4360           0
   31.089     0.0069577     0.0007352           4        4360           0
   31.259     0.0074335     0.0013576           4        4360           0
   31.428     0.0066432     0.0008519           4        4360           0
   31.597     0.0070651     0.0006711           4        4360           0
   31.767     0.0059337     0.0006610           4        4360           0
   31.936     0.0073433     0.0006709           4        4360           0
   32.105     0.0059867     0.0006155           4        4360           0
   32.275     0.0043583     0.0008796           4        4360           0
   32.444     0.0065011     0.0010246           4        4360           0
   32.614     0.0062565     0.0023357           4        4360           0
   32.783     0.0065877     0.0014220           4        4360           0
   32.952     0.0074756     0.0010931           4        4360           0
   33.122     0.0063299     0.0015876           4        4360           0
   33.291     0.0053891     0.0017801           4        4360           0
   33.460     0.0054538     0.0014354           4        4360           0
   33.630     0.0055048     0.0012544           4        4360           0
   33.799     0.0071903     0.0014608           4        4360           0
   33.968     0.0060247     0.0020193           4        4360           0
   34.138     0.0074923     0.0027723           4        4360           0
   34.307     0.0066139     0.0027233           4        4360           0
   34.477     0.0072232     0.0019530           4        4360           0
   34.646     0.0064155     0.0018918           4        4360           0
   34.815     0.0064642     0.0038812           4        4360           0
   34.985     0.0082164     0.0189578           4        4360           0
   35.154     0.0071213     0.0052774           4        4360           0
   35.323     0.0073348     0.0048180           4        4360           0
   35.493     0.0123204     0.0016782           4        4360           0
   35.662     0.0049330     0.0031537           4        4360           0
   35.831     0.0053315     0.0030450           4        4360           0
   36.001     0.0070273     0.0027380           4        4360           0
   36.170     0.0075281     0.0028915           4        4360           0
   36.339     0.0076601     0.0038780           4        4360           0
   36.509     0.0078316     0.0036049           4        4360           0
   36.678     0.0061071     0.0059279           4        4360           0
   36.847     0.0074124     0.0046014           4        4360           0
   37.017     0.0129908     0.0278315           4        4360           0
   37.186     0.0138628     0.0081556           4        4360           0
   37.355     0.0095573     0.0165026           4        4360           0
   37.525     0.0082892     0.0084874           4        4360           0
   37.694     0.0067606     0.0071284           4        4360           0
   37.864     0.0070091     0.0629705           4        4360           0
   38.033     0.0272045     0.0264762           4        4360           0
   38.202     0.0378611     0.0420248           4        4360           0
   38.372     0.0112482     0.0132647           4        4360           0
   38.541     0.0066146     0.0346319           4        4360           0
   38.710     0.0097077     0.0195241           4        4360           0
   38.880     0.0090989     0.0165570           4        4360           0
   39.049     0.0225430     0.0718151           4        4360           0
   39.218     0.0009780     0.0343962           4        4360           0
   39.388     0.0018268     0.0134296           4        4360           0
   39.557    -0.0010891     0.0347842           4        4360           0
   39.727    -0.0026201     0.0592089           4        4360           0
   39.896     0.0129551     0.0205299           4        4488           0
   40.065     0.0001822     0.0062081           4        4488           0
   40.235     0.0014785     0.0053997           4        4488           0
   40.404     0.0010082     0.0025588           4        4488           0
   40.573     0.0000277     0.0013120           4        4488           0
   40.743     0.0037034     0.0004878           4        4508           0
   40.912     0.0015942     0.0002622           4        4488           0
   41.081     0.0003170     0.0002492           4        4488           0
   41.251     0.0000775     0.0002422           4        4488           0
   41.420     0.0000276     0.0002903           4        4488           0
   41.589    -0.0000682     0.0003386           4        4488           0
   41.759    -0.0000177     0.0003575           4        4488           0
   41.928     0.0000915     0.0009039           4        4508           0
   42.097     0.0002096     0.0005191           4        4508           0
   42.267     0.0008179     0.0007213           4        4488           0
