wave flux error channelflag bitflag stitchflag
    5.127    -0.0005403     0.0036993           1         392           0
    5.157    -0.0016785     0.0020328           1         136           0
    5.187    -0.0000956     0.0010005           1         136           0
    5.217    -0.0001440     0.0005986           1         136           0
    5.247    -0.0001407     0.0006054           1         136           0
    5.278    -0.0003065     0.0006721           1         136           0
    5.308     0.0000730     0.0006445           1         136           0
    5.338    -0.0000177     0.0006661           1         392           0
    5.368    -0.0001290     0.0006241           1         392           0
    5.399    -0.0000904     0.0005969           1       16776           0
    5.429     0.0000103     0.0006114           1       16796           0
    5.459     0.0000428     0.0005898           1       16796           0
    5.489     0.0001586     0.0005327           1         392           0
    5.520     0.0002807     0.0005326           1         392           0
    5.550     0.0001911     0.0005076           1         392           0
    5.580     0.0000577     0.0005004           1         392           0
    5.610     0.0001890     0.0004951           1         392           0
    5.641     0.0002034     0.0005111           1        8468           0
    5.671     0.0001724     0.0004421           1        8468           0
    5.701    -0.0000158     0.0004469           1         392           0
    5.731    -0.0000905     0.0003580           1         392           0
    5.762     0.0000944     0.0005076           1         412           0
    5.792     0.0001714     0.0004293           1         412           0
    5.822     0.0001120     0.0004095           1         392           0
    5.852     0.0004873     0.0004895           1         392           0
    5.883     0.0004878     0.0005544           1         392           0
    5.913     0.0002625     0.0005277           1         136           0
    5.943     0.0001818     0.0004600           1         136           0
    5.973     0.0000605     0.0004746           1         136           0
    6.004     0.0000956     0.0004589           1         136           0
    6.034     0.0002970     0.0004616           1         136           0
    6.064     0.0004315     0.0004520           1         392           0
    6.094     0.0003160     0.0004230           1         392           0
    6.125     0.0002173     0.0004416           1         392           0
    6.155     0.0004826     0.0004822           1         392           0
    6.185     0.0003062     0.0004876           1         392           0
    6.215    -0.0000789     0.0005124           1         392           0
    6.245     0.0001736     0.0004602           1         392           0
    6.276     0.0002739     0.0005122           1         392           0
    6.306     0.0006863     0.0005573           1         392           0
    6.336     0.0016839     0.0005899           1         392           0
    6.366     0.0003562     0.0005517           1         392           0
    6.397     0.0005183     0.0005670           1         392           0
    6.427     0.0006921     0.0005808           1         392           0
    6.457     0.0011731     0.0004362           1         392           0
    6.487     0.0012349     0.0005634           1         392           0
    6.518     0.0013141     0.0006622           1         392           0
    6.548     0.0011951     0.0007192           1         392           0
    6.578     0.0007264     0.0008014           1         392           0
    6.608     0.0002924     0.0008051           1         392           0
    6.639     0.0006467     0.0007844           1         136           0
    6.669     0.0008857     0.0007056           1         136           0
    6.699     0.0005334     0.0006866           1         136           0
    6.729     0.0006858     0.0006990           1         136           0
    6.760     0.0005917     0.0007615           1         136           0
    6.790     0.0005551     0.0008378           1         392           0
    6.820     0.0002684     0.0008431           1         392           0
    6.850     0.0002624     0.0008526           1         392           0
    6.881     0.0010807     0.0008702           1         392           0
    6.911     0.0008625     0.0007910           1         392           0
    6.941     0.0006766     0.0008964           1         392           0
    6.971     0.0003261     0.0008191           1         392           0
    7.002     0.0001458     0.0008254           1         392           0
    7.032     0.0006235     0.0008194           1         392           0
    7.062     0.0008474     0.0007946           1         392           0
    7.092     0.0011293     0.0007322           1         392           0
    7.122     0.0007421     0.0008093           1         392           0
    7.153     0.0007892     0.0007646           1         392           0
    7.183     0.0006427     0.0007037           1         392           0
    7.213     0.0009477     0.0007383           1         392           0
    7.243     0.0008149     0.0007525           1         392           0
    7.274     0.0006626     0.0007566           1         392           0
    7.304     0.0002771     0.0008123           1         392           0
    7.334     0.0005706     0.0010974           1       53312           0
    7.395     0.0001641     0.0012273           1       18496           0
    7.455     0.0008803     0.0010539           1       18496           0
    7.516     0.0007691     0.0010364           1       53312           0
    7.576     0.0006922     0.0013014           1      153664           0
    7.637     0.0009939     0.0005577           1         392           0
    7.697     0.0006762     0.0006204           1         392           0
    7.758     0.0019758     0.0004587           1         392           0
    7.818     0.0024340     0.0005591           1         392           0
    7.879     0.0026570     0.0004436           1         392           0
    7.939     0.0028033     0.0004268           1         392           0
    8.000     0.0032892     0.0004051           1         392           0
    8.060     0.0031711     0.0004038           1         392           0
    8.120     0.0033934     0.0003835           1         392           0
    8.181     0.0031683     0.0003055           1         392           0
    8.241     0.0034668     0.0004364           1         392           0
    8.302     0.0028882     0.0004642           1         392           0
    8.362     0.0022470     0.0001850           2       16796           0
    8.423     0.0020160     0.0001900           2       16796           0
    8.483     0.0014000     0.0001850           2       16792           0
    8.544     0.0006980     0.0002576           2       16776           0
    8.604     0.0008083     0.0003394           2         392           0
    8.665     0.0012370     0.0001810           2         392           0
    8.725     0.0018120     0.0001850           2         392           0
    8.786     0.0023075     0.0002899           2         392           0
    8.846     0.0021930     0.0001700           2         392           0
    8.907     0.0016670     0.0001920           2         392           0
    8.967     0.0026340     0.0001970           2         392           0
    9.028     0.0027481     0.0003112           2         136           0
    9.088     0.0026503     0.0003218           2         136           0
    9.149     0.0013449     0.0003829           2         136           0
    9.209     0.0012336     0.0003770           2         136           0
    9.270     0.0006471     0.0003806           2         136           0
    9.330     0.0007639     0.0004267           2         136           0
    9.391     0.0003139     0.0003008           2         392           0
    9.451     0.0012903     0.0003569           2         392           0
    9.512     0.0008768     0.0003656           2         392           0
    9.572     0.0007414     0.0003777           2         392           0
    9.633     0.0009685     0.0002922           2         392           0
    9.693     0.0009267     0.0003615           2         392           0
    9.754     0.0018058     0.0002716           2       16796           0
    9.814     0.0018403     0.0002192           2       16796           0
    9.875     0.0006432     0.0003095           2         392           0
    9.935     0.0001591     0.0002595           2         392           0
    9.995     0.0007951     0.0002466           2         392           0
   10.056     0.0012684     0.0002030           2         392           0
   10.116     0.0010408     0.0002500           2         392           0
   10.177     0.0011280     0.0001967           2         392           0
   10.237     0.0012640     0.0002051           2         392           0
   10.298     0.0015167     0.0002136           2         392           0
   10.358     0.0012854     0.0002065           2         392           0
   10.419     0.0012458     0.0002202           2         392           0
   10.479     0.0013629     0.0002215           2         392           0
   10.540     0.0004782     0.0002512           2         392           0
   10.600     0.0007315     0.0003117           2         392           0
   10.661     0.0007586     0.0003264           2         392           0
   10.721     0.0008152     0.0003448           2         392           0
   10.782     0.0005975     0.0003318           2         392           0
   10.842     0.0008089     0.0003532           2         392           0
   10.903     0.0007355     0.0003618           2         392           0
   10.963     0.0015685     0.0002511           2         392           0
   11.024     0.0021021     0.0002689           2         392           0
   11.084     0.0021855     0.0002864           2         392           0
   11.145     0.0016171     0.0003610           2         392           0
   11.205     0.0013002     0.0003837           2         392           0
   11.266     0.0006526     0.0003742           2         392           0
   11.326     0.0007809     0.0003141           2         392           0
   11.387     0.0011303     0.0003133           2         412           0
   11.447     0.0025431     0.0003338           2         412           0
   11.508     0.0028598     0.0003241           2         392           0
   11.568     0.0031187     0.0003274           2         392           0
   11.628     0.0050424     0.0003380           2         392           0
   11.689     0.0060710     0.0002180           2         392           0
   11.750     0.0070530     0.0002340           2         392           0
   11.810     0.0056940     0.0002180           2         392           0
   11.870     0.0048710     0.0002470           2         392           0
   11.931     0.0041130     0.0002210           2         392           0
   11.991     0.0038397     0.0003345           2         392           0
   12.052     0.0041879     0.0003338           2         392           0
   12.112     0.0031898     0.0003083           2         392           0
   12.173     0.0025950     0.0002912           2         392           0
   12.233     0.0028694     0.0002801           2         392           0
   12.294     0.0029571     0.0003127           2         392           0
   12.354     0.0025245     0.0003282           2         392           0
   12.415     0.0026715     0.0003092           2         392           0
   12.475     0.0026130     0.0002110           2         392           0
   12.536     0.0031730     0.0002935           2         392           0
   12.596     0.0030295     0.0002920           2         392           0
   12.657     0.0029795     0.0002788           2         392           0
   12.717     0.0030881     0.0002850           2         392           0
   12.778     0.0033583     0.0003042           2         392           0
   12.838     0.0027560     0.0002190           2         392           0
   12.899     0.0036101     0.0003104           2         392           0
   12.959     0.0033132     0.0003203           2         392           0
   13.020     0.0034582     0.0003189           2         392           0
   13.080     0.0041634     0.0003431           2         392           0
   13.141     0.0030830     0.0002450           2         392           0
   13.201     0.0045013     0.0003946           2         392           0
   13.262     0.0050251     0.0004041           2         392           0
   13.322     0.0044020     0.0002660           2         392           0
   13.383     0.0048330     0.0003060           2         392           0
   13.443     0.0049247     0.0004193           2         392           0
   13.503     0.0022213     0.0005289           2         392           0
   13.564     0.0017301     0.0006240           2         392           0
   13.625     0.0029911     0.0004321           2         392           0
   13.685     0.0029424     0.0004781           2         392           0
   13.745     0.0033169     0.0004555           2         392           0
   13.806     0.0017081     0.0005156           2         392           0
   13.866     0.0017244     0.0007428           2         392           0
   13.927     0.0019999     0.0007866           2         392           0
   13.985     0.0035674     0.0007996           3        4488           0
   14.069     0.0038295     0.0004855           3        4360           0
   14.154     0.0040278     0.0010654           3        4360           0
   14.239     0.0036413     0.0005291           3        4360           0
   14.323     0.0032270     0.0004468           3        4360           0
   14.408     0.0032271     0.0003851           3        4360           0
   14.493     0.0035244     0.0002985           3        4360           0
   14.577     0.0034765     0.0003409           3        4360           0
   14.662     0.0031690     0.0004224           3        4360           0
   14.747     0.0032762     0.0004723           3        4360           0
   14.832     0.0033568     0.0004451           3        4360           0
   14.916     0.0038097     0.0004058           3        4360           0
   15.001     0.0035516     0.0004517           3        4360           0
   15.085     0.0027846     0.0003828           3        4360           0
   15.170     0.0030784     0.0004088           3        4360           0
   15.255     0.0033855     0.0004408           3        4360           0
   15.340     0.0026831     0.0003696           3        4360           0
   15.424     0.0030412     0.0003794           3        4360           0
   15.509     0.0029379     0.0003497           3        4360           0
   15.594     0.0029327     0.0003770           3        4360           0
   15.678     0.0029450     0.0003939           3        4360           0
   15.763     0.0029071     0.0003817           3        4360           0
   15.848     0.0030546     0.0004273           3        4360           0
   15.932     0.0034736     0.0008025           3        4360           0
   16.017     0.0028998     0.0025769           3        4360           0
   16.102     0.0024820     0.0007863           3        4360           0
   16.186     0.0040010     0.0005346           3        4360           0
   16.271     0.0041848     0.0005613           3        4360           0
   16.356     0.0036558     0.0004890           3        4360           0
   16.440     0.0028634     0.0014351           3        4360           0
   16.525     0.0035177     0.0007434           3        4360           0
   16.610     0.0040035     0.0003430           3        4360           0
   16.694     0.0040845     0.0004057           3        4360           0
   16.779     0.0037172     0.0004418           3        4360           0
   16.864     0.0035810     0.0005129           3        4360           0
   16.948     0.0042765     0.0006715           3        4360           0
   17.033     0.0047374     0.0005101           3        4360           0
   17.118     0.0055294     0.0012315           3        4360           0
   17.202     0.0056839     0.0007644           3        4360           0
   17.287     0.0060825     0.0005843           3        4360           0
   17.372     0.0061589     0.0004671           3        4360           0
   17.456     0.0058197     0.0005897           3        4360           0
   17.541     0.0051513     0.0005102           3        4360           0
   17.626     0.0053243     0.0004904           3        4360           0
   17.711     0.0064798     0.0005120           3        4360           0
   17.795     0.0072664     0.0005453           3        4360           0
   17.880     0.0068912     0.0005255           3        4360           0
   17.965     0.0061355     0.0005747           3        4360           0
   18.049     0.0059551     0.0005626           3        4360           0
   18.134     0.0056005     0.0006196           3        4360           0
   18.219     0.0047798     0.0006399           3        4360           0
   18.303     0.0046326     0.0007023           3        4360           0
   18.388     0.0050144     0.0007380           3        4360           0
   18.472     0.0054945     0.0006918           3        4360           0
   18.557     0.0051518     0.0007058           3        4360           0
   18.642     0.0047592     0.0006773           3        4360           0
   18.727     0.0044991     0.0005768           3        4360           0
   18.811     0.0047401     0.0006005           3        4360           0
   18.896     0.0044762     0.0005835           3        4360           0
   18.981     0.0037773     0.0007337           3        4360           0
   19.065     0.0041224     0.0014910           3        4360           0
   19.150     0.0046789     0.0026775           3        4360           0
   19.235     0.0031576     0.0047049           3    19009600           0
   19.404     0.0057777     0.0016292           3    19009600           0
   19.573     0.0045248     0.0011683           3    19009600           0
   19.743     0.0051630     0.0023055           3    19009600           0
   19.912     0.0042319     0.0010645           3    19009600           0
   20.081     0.0043920     0.0043629           3        4360           0
   20.251     0.0044278     0.0018594           3        4360           0
   20.420     0.0044434     0.0012045           3        4360           0
   20.590     0.0044808     0.0010947           3        4360           0
   20.759     0.0046736     0.0013920           3        4360           0
   20.928     0.0040456     0.0015362           3        4360           0
   21.097     0.0047344     0.0006160           4        4360           0
   21.267     0.0053544     0.0006280           4        4360           0
   21.436     0.0053281     0.0007234           4        4360           0
   21.606     0.0048495     0.0007208           4        4360           0
   21.775     0.0062574     0.0007916           4        4360           0
   21.944     0.0062292     0.0007361           4        4360           0
   22.114     0.0050426     0.0007102           4        4360           0
   22.283     0.0062866     0.0012019           4        4360           0
   22.452     0.0053043     0.0006690           4        4360           0
   22.622     0.0052765     0.0006639           4        4360           0
   22.791     0.0055293     0.0006680           4        4360           0
   22.960     0.0051286     0.0003917           4        4360           0
   23.130     0.0052713     0.0005146           4        4360           0
   23.299     0.0056003     0.0005608           4        4360           0
   23.469     0.0055185     0.0005261           4        4360           0
   23.638     0.0056523     0.0005407           4        4360           0
   23.807     0.0055466     0.0004874           4        4360           0
   23.976     0.0055898     0.0004546           4        4360           0
   24.146     0.0058683     0.0005450           4        4360           0
   24.315     0.0060979     0.0005681           4        4360           0
   24.485     0.0065335     0.0005928           4        4360           0
   24.654     0.0064035     0.0005790           4        4360           0
   24.823     0.0062128     0.0006243           4        4360           0
   24.993     0.0064850     0.0007141           4        4360           0
   25.162     0.0066871     0.0005810           4        4360           0
   25.331     0.0061236     0.0006450           4        4360           0
   25.501     0.0040450     0.0006119           4        4360           0
   25.670     0.0064150     0.0006731           4        4360           0
   25.839     0.0069797     0.0024473           4        4360           0
   26.009     0.0066026     0.0021167           4        4360           0
   26.178     0.0064897     0.0008781           4        4360           0
   26.347     0.0065747     0.0004284           4        4360           0
   26.517     0.0067113     0.0005038           4        4360           0
   26.686     0.0066251     0.0005562           4        4360           0
   26.856     0.0074044     0.0005556           4        4360           0
   27.025     0.0074435     0.0005407           4        4360           0
   27.194     0.0071462     0.0005212           4        4360           0
   27.364     0.0071976     0.0004902           4        4360           0
   27.533     0.0066888     0.0004988           4        4360           0
   27.702     0.0071856     0.0005872           4        4360           0
   27.872     0.0065412     0.0006337           4        4360           0
   28.041     0.0067100     0.0007065           4        4360           0
   28.210     0.0062399     0.0007430           4        4360           0
   28.380     0.0067866     0.0007062           4        4360           0
   28.549     0.0070193     0.0006653           4        4360           0
   28.719     0.0070435     0.0006457           4        4360           0
   28.888     0.0078728     0.0006282           4        4360           0
   29.057     0.0083651     0.0006828           4        4360           0
   29.226     0.0080336     0.0006903           4        4360           0
   29.396     0.0087858     0.0008369           4        4360           0
   29.565     0.0091456     0.0008194           4        4360           0
   29.735     0.0080813     0.0006736           4        4360           0
   29.904     0.0073364     0.0008156           4        4360           0
   30.073     0.0073350     0.0006374           4        4360           0
   30.243     0.0073668     0.0006573           4        4360           0
   30.412     0.0072267     0.0025453           4        4360           0
   30.581     0.0083646     0.0113132           4        4360           0
   30.751     0.0067925     0.0031927           4        4360           0
   30.920     0.0081664     0.0009153           4        4360           0
   31.089     0.0085943     0.0008243           4        4360           0
   31.259     0.0090596     0.0008226           4        4360           0
   31.428     0.0079532     0.0007153           4        4360           0
   31.597     0.0077447     0.0007505           4        4360           0
   31.767     0.0074790     0.0007451           4        4360           0
   31.936     0.0079851     0.0008109           4        4360           0
   32.105     0.0087503     0.0009233           4        4360           0
   32.275     0.0089975     0.0010892           4        4360           0
   32.444     0.0080037     0.0012851           4        4360           0
   32.614     0.0064547     0.0012338           4        4360           0
   32.783     0.0080700     0.0012206           4        4360           0
   32.952     0.0076671     0.0013407           4        4360           0
   33.122     0.0096877     0.0014548           4        4360           0
   33.291     0.0094013     0.0014412           4        4360           0
   33.460     0.0103036     0.0013405           4        4360           0
   33.630     0.0097609     0.0014648           4        4360           0
   33.799     0.0111070     0.0016146           4        4360           0
   33.968     0.0103846     0.0018476           4        4360           0
   34.138     0.0103784     0.0023879           4        4360           0
   34.307     0.0122352     0.0026196           4        4360           0
   34.477     0.0117385     0.0021960           4        4360           0
   34.646     0.0117851     0.0018713           4        4360           0
   34.815     0.0121533     0.0021507           4        4360           0
   34.985     0.0150357     0.0044334           4        4360           0
   35.154     0.0112289     0.0031670           4        4360           0
   35.323     0.0102763     0.0044467           4        4360           0
   35.493     0.0078493     0.0028817           4        4360           0
   35.662     0.0085327     0.0026781           4        4360           0
   35.831     0.0080039     0.0025451           4        4360           0
   36.001     0.0085059     0.0025010           4        4360           0
   36.170     0.0098905     0.0038014           4        4360           0
   36.339     0.0130199     0.0073069           4        4360           0
   36.509     0.0146007     0.0026225           4        4360           0
   36.678     0.0121213     0.0037530           4        4360           0
   36.847     0.0148403     0.0042000           4        4360           0
   37.017     0.0104796     0.0062705           4        4360           0
   37.186     0.0053475     0.0093735           4        4360           0
   37.355     0.0046245     0.0067870           4        4360           0
   37.525     0.0031890     0.0052184           4        4360           0
   37.694     0.0058700     0.0047620           4        4360           0
   37.864     0.0004877     0.0063340           4        4360           0
   38.033     0.0124295     0.0129260           4        4360           0
   38.202     0.0236103     0.0083078           4        4360           0
   38.372     0.0057183     0.0182204           4        4360           0
   38.541     0.0005474     0.0273914           4        4360           0
   38.710    -0.0060414     0.0143219           4        4360           0
   38.880    -0.0003065     0.0181006           4        4360           0
   39.049     0.0119341     0.2529048           4        4360           0
   39.218     0.0083832     0.1067122           4        4360           0
   39.388     0.0070525     0.0103395           4        4360           0
   39.557     0.0101614     0.0311334           4        4360           0
   39.727     0.0143115     0.0524868           4        4360           0
   39.896     0.0237594     0.0163315           4        4488           0
   40.065     0.0006425     0.0075931           4        4488           0
   40.235     0.0010664     0.0040619           4        4488           0
   40.404     0.0001227     0.0022850           4        4488           0
   40.573     0.0000118     0.0009705           4        4488           0
   40.743     0.0004879     0.0004131           4        4508           0
   40.912     0.0015320     0.0001230           4        4488           0
   41.081     0.0005170     0.0000790           4        4488           0
   41.251    -0.0000599     0.0001143           4        4488           0
   41.420     0.0001534     0.0002202           4        4488           0
   41.589    -0.0006238     0.0002873           4        4488           0
   41.759    -0.0007086     0.0002980           4        4488           0
   41.928     0.0010201     0.0009122           4        4508           0
   42.097    -0.0004768     0.0005273           4        4508           0
   42.267     0.0015237     0.0007046           4        4488           0
