wave flux error channelflag bitflag stitchflag
    5.127    -0.0002333     0.0036265           1         392           0
    5.157    -0.0002401     0.0022341           1         136           0
    5.187     0.0004330     0.0009137           1         136           0
    5.217     0.0002989     0.0005669           1         136           0
    5.247     0.0001922     0.0005993           1         136           0
    5.278    -0.0001040     0.0006319           1         136           0
    5.308    -0.0000078     0.0006591           1         136           0
    5.338     0.0000490     0.0006173           1         392           0
    5.368     0.0001878     0.0006296           1         392           0
    5.399    -0.0000405     0.0006012           1       16776           0
    5.429     0.0001166     0.0006328           1       16796           0
    5.459     0.0000575     0.0006305           1       16796           0
    5.489     0.0000867     0.0005393           1         392           0
    5.520    -0.0000107     0.0005030           1         392           0
    5.550     0.0000852     0.0005372           1         392           0
    5.580     0.0002757     0.0004802           1         392           0
    5.610     0.0001130     0.0004688           1         392           0
    5.641    -0.0000264     0.0005027           1        8468           0
    5.671     0.0001351     0.0003974           1        8468           0
    5.701     0.0000190     0.0004154           1         392           0
    5.731     0.0000769     0.0003962           1         392           0
    5.762     0.0001875     0.0004556           1         412           0
    5.792     0.0004774     0.0004125           1         412           0
    5.822     0.0004767     0.0004219           1         392           0
    5.852     0.0001716     0.0004674           1         392           0
    5.883     0.0003595     0.0005208           1         392           0
    5.913     0.0002410     0.0005023           1         136           0
    5.943     0.0000818     0.0004664           1         136           0
    5.973     0.0000100     0.0004807           1         136           0
    6.004     0.0002397     0.0004701           1         136           0
    6.034     0.0003205     0.0004714           1         136           0
    6.064     0.0002684     0.0004656           1         392           0
    6.094     0.0002059     0.0004353           1         392           0
    6.125     0.0002356     0.0004281           1         392           0
    6.155     0.0003899     0.0004584           1         392           0
    6.185     0.0002612     0.0004544           1         392           0
    6.215     0.0000914     0.0004559           1         392           0
    6.245     0.0003623     0.0004251           1         392           0
    6.276     0.0004718     0.0004549           1         392           0
    6.306    -0.0000963     0.0005457           1         392           0
    6.336    -0.0010247     0.0006080           1         392           0
    6.366    -0.0000404     0.0005222           1         392           0
    6.397     0.0003483     0.0005661           1         392           0
    6.427     0.0003728     0.0005327           1         392           0
    6.457     0.0005539     0.0005178           1         392           0
    6.487     0.0005947     0.0006028           1         392           0
    6.518     0.0002320     0.0006039           1         392           0
    6.548     0.0001530     0.0007132           1         392           0
    6.578     0.0001608     0.0008338           1         392           0
    6.608     0.0004426     0.0007897           1         392           0
    6.639     0.0002971     0.0007784           1         136           0
    6.669     0.0003707     0.0007683           1         136           0
    6.699     0.0005615     0.0006877           1         136           0
    6.729    -0.0002101     0.0005942           1         136           0
    6.760     0.0014129     0.0007198           1         136           0
    6.790     0.0001372     0.0006943           1         392           0
    6.820     0.0010305     0.0008348           1         392           0
    6.850     0.0028901     0.0005333           1         392           0
    6.881     0.0000405     0.0006634           1         392           0
    6.911     0.0005603     0.0007926           1         392           0
    6.941     0.0009150     0.0007712           1         392           0
    6.971     0.0009473     0.0007863           1         392           0
    7.002     0.0005561     0.0007381           1         392           0
    7.032     0.0002433     0.0008007           1         392           0
    7.062     0.0000858     0.0007978           1         392           0
    7.092     0.0002147     0.0007459           1         392           0
    7.122     0.0008858     0.0008253           1         392           0
    7.153     0.0001084     0.0007426           1         392           0
    7.183     0.0002010     0.0006794           1         392           0
    7.213     0.0002899     0.0007069           1         392           0
    7.243     0.0002026     0.0007145           1         392           0
    7.274     0.0004953     0.0007957           1         392           0
    7.304     0.0004094     0.0008255           1         392           0
    7.334     0.0004116     0.0010089           1       53312           0
    7.395     0.0005014     0.0011487           1       18496           0
    7.455     0.0006081     0.0009528           1       18496           0
    7.516     0.0005454     0.0009926           1       53312           0
    7.576     0.0003284     0.0013136           1      153664           0
    7.637     0.0011835     0.0004424           1         392           0
    7.697     0.0008685     0.0005616           1         392           0
    7.758     0.0006498     0.0007228           1         392           0
    7.818     0.0007248     0.0006955           1         392           0
    7.879     0.0000804     0.0005851           1         392           0
    7.939     0.0004717     0.0005685           1         392           0
    8.000     0.0004432     0.0005399           1         392           0
    8.060     0.0005766     0.0004833           1         392           0
    8.120     0.0008654     0.0004801           1         392           0
    8.181     0.0018510     0.0003859           1         392           0
    8.241     0.0019455     0.0002875           1         392           0
    8.302     0.0019379     0.0003363           1         392           0
    8.362     0.0025990     0.0001730           2       16796           0
    8.423     0.0031810     0.0001870           2       16796           0
    8.483     0.0028210     0.0001990           2       16792           0
    8.544     0.0026010     0.0001960           2       16776           0
    8.604     0.0024720     0.0002030           2         392           0
    8.665     0.0027040     0.0001950           2         392           0
    8.725     0.0026310     0.0001870           2         392           0
    8.786     0.0024660     0.0001790           2         392           0
    8.846     0.0017790     0.0001840           2         392           0
    8.907     0.0015800     0.0001670           2         392           0
    8.967     0.0017670     0.0002050           2         392           0
    9.028     0.0014300     0.0002150           2         136           0
    9.088     0.0017390     0.0002450           2         136           0
    9.149     0.0024496     0.0003416           2         136           0
    9.209     0.0024005     0.0003244           2         136           0
    9.270     0.0017450     0.0001870           2         136           0
    9.330     0.0018850     0.0002060           2         136           0
    9.391     0.0023670     0.0002570           2         392           0
    9.451     0.0017900     0.0002160           2         392           0
    9.512     0.0018530     0.0001920           2         392           0
    9.572     0.0025110     0.0001830           2         392           0
    9.633     0.0019720     0.0001750           2         392           0
    9.693     0.0014720     0.0001920           2         392           0
    9.754     0.0009640     0.0001780           2       16796           0
    9.814     0.0009570     0.0001550           2       16796           0
    9.875     0.0010320     0.0001630           2         392           0
    9.935     0.0008650     0.0001510           2         392           0
    9.995     0.0006709     0.0002001           2         392           0
   10.056     0.0003695     0.0002015           2         392           0
   10.116     0.0002500     0.0002593           2         392           0
   10.177     0.0011530     0.0001460           2         392           0
   10.237     0.0005989     0.0001938           2         392           0
   10.298     0.0003969     0.0002008           2         392           0
   10.358     0.0010220     0.0001510           2         392           0
   10.419     0.0009970     0.0001590           2         392           0
   10.479     0.0004852     0.0002307           2         392           0
   10.540     0.0005987     0.0002698           2         392           0
   10.600     0.0013810     0.0001600           2         392           0
   10.661     0.0013260     0.0001560           2         392           0
   10.721     0.0006827     0.0002331           2         392           0
   10.782     0.0005316     0.0002426           2         392           0
   10.842     0.0006283     0.0002329           2         392           0
   10.903     0.0005132     0.0003083           2         392           0
   10.963     0.0002812     0.0003178           2         392           0
   11.024     0.0012570     0.0001990           2         392           0
   11.084     0.0003540     0.0003378           2         392           0
   11.145     0.0011730     0.0002140           2         392           0
   11.205     0.0004743     0.0003799           2         392           0
   11.266     0.0003196     0.0003807           2         392           0
   11.326     0.0013066     0.0003211           2         392           0
   11.387     0.0016452     0.0003183           2         412           0
   11.447     0.0004648     0.0004112           2         412           0
   11.508     0.0010586     0.0003154           2         392           0
   11.568     0.0018140     0.0002280           2         392           0
   11.628     0.0016660     0.0002590           2         392           0
   11.689     0.0004688     0.0004406           2         392           0
   11.750     0.0006012     0.0004066           2         392           0
   11.810     0.0005998     0.0003216           2         392           0
   11.870     0.0016370     0.0002040           2         392           0
   11.931     0.0017480     0.0002230           2         392           0
   11.991     0.0016800     0.0002420           2         392           0
   12.052     0.0019350     0.0002490           2         392           0
   12.112     0.0021190     0.0002220           2         392           0
   12.173     0.0025200     0.0002230           2         392           0
   12.233     0.0028370     0.0002280           2         392           0
   12.294     0.0041510     0.0002220           2         392           0
   12.354     0.0064320     0.0002250           2         392           0
   12.415     0.0071880     0.0002280           2         392           0
   12.475     0.0068810     0.0002250           2         392           0
   12.536     0.0051600     0.0002100           2         392           0
   12.596     0.0038300     0.0002050           2         392           0
   12.657     0.0036610     0.0002020           2         392           0
   12.717     0.0033050     0.0001900           2         392           0
   12.778     0.0028080     0.0001950           2         392           0
   12.838     0.0029080     0.0002120           2         392           0
   12.899     0.0030640     0.0002280           2         392           0
   12.959     0.0027750     0.0002450           2         392           0
   13.020     0.0026250     0.0002390           2         392           0
   13.080     0.0032280     0.0002410           2         392           0
   13.141     0.0034460     0.0002490           2         392           0
   13.201     0.0040590     0.0002530           2         392           0
   13.262     0.0032400     0.0002580           2         392           0
   13.322     0.0034350     0.0002780           2         392           0
   13.383     0.0033220     0.0003020           2         392           0
   13.443     0.0029190     0.0003310           2         392           0
   13.503     0.0043500     0.0004382           2         392           0
   13.564     0.0036260     0.0002930           2         392           0
   13.625     0.0043390     0.0002830           2         392           0
   13.685     0.0039480     0.0003280           2         392           0
   13.745     0.0046680     0.0003530           2         392           0
   13.806     0.0062190     0.0005278           2         392           0
   13.866     0.0048420     0.0003410           2         392           0
   13.927     0.0053105     0.0005894           2         392           0
   13.987     0.0072162     0.0005446           2         392           0
   14.069     0.0086379     0.0005820           3        4360           0
   14.154     0.0064755     0.0007313           3        4360           0
   14.239     0.0053466     0.0005105           3        4360           0
   14.323     0.0041319     0.0006942           3        4360           0
   14.408     0.0036566     0.0005942           3        4360           0
   14.493     0.0037135     0.0005828           3        4360           0
   14.577     0.0041647     0.0006111           3        4360           0
   14.662     0.0044715     0.0006095           3        4360           0
   14.747     0.0045969     0.0006409           3        4360           0
   14.832     0.0040687     0.0006276           3        4360           0
   14.916     0.0044799     0.0007005           3        4360           0
   15.001     0.0042061     0.0006821           3        4360           0
   15.085     0.0039099     0.0006228           3        4360           0
   15.170     0.0035220     0.0006020           3        4360           0
   15.255     0.0033943     0.0006014           3        4360           0
   15.340     0.0031596     0.0006318           3        4360           0
   15.424     0.0030600     0.0005667           3        4360           0
   15.509     0.0033783     0.0028723           3        4360           0
   15.594     0.0037140     0.0022709           3        4360           0
   15.678     0.0036514     0.0005405           3        4360           0
   15.763     0.0035227     0.0005558           3        4360           0
   15.848     0.0032741     0.0005474           3        4360           0
   15.932     0.0034293     0.0006634           3        4360           0
   16.017     0.0036738     0.0007074           3        4360           0
   16.102     0.0043749     0.0006860           3        4360           0
   16.186     0.0031764     0.0008021           3        4360           0
   16.271     0.0035345     0.0007125           3        4360           0
   16.356     0.0039019     0.0006894           3        4360           0
   16.440     0.0036890     0.0006373           3        4360           0
   16.525     0.0040048     0.0040735           3        4360           0
   16.610     0.0041256     0.0037017           3        4360           0
   16.694     0.0042995     0.0026159           3        4360           0
   16.779     0.0044959     0.0010204           3        4360           0
   16.864     0.0047669     0.0009528           3        4360           0
   16.948     0.0045631     0.0009159           3        4360           0
   17.033     0.0050895     0.0006867           3        4360           0
   17.118     0.0051541     0.0016242           3        4360           0
   17.202     0.0055350     0.0012232           3        4360           0
   17.287     0.0048735     0.0007911           3        4360           0
   17.372     0.0048669     0.0008129           3        4360           0
   17.456     0.0042890     0.0008630           3        4360           0
   17.541     0.0044461     0.0007035           3        4360           0
   17.626     0.0054393     0.0007213           3        4360           0
   17.711     0.0054279     0.0007485           3        4360           0
   17.795     0.0055288     0.0007549           3        4360           0
   17.880     0.0047516     0.0006493           3        4360           0
   17.965     0.0059761     0.0008663           3        4360           0
   18.049     0.0074200     0.0008423           3        4360           0
   18.134     0.0067288     0.0008624           3        4360           0
   18.219     0.0063236     0.0010181           3        4360           0
   18.303     0.0064972     0.0011059           3        4360           0
   18.388     0.0067342     0.0008947           3        4360           0
   18.472     0.0073624     0.0009283           3        4360           0
   18.557     0.0043707     0.0008689           3        4360           0
   18.642     0.0079652     0.0008238           3        4360           0
   18.727     0.0078767     0.0006714           3        4360           0
   18.811     0.0063603     0.0007849           3        4360           0
   18.896     0.0074121     0.0007494           3        4360           0
   18.981     0.0074709     0.0006978           3        4360           0
   19.065     0.0084852     0.0008654           3        4360           0
   19.150     0.0083932     0.0006973           3        4360           0
   19.235     0.0043436     0.0010213           3    19009600           0
   19.404     0.0075641     0.0023550           3    19009600           0
   19.573     0.0088641     0.0019688           3    19009600           0
   19.743     0.0072513     0.0015631           3    19009600           0
   19.912     0.0075607     0.0016364           3    19009600           0
   20.081     0.0090385     0.0056006           3        4360           0
   20.251     0.0102768     0.0027140           3        4360           0
   20.420     0.0082333     0.0028435           3        4360           0
   20.590     0.0088505     0.0023670           3        4360           0
   20.759     0.0090544     0.0045838           3        4360           0
   20.928     0.0088096     0.0026718           3        4360           0
   21.097     0.0071215     0.0007244           4        4360           0
   21.267     0.0083226     0.0008899           4        4360           0
   21.436     0.0101408     0.0009662           4        4360           0
   21.606     0.0070882     0.0011325           4        4360           0
   21.775     0.0096139     0.0008677           4        4360           0
   21.944     0.0105483     0.0009613           4        4360           0
   22.114     0.0096232     0.0009689           4        4360           0
   22.283     0.0075825     0.0007160           4        4360           0
   22.452     0.0093038     0.0008677           4        4360           0
   22.622     0.0101850     0.0009058           4        4360           0
   22.791     0.0098719     0.0005879           4        4360           0
   22.960     0.0097434     0.0006823           4        4360           0
   23.130     0.0092647     0.0007244           4        4360           0
   23.299     0.0102126     0.0007258           4        4360           0
   23.469     0.0103676     0.0007812           4        4360           0
   23.638     0.0105472     0.0007011           4        4360           0
   23.807     0.0095869     0.0006444           4        4360           0
   23.976     0.0090727     0.0006733           4        4360           0
   24.146     0.0098213     0.0007952           4        4360           0
   24.315     0.0104881     0.0007994           4        4360           0
   24.485     0.0104840     0.0008938           4        4360           0
   24.654     0.0102897     0.0008434           4        4360           0
   24.823     0.0106340     0.0008444           4        4360           0
   24.993     0.0107074     0.0010494           4        4360           0
   25.162     0.0118705     0.0007232           4        4360           0
   25.331     0.0116524     0.0008726           4        4360           0
   25.501     0.0113955     0.0009784           4        4360           0
   25.670     0.0107138     0.0009709           4        4360           0
   25.839     0.0112504     0.0036342           4        4360           0
   26.009     0.0127460     0.0011578           4        4360           0
   26.178     0.0126113     0.0007277           4        4360           0
   26.347     0.0126053     0.0007232           4        4360           0
   26.517     0.0115256     0.0006265           4        4360           0
   26.686     0.0115703     0.0008330           4        4360           0
   26.856     0.0121237     0.0008089           4        4360           0
   27.025     0.0124006     0.0007915           4        4360           0
   27.194     0.0124808     0.0008190           4        4360           0
   27.364     0.0127174     0.0007117           4        4360           0
   27.533     0.0118606     0.0007768           4        4360           0
   27.702     0.0109627     0.0009020           4        4360           0
   27.872     0.0124870     0.0008050           4        4360           0
   28.041     0.0123856     0.0010243           4        4360           0
   28.210     0.0122776     0.0011226           4        4360           0
   28.380     0.0138706     0.0009995           4        4360           0
   28.549     0.0144661     0.0009910           4        4360           0
   28.719     0.0140467     0.0008974           4        4360           0
   28.888     0.0146573     0.0007082           4        4360           0
   29.057     0.0127331     0.0007743           4        4360           0
   29.226     0.0120569     0.0008109           4        4360           0
   29.396     0.0128521     0.0011683           4        4360           0
   29.565     0.0143987     0.0028987           4        4360           0
   29.735     0.0149460     0.0028125           4        4360           0
   29.904     0.0150736     0.0014852           4        4360           0
   30.073     0.0151222     0.0011385           4        4360           0
   30.243     0.0146355     0.0011570           4        4360           0
   30.412     0.0151979     0.0013247           4        4360           0
   30.581     0.0140169     0.0019822           4        4360           0
   30.751     0.0152104     0.0013738           4        4360           0
   30.920     0.0166064     0.0013874           4        4360           0
   31.089     0.0172154     0.0013258           4        4360           0
   31.259     0.0161393     0.0012597           4        4360           0
   31.428     0.0156533     0.0009202           4        4360           0
   31.597     0.0149889     0.0010809           4        4360           0
   31.767     0.0161086     0.0009516           4        4360           0
   31.936     0.0155882     0.0017856           4        4360           0
   32.105     0.0134643     0.0029026           4        4360           0
   32.275     0.0135787     0.0010444           4        4360           0
   32.444     0.0152835     0.0019666           4        4360           0
   32.614     0.0160762     0.0035685           4        4360           0
   32.783     0.0144426     0.0021416           4        4360           0
   32.952     0.0157051     0.0018904           4        4360           0
   33.122     0.0156614     0.0022610           4        4360           0
   33.291     0.0156519     0.0038472           4        4360           0
   33.460     0.0184837     0.0030413           4        4360           0
   33.630     0.0180765     0.0022374           4        4360           0
   33.799     0.0163556     0.0024711           4        4360           0
   33.968     0.0191179     0.0025772           4        4360           0
   34.138     0.0200893     0.0030899           4        4360           0
   34.307     0.0193009     0.0039868           4        4360           0
   34.477     0.0160458     0.0028530           4        4360           0
   34.646     0.0157873     0.0025815           4        4360           0
   34.815     0.0170750     0.0055988           4        4360           0
   34.985     0.0260540     0.0279190           4        4360           0
   35.154     0.0163634     0.0090598           4        4360           0
   35.323     0.0233357     0.0055745           4        4360           0
   35.493     0.0177240     0.0118879           4        4360           0
   35.662     0.0170156     0.0081631           4        4360           0
   35.831     0.0201387     0.0063623           4        4360           0
   36.001     0.0242483     0.0037782           4        4360           0
   36.170     0.0227630     0.0034894           4        4360           0
   36.339     0.0193985     0.0046735           4        4360           0
   36.509     0.0233989     0.0038726           4        4360           0
   36.678     0.0220963     0.0083211           4        4360           0
   36.847     0.0265072     0.0067162           4        4360           0
   37.017     0.0268370     0.0114031           4        4360           0
   37.186     0.0282573     0.0099300           4        4360           0
   37.355     0.0209009     0.0178798           4        4360           0
   37.525     0.0153721     0.0092180           4        4360           0
   37.694     0.0231146     0.0081744           4        4360           0
   37.864     0.0332388     0.0183590           4        4360           0
   38.033     0.0437877     0.0457279           4        4360           0
   38.202     0.0579871     0.0578918           4        4360           0
   38.372     0.0870192     0.0173979           4        4360           0
   38.541     0.0273886     0.0351682           4        4360           0
   38.710     0.0284699     0.0253191           4        4360           0
   38.880     0.0243482     0.0269462           4        4360           0
   39.049     0.0157458     0.2953630           4        4360           0
   39.218     0.0239549     0.0667085           4        4360           0
   39.388     0.0299413     0.0206031           4        4360           0
   39.557     0.0143868     0.0669802           4        4360           0
   39.727     0.0069924     0.1149356           4        4360           0
   39.896     0.0023566     0.0249201           4        4488           0
   40.065     0.0015083     0.0111130           4        4488           0
   40.235    -0.0009742     0.0100786           4        4488           0
   40.404     0.0015051     0.0038858           4        4488           0
   40.573     0.0021085     0.0015161           4        4488           0
   40.743     0.0011760     0.0005679           4        4508           0
   40.912     0.0006672     0.0003181           4        4488           0
   41.081     0.0002495     0.0002279           4        4488           0
   41.251     0.0000614     0.0002027           4        4488           0
   41.420     0.0002192     0.0003031           4        4488           0
   41.589     0.0010205     0.0002619           4        4488           0
   41.759     0.0037890     0.0002040           4        4488           0
   41.928     0.0019851     0.0012688           4        4508           0
   42.097     0.0004495     0.0008224           4        4508           0
   42.267     0.0030698     0.0009784           4        4488           0
