wave flux error channelflag bitflag stitchflag
    5.127     0.0001481     0.0035925           1         392           0
    5.157     0.0009506     0.0022578           1         136           0
    5.187     0.0009299     0.0009653           1         136           0
    5.217     0.0005384     0.0006051           1         136           0
    5.247     0.0007812     0.0005974           1         136           0
    5.278     0.0010743     0.0006961           1         136           0
    5.308     0.0010159     0.0005908           1         136           0
    5.338     0.0008344     0.0005640           1         392           0
    5.368     0.0007057     0.0005469           1         392           0
    5.399     0.0011591     0.0006059           1       16776           0
    5.429     0.0012114     0.0005662           1       16796           0
    5.459     0.0007460     0.0005271           1       16796           0
    5.489     0.0007380     0.0005015           1         392           0
    5.520     0.0010051     0.0004896           1         392           0
    5.550     0.0008001     0.0005069           1         392           0
    5.580     0.0004773     0.0004891           1         392           0
    5.610     0.0004531     0.0004813           1         392           0
    5.641     0.0006637     0.0004587           1        8468           0
    5.671     0.0008420     0.0004171           1        8468           0
    5.701     0.0005888     0.0004797           1         392           0
    5.731     0.0006165     0.0004043           1         392           0
    5.762     0.0008833     0.0004571           1         412           0
    5.792     0.0004881     0.0004188           1         412           0
    5.822     0.0006076     0.0004361           1         392           0
    5.852     0.0008743     0.0004498           1         392           0
    5.883     0.0006183     0.0004592           1         392           0
    5.913     0.0008085     0.0004706           1         136           0
    5.943     0.0008013     0.0004811           1         136           0
    5.973     0.0005436     0.0004642           1         136           0
    6.004     0.0005222     0.0004581           1         136           0
    6.034     0.0004688     0.0004339           1         136           0
    6.064     0.0005479     0.0003975           1         392           0
    6.094     0.0001852     0.0004846           1         392           0
    6.125     0.0004314     0.0005053           1         392           0
    6.155     0.0003873     0.0004883           1         392           0
    6.185     0.0004538     0.0004877           1         392           0
    6.215     0.0001903     0.0004912           1         392           0
    6.245     0.0004319     0.0005154           1         392           0
    6.276     0.0005303     0.0005006           1         392           0
    6.306     0.0004734     0.0005330           1         392           0
    6.336     0.0003927     0.0005532           1         392           0
    6.366     0.0005954     0.0005985           1         392           0
    6.397     0.0004751     0.0005931           1         392           0
    6.427    -0.0005536     0.0005947           1         392           0
    6.457     0.0001541     0.0003536           1         392           0
    6.487     0.0002383     0.0005467           1         392           0
    6.518     0.0004728     0.0005333           1         392           0
    6.548     0.0002010     0.0006976           1         392           0
    6.578    -0.0001876     0.0007687           1         392           0
    6.608     0.0005071     0.0007243           1         392           0
    6.639     0.0002154     0.0007142           1         136           0
    6.669     0.0005040     0.0007051           1         136           0
    6.699     0.0004588     0.0006378           1         136           0
    6.729     0.0003087     0.0006927           1         136           0
    6.760     0.0005026     0.0007147           1         136           0
    6.790     0.0005350     0.0007206           1         392           0
    6.820     0.0004107     0.0007427           1         392           0
    6.850     0.0010659     0.0005882           1         392           0
    6.881     0.0009211     0.0006370           1         392           0
    6.911     0.0010714     0.0005802           1         392           0
    6.941     0.0006576     0.0006219           1         392           0
    6.971     0.0002291     0.0007725           1         392           0
    7.002     0.0000817     0.0007944           1         392           0
    7.032     0.0001057     0.0008151           1         392           0
    7.062     0.0002570     0.0007825           1         392           0
    7.092    -0.0002856     0.0007622           1         392           0
    7.122    -0.0002922     0.0007268           1         392           0
    7.153    -0.0004278     0.0007285           1         392           0
    7.183    -0.0005309     0.0006693           1         392           0
    7.213    -0.0005164     0.0007328           1         392           0
    7.243    -0.0006330     0.0007320           1         392           0
    7.274    -0.0006497     0.0007960           1         392           0
    7.304    -0.0012148     0.0008330           1         392           0
    7.334    -0.0009733     0.0011046           1       53312           0
    7.395     0.0012100     0.0012747           1       18496           0
    7.455     0.0013178     0.0010891           1       18496           0
    7.516     0.0012308     0.0010766           1       53312           0
    7.576     0.0013021     0.0014309           1      153664           0
    7.637     0.0010285     0.0006144           1         392           0
    7.697     0.0014553     0.0005619           1         392           0
    7.758     0.0009992     0.0007341           1         392           0
    7.818     0.0009075     0.0007383           1         392           0
    7.879     0.0012979     0.0006781           1         392           0
    7.939     0.0009164     0.0007101           1         392           0
    8.000     0.0009799     0.0006467           1         392           0
    8.060     0.0010775     0.0005536           1         392           0
    8.120     0.0010575     0.0005787           1         392           0
    8.181     0.0013151     0.0005448           1         392           0
    8.241     0.0016534     0.0005877           1         392           0
    8.302     0.0019155     0.0004872           1         392           0
    8.362     0.0019955     0.0003143           2       16796           0
    8.423     0.0017816     0.0003269           2       16796           0
    8.483     0.0018307     0.0003299           2       16792           0
    8.544     0.0018935     0.0003168           2       16776           0
    8.604     0.0018285     0.0003074           2         392           0
    8.665     0.0021579     0.0002997           2         392           0
    8.725     0.0022233     0.0002896           2         392           0
    8.786     0.0019332     0.0003054           2         392           0
    8.846     0.0016261     0.0003126           2         392           0
    8.907     0.0009524     0.0003614           2         392           0
    8.967     0.0006845     0.0003378           2         392           0
    9.028     0.0012363     0.0003482           2         136           0
    9.088     0.0012611     0.0003499           2         136           0
    9.149     0.0013369     0.0003159           2         136           0
    9.209     0.0011755     0.0003955           2         136           0
    9.270     0.0010857     0.0003489           2         136           0
    9.330     0.0009534     0.0003441           2         136           0
    9.391     0.0014801     0.0003138           2         392           0
    9.451     0.0013786     0.0003598           2         392           0
    9.512     0.0013178     0.0003591           2         392           0
    9.572     0.0013193     0.0003760           2         392           0
    9.633     0.0012754     0.0003188           2         392           0
    9.693     0.0012420     0.0003054           2         392           0
    9.754     0.0010427     0.0002419           2       16796           0
    9.814     0.0008537     0.0003005           2       16796           0
    9.875     0.0007422     0.0002889           2         392           0
    9.935     0.0003405     0.0003261           2         392           0
    9.995     0.0004666     0.0003084           2         392           0
   10.056     0.0004832     0.0003351           2         392           0
   10.116     0.0006585     0.0002554           2         392           0
   10.177     0.0004218     0.0003050           2         392           0
   10.237     0.0003674     0.0003000           2         392           0
   10.298     0.0003887     0.0002924           2         392           0
   10.358     0.0003122     0.0003057           2         392           0
   10.419     0.0006022     0.0002772           2         392           0
   10.479     0.0002842     0.0003207           2         392           0
   10.540     0.0001334     0.0003262           2         392           0
   10.600     0.0002019     0.0003160           2         392           0
   10.661     0.0001715     0.0003342           2         392           0
   10.721     0.0004006     0.0003472           2         392           0
   10.782     0.0004619     0.0003337           2         392           0
   10.842     0.0004414     0.0003482           2         392           0
   10.903     0.0004921     0.0003014           2         392           0
   10.963     0.0002759     0.0003494           2         392           0
   11.024     0.0000741     0.0003624           2         392           0
   11.084     0.0001933     0.0004013           2         392           0
   11.145     0.0003745     0.0004089           2         392           0
   11.205     0.0002567     0.0004054           2         392           0
   11.266     0.0004068     0.0004070           2         392           0
   11.326     0.0003480     0.0004197           2         392           0
   11.387     0.0002383     0.0004331           2         412           0
   11.447     0.0000008     0.0004463           2         412           0
   11.508     0.0003394     0.0004475           2         392           0
   11.568     0.0001850     0.0004560           2         392           0
   11.628     0.0001457     0.0004853           2         392           0
   11.689     0.0004864     0.0004644           2         392           0
   11.750     0.0005117     0.0004732           2         392           0
   11.810     0.0004109     0.0004583           2         392           0
   11.870     0.0004318     0.0003993           2         392           0
   11.931     0.0000407     0.0004758           2         392           0
   11.991     0.0000065     0.0004594           2         392           0
   12.052     0.0006607     0.0004107           2         392           0
   12.112     0.0004865     0.0004746           2         392           0
   12.173     0.0007068     0.0004624           2         392           0
   12.233     0.0007524     0.0004944           2         392           0
   12.294     0.0012795     0.0004212           2         392           0
   12.354     0.0005473     0.0004772           2         392           0
   12.415     0.0014687     0.0004196           2         392           0
   12.475     0.0028224     0.0003928           2         392           0
   12.536     0.0035134     0.0004043           2         392           0
   12.596     0.0033433     0.0003799           2         392           0
   12.657     0.0030108     0.0003727           2         392           0
   12.717     0.0025115     0.0003713           2         392           0
   12.778     0.0020800     0.0003656           2         392           0
   12.838     0.0016818     0.0003851           2         392           0
   12.899     0.0011409     0.0003928           2         392           0
   12.959     0.0005139     0.0004529           2         392           0
   13.020     0.0007297     0.0003998           2         392           0
   13.080     0.0008099     0.0004123           2         392           0
   13.141     0.0007158     0.0004262           2         392           0
   13.201     0.0002373     0.0005012           2         392           0
   13.262     0.0006175     0.0005236           2         392           0
   13.322     0.0005844     0.0005424           2         392           0
   13.383     0.0011280     0.0004656           2         392           0
   13.443     0.0009602     0.0004844           2         392           0
   13.503     0.0003523     0.0005832           2         392           0
   13.564     0.0003836     0.0006054           2         392           0
   13.625     0.0009063     0.0006393           2         392           0
   13.685     0.0006099     0.0006417           2         392           0
   13.745     0.0008728     0.0005640           2         392           0
   13.806     0.0008558     0.0005606           2         392           0
   13.866     0.0005119     0.0006701           2         392           0
   13.927     0.0004768     0.0007368           2         392           0
   13.985     0.0022327     0.0005839           3        4488           0
   14.069     0.0022477     0.0005468           3        4360           0
   14.154     0.0023656     0.0004421           3        4360           0
   14.239     0.0026391     0.0004451           3        4360           0
   14.323     0.0025253     0.0004232           3        4360           0
   14.408     0.0020385     0.0003872           3        4360           0
   14.493     0.0014731     0.0003597           3        4360           0
   14.577     0.0007825     0.0003925           3        4360           0
   14.662     0.0006818     0.0004180           3        4360           0
   14.747     0.0010244     0.0004560           3        4360           0
   14.832     0.0006775     0.0004765           3        4360           0
   14.916     0.0005670     0.0005453           3        4360           0
   15.001     0.0008226     0.0004751           3        4360           0
   15.085     0.0006888     0.0003728           3        4360           0
   15.170     0.0005378     0.0004374           3        4360           0
   15.255     0.0004678     0.0004671           3        4360           0
   15.340     0.0002160     0.0004510           3        4360           0
   15.424     0.0003277     0.0003154           3        4360           0
   15.509     0.0000516     0.0003258           3        4360           0
   15.594     0.0001625     0.0003609           3        4360           0
   15.678     0.0003303     0.0004000           3        4360           0
   15.763     0.0003633     0.0003825           3        4360           0
   15.848     0.0005572     0.0003814           3        4360           0
   15.932     0.0007466     0.0004748           3        4360           0
   16.017     0.0007411     0.0005225           3        4360           0
   16.102     0.0003875     0.0005426           3        4360           0
   16.186     0.0005510     0.0005534           3        4360           0
   16.271     0.0004780     0.0004883           3        4360           0
   16.356     0.0000234     0.0005078           3        4360           0
   16.440     0.0003578     0.0017852           3        4360           0
   16.525     0.0004614     0.0015262           3        4360           0
   16.610     0.0004070     0.0009184           3        4360           0
   16.694     0.0004357     0.0003966           3        4360           0
   16.779    -0.0000643     0.0004843           3        4360           0
   16.864    -0.0001603     0.0006556           3        4360           0
   16.948     0.0000724     0.0006698           3        4360           0
   17.033     0.0002849     0.0004462           3        4360           0
   17.118     0.0002935     0.0011072           3        4360           0
   17.202     0.0002468     0.0005690           3        4360           0
   17.287     0.0008627     0.0004828           3        4360           0
   17.372     0.0005088     0.0005891           3        4360           0
   17.456     0.0003312     0.0005084           3        4360           0
   17.541     0.0004926     0.0009079           3        4360           0
   17.626     0.0001629     0.0006899           3        4360           0
   17.711     0.0001050     0.0004921           3        4360           0
   17.795     0.0007291     0.0004473           3        4360           0
   17.880     0.0002689     0.0005044           3        4360           0
   17.965     0.0003029     0.0005031           3        4360           0
   18.049     0.0001115     0.0004738           3        4360           0
   18.134     0.0008428     0.0006119           3        4360           0
   18.219     0.0009736     0.0006683           3        4360           0
   18.303     0.0007363     0.0007971           3        4360           0
   18.388     0.0017290     0.0006492           3        4360           0
   18.472     0.0017542     0.0006821           3        4360           0
   18.557     0.0006387     0.0007802           3        4360           0
   18.642     0.0004571     0.0006268           3        4360           0
   18.727     0.0006490     0.0005834           3        4360           0
   18.811     0.0010991     0.0006193           3        4360           0
   18.896     0.0014409     0.0011520           3        4360           0
   18.981     0.0022739     0.0016407           3        4360           0
   19.065     0.0029053     0.0017237           3        4360           0
   19.150     0.0017873     0.0005481           3        4360           0
   19.235     0.0013472     0.0008079           3    19009600           0
   19.404     0.0012267     0.0016740           3    19009600           0
   19.573     0.0003969     0.0011911           3    19009600           0
   19.743     0.0006667     0.0010168           3    19009600           0
   19.912     0.0001350     0.0011325           3    19009600           0
   20.081     0.0003083     0.0032828           3        4360           0
   20.251     0.0005947     0.0019087           3        4360           0
   20.420     0.0009899     0.0013252           3        4360           0
   20.590     0.0008975     0.0011751           3        4360           0
   20.759     0.0010339     0.0014609           3        4360           0
   20.928     0.0012761     0.0016475           3        4360           0
   21.097     0.0012511     0.0006130           4        4360           0
   21.267     0.0007611     0.0007812           4        4360           0
   21.436     0.0015124     0.0008372           4        4360           0
   21.606     0.0015992     0.0008105           4        4360           0
   21.775     0.0014832     0.0006668           4        4360           0
   21.944    -0.0002979     0.0008604           4        4360           0
   22.114     0.0009593     0.0007001           4        4360           0
   22.283     0.0009814     0.0005367           4        4360           0
   22.452     0.0008905     0.0024576           4        4360           0
   22.622     0.0013380     0.0009253           4        4360           0
   22.791     0.0010519     0.0005824           4        4360           0
   22.960     0.0013066     0.0004439           4        4360           0
   23.130     0.0016730     0.0004807           4        4360           0
   23.299     0.0010612     0.0004721           4        4360           0
   23.469     0.0014380     0.0005645           4        4360           0
   23.638     0.0011640     0.0005219           4        4360           0
   23.807     0.0010050     0.0004660           4        4360           0
   23.976     0.0013007     0.0004625           4        4360           0
   24.146     0.0011442     0.0005312           4        4360           0
   24.315     0.0007572     0.0005087           4        4360           0
   24.485     0.0007680     0.0005818           4        4360           0
   24.654     0.0006057     0.0005219           4        4360           0
   24.823     0.0012280     0.0005945           4        4360           0
   24.993     0.0017363     0.0006704           4        4360           0
   25.162     0.0010110     0.0005580           4        4360           0
   25.331     0.0008374     0.0005945           4        4360           0
   25.501     0.0010374     0.0006066           4        4360           0
   25.670     0.0014401     0.0006885           4        4360           0
   25.839     0.0017012     0.0029275           4        4360           0
   26.009     0.0018880     0.0008509           4        4360           0
   26.178     0.0012097     0.0004893           4        4360           0
   26.347     0.0012528     0.0003975           4        4360           0
   26.517     0.0011914     0.0004811           4        4360           0
   26.686     0.0011026     0.0005474           4        4360           0
   26.856     0.0015524     0.0005437           4        4360           0
   27.025     0.0018846     0.0004705           4        4360           0
   27.194     0.0015520     0.0004538           4        4360           0
   27.364     0.0015232     0.0004626           4        4360           0
   27.533     0.0015094     0.0005005           4        4360           0
   27.702     0.0020002     0.0006138           4        4360           0
   27.872     0.0020386     0.0006099           4        4360           0
   28.041     0.0020001     0.0007214           4        4360           0
   28.210     0.0005257     0.0007323           4        4360           0
   28.380     0.0021491     0.0007102           4        4360           0
   28.549     0.0013872     0.0006711           4        4360           0
   28.719     0.0014833     0.0005889           4        4360           0
   28.888     0.0026019     0.0005981           4        4360           0
   29.057     0.0020079     0.0006456           4        4360           0
   29.226     0.0011725     0.0007301           4        4360           0
   29.396     0.0013325     0.0009238           4        4360           0
   29.565     0.0017270     0.0038918           4        4360           0
   29.735     0.0019515     0.0035892           4        4360           0
   29.904     0.0019964     0.0007462           4        4360           0
   30.073     0.0018035     0.0006980           4        4360           0
   30.243     0.0019257     0.0007033           4        4360           0
   30.412     0.0018347     0.0009442           4        4360           0
   30.581     0.0015570     0.0091295           4        4360           0
   30.751     0.0022113     0.0011672           4        4360           0
   30.920     0.0015016     0.0009914           4        4360           0
   31.089     0.0027889     0.0008470           4        4360           0
   31.259     0.0016550     0.0008289           4        4360           0
   31.428     0.0021471     0.0007106           4        4360           0
   31.597     0.0022897     0.0007247           4        4360           0
   31.767     0.0029482     0.0007387           4        4360           0
   31.936     0.0027921     0.0007934           4        4360           0
   32.105     0.0022478     0.0009156           4        4360           0
   32.275     0.0021925     0.0011021           4        4360           0
   32.444     0.0027044     0.0013175           4        4360           0
   32.614     0.0025432     0.0016404           4        4360           0
   32.783     0.0028280     0.0012480           4        4360           0
   32.952     0.0043913     0.0011714           4        4360           0
   33.122     0.0004896     0.0015926           4        4360           0
   33.291     0.0031082     0.0017249           4        4360           0
   33.460    -0.0004240     0.0014068           4        4360           0
   33.630     0.0021526     0.0014270           4        4360           0
   33.799     0.0033016     0.0015952           4        4360           0
   33.968     0.0032467     0.0015822           4        4360           0
   34.138     0.0026425     0.0022270           4        4360           0
   34.307     0.0018863     0.0031059           4        4360           0
   34.477     0.0029567     0.0021465           4        4360           0
   34.646     0.0034693     0.0018100           4        4360           0
   34.815     0.0042619     0.0033394           4        4360           0
   34.985     0.0011838     0.0157625           4        4360           0
   35.154     0.0025197     0.0044239           4        4360           0
   35.323     0.0018631     0.0034761           4        4360           0
   35.493     0.0024985     0.0159735           4        4360           0
   35.662     0.0030986     0.0054764           4        4360           0
   35.831     0.0031069     0.0027327           4        4360           0
   36.001     0.0014619     0.0027560           4        4360           0
   36.170     0.0011683     0.0030629           4        4360           0
   36.339     0.0031304     0.0035007           4        4360           0
   36.509     0.0024885     0.0029096           4        4360           0
   36.678     0.0022823     0.0034938           4        4360           0
   36.847     0.0040510     0.0041264           4        4360           0
   37.017     0.0005405     0.0045498           4        4360           0
   37.186    -0.0002703     0.0051591           4        4360           0
   37.355     0.0026630     0.0051914           4        4360           0
   37.525     0.0060913     0.0084764           4        4360           0
   37.694     0.0012588     0.0075337           4        4360           0
   37.864     0.0039851     0.0108301           4        4360           0
   38.033     0.0104123     0.0241371           4        4360           0
   38.202     0.0064184     0.0088960           4        4360           0
   38.372    -0.0056298     0.0150364           4        4360           0
   38.541     0.0036736     0.0084435           4        4360           0
   38.710    -0.0081574     0.0160292           4        4360           0
   38.880     0.0167795     0.0352336           4        4360           0
   39.049     0.0214093     0.2378215           4        4360           0
   39.218     0.0174495     0.0955640           4        4360           0
   39.388     0.0052868     0.0161009           4        4360           0
   39.557     0.0048951     0.0482340           4        4360           0
   39.727    -0.1018836     0.0864888           4        4360           0
   39.896     0.0072073     0.0149882           4        4488           0
   40.065     0.0028887     0.0096226           4        4488           0
   40.235    -0.0007406     0.0036259           4        4488           0
   40.404     0.0003056     0.0020087           4        4488           0
   40.573     0.0003134     0.0009952           4        4488           0
   40.743     0.0000820     0.0004800           4        4508           0
   40.912     0.0000433     0.0002470           4        4488           0
   41.081    -0.0000245     0.0001420           4        4488           0
   41.251    -0.0000535     0.0001346           4        4488           0
   41.420     0.0000192     0.0002225           4        4488           0
   41.589     0.0004967     0.0002847           4        4488           0
   41.759     0.0027540     0.0001840           4        4488           0
   41.928     0.0001555     0.0007886           4        4508           0
   42.097    -0.0006162     0.0025265           4        4508           0
   42.267     0.0008050     0.0007370           4        4488           0
