wave flux error channelflag bitflag stitchflag
    5.127     0.0002606     0.0031283           1         392           0
    5.157     0.0000532     0.0021731           1         136           0
    5.187     0.0005914     0.0009545           1         136           0
    5.217     0.0002777     0.0006657           1         136           0
    5.247     0.0002573     0.0006222           1         136           0
    5.278     0.0003781     0.0006857           1         136           0
    5.308     0.0002530     0.0006867           1         136           0
    5.338     0.0002575     0.0005800           1         392           0
    5.368     0.0003551     0.0005833           1         392           0
    5.399     0.0003088     0.0005669           1       16776           0
    5.429     0.0001288     0.0005586           1       16796           0
    5.459     0.0002173     0.0005295           1       16796           0
    5.489     0.0004092     0.0005163           1         392           0
    5.520     0.0004317     0.0005477           1         392           0
    5.550     0.0005809     0.0005442           1         392           0
    5.580     0.0010475     0.0004497           1         392           0
    5.610     0.0005832     0.0005225           1         392           0
    5.641     0.0004946     0.0005030           1        8468           0
    5.671     0.0004041     0.0004424           1        8468           0
    5.701     0.0003870     0.0004238           1         392           0
    5.731     0.0003932     0.0004592           1         392           0
    5.762     0.0001779     0.0004886           1         412           0
    5.792     0.0003665     0.0005154           1         412           0
    5.822     0.0003303     0.0005306           1         392           0
    5.852     0.0009800     0.0005262           1         392           0
    5.883     0.0009961     0.0005581           1         392           0
    5.913     0.0004796     0.0005165           1         136           0
    5.943     0.0008379     0.0004650           1         136           0
    5.973     0.0007771     0.0004835           1         136           0
    6.004     0.0011970     0.0004355           1         136           0
    6.034     0.0013141     0.0004365           1         136           0
    6.064     0.0011874     0.0004543           1         392           0
    6.094     0.0016746     0.0004084           1         392           0
    6.125     0.0013428     0.0004132           1         392           0
    6.155     0.0011810     0.0004352           1         392           0
    6.185     0.0010174     0.0004512           1         392           0
    6.215     0.0012475     0.0004200           1         392           0
    6.245     0.0011776     0.0004254           1         392           0
    6.276     0.0012350     0.0004371           1         392           0
    6.306     0.0010563     0.0004395           1         392           0
    6.336     0.0013363     0.0005384           1         392           0
    6.366     0.0015851     0.0005609           1         392           0
    6.397     0.0018903     0.0004574           1         392           0
    6.427     0.0021116     0.0005059           1         392           0
    6.457     0.0018982     0.0004793           1         392           0
    6.487     0.0016678     0.0004895           1         392           0
    6.518     0.0028368     0.0005173           1         392           0
    6.548     0.0040498     0.0005608           1         392           0
    6.578     0.0059191     0.0006060           1         392           0
    6.608     0.0074286     0.0006261           1         392           0
    6.639     0.0075587     0.0005731           1         136           0
    6.669     0.0069689     0.0005959           1         136           0
    6.699     0.0050990     0.0005683           1         136           0
    6.729     0.0043111     0.0005720           1         136           0
    6.760     0.0041253     0.0006210           1         136           0
    6.790     0.0038908     0.0005805           1         392           0
    6.820     0.0030850     0.0006844           1         392           0
    6.850     0.0029819     0.0006394           1         392           0
    6.881     0.0027455     0.0006954           1         392           0
    6.911     0.0023482     0.0006507           1         392           0
    6.941     0.0020813     0.0006653           1         392           0
    6.971     0.0016513     0.0007859           1         392           0
    7.002     0.0019603     0.0007235           1         392           0
    7.032     0.0012396     0.0008763           1         392           0
    7.062     0.0015983     0.0008985           1         392           0
    7.092     0.0023251     0.0007052           1         392           0
    7.122     0.0022204     0.0007198           1         392           0
    7.153     0.0025018     0.0006865           1         392           0
    7.183     0.0026861     0.0006740           1         392           0
    7.213     0.0022458     0.0007509           1         392           0
    7.243     0.0024662     0.0008472           1         392           0
    7.274     0.0028441     0.0007541           1         392           0
    7.304     0.0032092     0.0008425           1         392           0
    7.334     0.0028090     0.0009349           1       53312           0
    7.395     0.0027244     0.0011349           1       18496           0
    7.455     0.0031544     0.0009376           1       18496           0
    7.516     0.0030775     0.0009308           1       53312           0
    7.576     0.0032311     0.0012302           1      153664           0
    7.637     0.0034034     0.0005431           1         392           0
    7.697     0.0034192     0.0005024           1         392           0
    7.758     0.0041318     0.0006539           1         392           0
    7.818     0.0049792     0.0006193           1         392           0
    7.879     0.0062132     0.0005694           1         392           0
    7.939     0.0075366     0.0005499           1         392           0
    8.000     0.0090270     0.0006136           1         392           0
    8.060     0.0103593     0.0005732           1         392           0
    8.120     0.0109202     0.0005311           1         392           0
    8.181     0.0104521     0.0005158           1         392           0
    8.241     0.0102026     0.0005402           1         392           0
    8.302     0.0101178     0.0005543           1         392           0
    8.362     0.0096890     0.0003185           2       16796           0
    8.423     0.0088997     0.0003259           2       16796           0
    8.483     0.0079497     0.0003277           2       16792           0
    8.544     0.0072056     0.0003335           2       16776           0
    8.604     0.0063302     0.0003360           2         392           0
    8.665     0.0052469     0.0003073           2         392           0
    8.725     0.0051550     0.0003003           2         392           0
    8.786     0.0052370     0.0003079           2         392           0
    8.846     0.0053167     0.0003049           2         392           0
    8.907     0.0053158     0.0003381           2         392           0
    8.967     0.0055870     0.0003448           2         392           0
    9.028     0.0057555     0.0003609           2         136           0
    9.088     0.0062074     0.0003389           2         136           0
    9.149     0.0070208     0.0003377           2         136           0
    9.209     0.0070417     0.0003463           2         136           0
    9.270     0.0063153     0.0003613           2         136           0
    9.330     0.0050145     0.0003503           2         136           0
    9.391     0.0035835     0.0003570           2         392           0
    9.451     0.0031704     0.0003522           2         392           0
    9.512     0.0030301     0.0003264           2         392           0
    9.572     0.0032026     0.0003430           2         392           0
    9.633     0.0029853     0.0003348           2         392           0
    9.693     0.0023958     0.0003205           2         392           0
    9.754     0.0026400     0.0001850           2       16796           0
    9.814     0.0025572     0.0002532           2       16796           0
    9.875     0.0019967     0.0002900           2         392           0
    9.935     0.0018938     0.0003044           2         392           0
    9.995     0.0020799     0.0002871           2         392           0
   10.056     0.0021478     0.0002845           2         392           0
   10.116     0.0021442     0.0002728           2         392           0
   10.177     0.0023356     0.0002816           2         392           0
   10.237     0.0022773     0.0002713           2         392           0
   10.298     0.0021564     0.0002607           2         392           0
   10.358     0.0021672     0.0002658           2         392           0
   10.419     0.0021015     0.0002749           2         392           0
   10.479     0.0020624     0.0003088           2         392           0
   10.540     0.0021573     0.0002974           2         392           0
   10.600     0.0020342     0.0002946           2         392           0
   10.661     0.0018691     0.0002850           2         392           0
   10.721     0.0019782     0.0002926           2         392           0
   10.782     0.0021022     0.0003054           2         392           0
   10.842     0.0020170     0.0003020           2         392           0
   10.903     0.0019833     0.0003018           2         392           0
   10.963     0.0019304     0.0003258           2         392           0
   11.024     0.0020785     0.0003475           2         392           0
   11.084     0.0019816     0.0003381           2         392           0
   11.145     0.0023409     0.0003502           2         392           0
   11.205     0.0030283     0.0003595           2         392           0
   11.266     0.0027921     0.0003723           2         392           0
   11.326     0.0030422     0.0003500           2         392           0
   11.387     0.0026007     0.0003484           2         412           0
   11.447     0.0027809     0.0003825           2         412           0
   11.508     0.0026852     0.0003811           2         392           0
   11.568     0.0028738     0.0003883           2         392           0
   11.628     0.0032113     0.0004121           2         392           0
   11.689     0.0041390     0.0004112           2         392           0
   11.750     0.0049761     0.0004080           2         392           0
   11.810     0.0056198     0.0003985           2         392           0
   11.870     0.0076275     0.0003244           2         392           0
   11.931     0.0096556     0.0003932           2         392           0
   11.991     0.0122570     0.0002420           2         392           0
   12.052     0.0107020     0.0002650           2         392           0
   12.112     0.0087701     0.0003182           2         392           0
   12.173     0.0078319     0.0004245           2         392           0
   12.233     0.0066370     0.0004261           2         392           0
   12.294     0.0053105     0.0004467           2         392           0
   12.354     0.0047056     0.0004280           2         392           0
   12.415     0.0043222     0.0003959           2         392           0
   12.475     0.0046107     0.0003947           2         392           0
   12.536     0.0045051     0.0003985           2         392           0
   12.596     0.0045493     0.0003816           2         392           0
   12.657     0.0043246     0.0003005           2         392           0
   12.717     0.0051233     0.0004059           2         392           0
   12.778     0.0049189     0.0003820           2         392           0
   12.838     0.0047400     0.0003875           2         392           0
   12.899     0.0048270     0.0004190           2         392           0
   12.959     0.0044351     0.0003814           2         392           0
   13.020     0.0042173     0.0004099           2         392           0
   13.080     0.0046225     0.0004238           2         392           0
   13.141     0.0050834     0.0004442           2         392           0
   13.201     0.0054161     0.0004474           2         392           0
   13.262     0.0058240     0.0004526           2         392           0
   13.322     0.0057249     0.0004944           2         392           0
   13.383     0.0062919     0.0004945           2         392           0
   13.443     0.0070375     0.0005025           2         392           0
   13.503     0.0070766     0.0005315           2         392           0
   13.564     0.0073373     0.0005185           2         392           0
   13.625     0.0092094     0.0005606           2         392           0
   13.685     0.0104469     0.0005807           2         392           0
   13.745     0.0063093     0.0004598           2         392           0
   13.806     0.0039209     0.0005721           2         392           0
   13.866     0.0043278     0.0005813           2         392           0
   13.927     0.0038630     0.0006089           2         392           0
   13.987     0.0034931     0.0006706           2         392           0
   14.048     0.0043173     0.0006906           2         392           0
   14.154     0.0041447     0.0006611           3        4360           0
   14.239     0.0042709     0.0005655           3        4360           0
   14.323     0.0045355     0.0006577           3        4360           0
   14.408     0.0037999     0.0005464           3        4360           0
   14.493     0.0040310     0.0006011           3        4360           0
   14.577     0.0035455     0.0006091           3        4360           0
   14.662     0.0035204     0.0005914           3        4360           0
   14.747     0.0041292     0.0007033           3        4360           0
   14.832     0.0037687     0.0006508           3        4360           0
   14.916     0.0042614     0.0005700           3        4360           0
   15.001     0.0030332     0.0006674           3        4360           0
   15.085     0.0037121     0.0006688           3        4360           0
   15.170     0.0042724     0.0008187           3        4360           0
   15.255     0.0033706     0.0006610           3        4360           0
   15.340     0.0033847     0.0007165           3        4360           0
   15.424     0.0032340     0.0005816           3        4360           0
   15.509     0.0030584     0.0005001           3        4360           0
   15.594     0.0028557     0.0005331           3        4360           0
   15.678     0.0028221     0.0005875           3        4360           0
   15.763     0.0030596     0.0005166           3        4360           0
   15.848     0.0036594     0.0004844           3        4360           0
   15.932     0.0043063     0.0011667           3        4360           0
   16.017     0.0029187     0.0037776           3        4360           0
   16.102     0.0030910     0.0007458           3        4360           0
   16.186     0.0030809     0.0008566           3        4360           0
   16.271     0.0035988     0.0008258           3        4360           0
   16.356     0.0036015     0.0007393           3        4360           0
   16.440     0.0040002     0.0006548           3        4360           0
   16.525     0.0061532     0.0005494           3        4360           0
   16.610     0.0057042     0.0004889           3        4360           0
   16.694     0.0050269     0.0005783           3        4360           0
   16.779     0.0038063     0.0007212           3        4360           0
   16.864     0.0038005     0.0010046           3        4360           0
   16.948     0.0044195     0.0008595           3        4360           0
   17.033     0.0042528     0.0007130           3        4360           0
   17.118     0.0032985     0.0014456           3        4360           0
   17.202     0.0041144     0.0010259           3        4360           0
   17.287     0.0041916     0.0038831           3        4360           0
   17.372     0.0054401     0.0014146           3        4360           0
   17.456     0.0064998     0.0008720           3        4360           0
   17.541     0.0038943     0.0004912           3        4360           0
   17.626     0.0055891     0.0005668           3        4360           0
   17.711     0.0064700     0.0005903           3        4360           0
   17.795     0.0064179     0.0008046           3        4360           0
   17.880     0.0070631     0.0006457           3        4360           0
   17.965     0.0063768     0.0007837           3        4360           0
   18.049     0.0066923     0.0007860           3        4360           0
   18.134     0.0073943     0.0008619           3        4360           0
   18.219     0.0083586     0.0009987           3        4360           0
   18.303     0.0076074     0.0009407           3        4360           0
   18.388     0.0095744     0.0006851           3        4360           0
   18.472     0.0077011     0.0010262           3        4360           0
   18.557     0.0049234     0.0009482           3        4360           0
   18.642     0.0071071     0.0009240           3        4360           0
   18.727     0.0050528     0.0007454           3        4360           0
   18.811     0.0045734     0.0008859           3        4360           0
   18.896     0.0051157     0.0009277           3        4360           0
   18.981     0.0058612     0.0009053           3        4360           0
   19.065     0.0068980     0.0007615           3        4360           0
   19.150     0.0063192     0.0009368           3        4360           0
   19.235     0.0036917     0.0012374           3    19009600           0
   19.404     0.0061773     0.0019015           3    19009600           0
   19.573     0.0071236     0.0016381           3    19009600           0
   19.743     0.0067706     0.0025347           3    19009600           0
   19.912     0.0078315     0.0027185           3    19009600           0
   20.081     0.0073958     0.0042485           3        4360           0
   20.251     0.0067392     0.0028099           3        4360           0
   20.420     0.0068715     0.0033074           3        4360           0
   20.590     0.0062768     0.0020408           3        4360           0
   20.759     0.0069461     0.0017205           3        4360           0
   20.928     0.0070453     0.0024879           3        4360           0
   21.097     0.0061394     0.0010474           4        4360           0
   21.267     0.0072044     0.0012038           4        4360           0
   21.436     0.0083450     0.0013444           4        4360           0
   21.606     0.0067794     0.0011867           4        4360           0
   21.775     0.0077707     0.0011172           4        4360           0
   21.944     0.0082283     0.0011584           4        4360           0
   22.114     0.0094837     0.0011982           4        4360           0
   22.283     0.0092837     0.0011687           4        4360           0
   22.452     0.0084109     0.0009839           4        4360           0
   22.622     0.0089964     0.0010230           4        4360           0
   22.791     0.0082195     0.0008321           4        4360           0
   22.960     0.0084180     0.0014065           4        4360           0
   23.130     0.0086573     0.0007492           4        4360           0
   23.299     0.0086107     0.0007499           4        4360           0
   23.469     0.0094092     0.0007165           4        4360           0
   23.638     0.0101937     0.0007229           4        4360           0
   23.807     0.0091643     0.0006623           4        4360           0
   23.976     0.0094001     0.0006332           4        4360           0
   24.146     0.0102312     0.0007546           4        4360           0
   24.315     0.0109458     0.0008123           4        4360           0
   24.485     0.0105480     0.0009074           4        4360           0
   24.654     0.0110569     0.0008390           4        4360           0
   24.823     0.0111834     0.0008947           4        4360           0
   24.993     0.0111768     0.0009881           4        4360           0
   25.162     0.0117121     0.0008674           4        4360           0
   25.331     0.0119903     0.0008671           4        4360           0
   25.501     0.0118422     0.0008851           4        4360           0
   25.670     0.0128356     0.0007718           4        4360           0
   25.839     0.0137772     0.0034518           4        4360           0
   26.009     0.0119038     0.0011349           4        4360           0
   26.178     0.0132829     0.0006238           4        4360           0
   26.347     0.0120152     0.0006417           4        4360           0
   26.517     0.0127285     0.0007455           4        4360           0
   26.686     0.0129095     0.0007849           4        4360           0
   26.856     0.0134762     0.0007326           4        4360           0
   27.025     0.0137886     0.0008287           4        4360           0
   27.194     0.0146559     0.0008712           4        4360           0
   27.364     0.0148261     0.0009233           4        4360           0
   27.533     0.0157982     0.0008683           4        4360           0
   27.702     0.0170765     0.0009115           4        4360           0
   27.872     0.0156764     0.0010568           4        4360           0
   28.041     0.0163479     0.0010608           4        4360           0
   28.210     0.0138959     0.0008390           4        4360           0
   28.380     0.0163216     0.0008854           4        4360           0
   28.549     0.0163433     0.0010238           4        4360           0
   28.719     0.0163213     0.0009414           4        4360           0
   28.888     0.0166476     0.0009437           4        4360           0
   29.057     0.0155829     0.0010225           4        4360           0
   29.226     0.0147923     0.0008837           4        4360           0
   29.396     0.0175611     0.0015154           4        4360           0
   29.565     0.0174712     0.0058816           4        4360           0
   29.735     0.0158484     0.0053387           4        4360           0
   29.904     0.0194082     0.0007938           4        4360           0
   30.073     0.0199567     0.0012673           4        4360           0
   30.243     0.0199766     0.0015157           4        4360           0
   30.412     0.0203742     0.0029751           4        4360           0
   30.581     0.0201659     0.0012764           4        4360           0
   30.751     0.0193683     0.0013238           4        4360           0
   30.920     0.0197736     0.0014460           4        4360           0
   31.089     0.0187797     0.0012863           4        4360           0
   31.259     0.0192709     0.0033822           4        4360           0
   31.428     0.0207937     0.0012810           4        4360           0
   31.597     0.0207304     0.0011297           4        4360           0
   31.767     0.0198807     0.0010842           4        4360           0
   31.936     0.0221383     0.0016906           4        4360           0
   32.105     0.0232366     0.0027898           4        4360           0
   32.275     0.0234215     0.0017021           4        4360           0
   32.444     0.0243608     0.0019898           4        4360           0
   32.614     0.0217835     0.0035837           4        4360           0
   32.783     0.0269664     0.0023534           4        4360           0
   32.952     0.0220376     0.0018781           4        4360           0
   33.122     0.0275366     0.0048693           4        4360           0
   33.291     0.0263189     0.0028973           4        4360           0
   33.460     0.0265650     0.0032423           4        4360           0
   33.630     0.0290737     0.0029505           4        4360           0
   33.799     0.0255012     0.0113460           4        4360           0
   33.968     0.0262364     0.0022669           4        4360           0
   34.138     0.0299683     0.0036202           4        4360           0
   34.307     0.0292672     0.0043520           4        4360           0
   34.477     0.0305512     0.0026170           4        4360           0
   34.646     0.0299825     0.0022914           4        4360           0
   34.815     0.0362743     0.0054182           4        4360           0
   34.985     0.0326293     0.0259440           4        4360           0
   35.154     0.0304865     0.0069997           4        4360           0
   35.323     0.0339818     0.0072835           4        4360           0
   35.493     0.0417071     0.0377761           4        4360           0
   35.662     0.0464580     0.0114442           4        4360           0
   35.831     0.0432336     0.0082780           4        4360           0
   36.001     0.0364047     0.0095725           4        4360           0
   36.170     0.0345975     0.0082021           4        4360           0
   36.339     0.0328582     0.0121431           4        4360           0
   36.509     0.0319952     0.0059596           4        4360           0
   36.678     0.0357995     0.0125026           4        4360           0
   36.847     0.0407739     0.0051070           4        4360           0
   37.017     0.0470761     0.0094006           4        4360           0
   37.186     0.0658562     0.0155140           4        4360           0
   37.355     0.0448356     0.0091199           4        4360           0
   37.525     0.0427493     0.0064409           4        4360           0
   37.694     0.0388698     0.0125176           4        4360           0
   37.864     0.0403289     0.0170000           4        4360           0
   38.033     0.0308253     0.0606898           4        4360           0
   38.202     0.0133902     0.0969645           4        4360           0
   38.372     0.0505199     0.0219191           4        4360           0
   38.541     0.0038523     0.0297077           4        4360           0
   38.710     0.0178806     0.0243872           4        4360           0
   38.880     0.0335529     0.0274987           4        4360           0
   39.049     0.0195323     0.0637045           4        4360           0
   39.218     0.0342401     0.0332496           4        4360           0
   39.388     0.0360307     0.0171194           4        4360           0
   39.557     0.0203747     0.0152403           4        4360           0
   39.727     0.0099747     0.0272065           4        4360           0
   39.896     0.0067473     0.0361409           4        4488           0
   40.065     0.0083760     0.0113375           4        4488           0
   40.235     0.0039970     0.0045604           4        4488           0
   40.404     0.0043823     0.0034726           4        4488           0
   40.573     0.0114267     0.0011182           4        4488           0
   40.743     0.0031540     0.0005480           4        4508           0
   40.912    -0.0000072     0.0004153           4        4488           0
   41.081    -0.0000050     0.0002261           4        4488           0
   41.251    -0.0000673     0.0001996           4        4488           0
   41.420    -0.0000334     0.0003385           4        4488           0
   41.589     0.0000423     0.0003925           4        4488           0
   41.759     0.0007202     0.0004725           4        4488           0
   41.928     0.0001000     0.0011793           4        4508           0
   42.097    -0.0000531     0.0008027           4        4508           0
   42.267     0.0014365     0.0012481           4        4488           0
