wave flux error channelflag bitflag stitchflag
    5.127     0.0004054     0.0030815           1         392           0
    5.157    -0.0000922     0.0018736           1         136           0
    5.187     0.0003423     0.0009554           1         136           0
    5.217     0.0000496     0.0006235           1         136           0
    5.247     0.0000630     0.0005947           1         136           0
    5.278     0.0001218     0.0006767           1         136           0
    5.308     0.0002491     0.0006075           1         136           0
    5.338     0.0004294     0.0006098           1         392           0
    5.368     0.0003482     0.0005603           1         392           0
    5.399     0.0004386     0.0006693           1       16776           0
    5.429     0.0003391     0.0005602           1       16796           0
    5.459     0.0001016     0.0005253           1       16796           0
    5.489     0.0002305     0.0005227           1         392           0
    5.520    -0.0000567     0.0004767           1         392           0
    5.550    -0.0000527     0.0004458           1         392           0
    5.580     0.0000112     0.0004830           1         392           0
    5.610     0.0003314     0.0004406           1         392           0
    5.641     0.0003373     0.0004311           1        8468           0
    5.671     0.0001818     0.0004026           1        8468           0
    5.701     0.0003146     0.0004654           1         392           0
    5.731     0.0001228     0.0004444           1         392           0
    5.762     0.0001876     0.0004233           1         412           0
    5.792     0.0001398     0.0004743           1         412           0
    5.822    -0.0000999     0.0004736           1         392           0
    5.852     0.0003232     0.0005147           1         392           0
    5.883     0.0005336     0.0005827           1         392           0
    5.913     0.0005102     0.0005467           1         136           0
    5.943     0.0002921     0.0005003           1         136           0
    5.973    -0.0000021     0.0005308           1         136           0
    6.004     0.0001553     0.0005299           1         136           0
    6.034     0.0003968     0.0005014           1         136           0
    6.064     0.0003082     0.0004845           1         392           0
    6.094     0.0001355     0.0004516           1         392           0
    6.125     0.0001656     0.0004868           1         392           0
    6.155     0.0000366     0.0005187           1         392           0
    6.185    -0.0001261     0.0005006           1         392           0
    6.215     0.0002005     0.0004755           1         392           0
    6.245     0.0002113     0.0004554           1         392           0
    6.276     0.0001989     0.0004926           1         392           0
    6.306     0.0008149     0.0005141           1         392           0
    6.336     0.0012430     0.0006203           1         392           0
    6.366     0.0007122     0.0005608           1         392           0
    6.397     0.0001572     0.0005524           1         392           0
    6.427     0.0002429     0.0005233           1         392           0
    6.457    -0.0000880     0.0005202           1         392           0
    6.487     0.0002914     0.0005611           1         392           0
    6.518     0.0003770     0.0005899           1         392           0
    6.548     0.0004430     0.0007188           1         392           0
    6.578     0.0010399     0.0007571           1         392           0
    6.608     0.0003390     0.0007055           1         392           0
    6.639     0.0005196     0.0007532           1         136           0
    6.669     0.0008325     0.0006838           1         136           0
    6.699     0.0005035     0.0006428           1         136           0
    6.729     0.0006971     0.0006561           1         136           0
    6.760     0.0003051     0.0006239           1         136           0
    6.790     0.0013641     0.0006466           1         392           0
    6.820     0.0008045     0.0007250           1         392           0
    6.850     0.0010755     0.0006236           1         392           0
    6.881     0.0013959     0.0007910           1         392           0
    6.911     0.0013879     0.0006581           1         392           0
    6.941     0.0025610     0.0006063           1         392           0
    6.971     0.0041882     0.0005702           1         392           0
    7.002     0.0056265     0.0005640           1         392           0
    7.032     0.0063038     0.0006457           1         392           0
    7.062     0.0055528     0.0006520           1         392           0
    7.092     0.0045973     0.0005953           1         392           0
    7.122     0.0044446     0.0005996           1         392           0
    7.153     0.0036491     0.0005682           1         392           0
    7.183     0.0030280     0.0006514           1         392           0
    7.213     0.0026884     0.0007522           1         392           0
    7.243     0.0020621     0.0006895           1         392           0
    7.274     0.0013846     0.0008153           1         392           0
    7.304     0.0008921     0.0008683           1         392           0
    7.334     0.0013178     0.0010903           1       53312           0
    7.395     0.0006451     0.0012332           1       18496           0
    7.455     0.0012986     0.0009429           1       18496           0
    7.516     0.0015368     0.0010347           1       53312           0
    7.576     0.0023533     0.0013490           1      153664           0
    7.637     0.0010616     0.0005824           1         392           0
    7.697     0.0016977     0.0004781           1         392           0
    7.758     0.0013714     0.0006346           1         392           0
    7.818     0.0012692     0.0006056           1         392           0
    7.879     0.0017484     0.0005584           1         392           0
    7.939     0.0025442     0.0005277           1         392           0
    8.000     0.0017270     0.0005328           1         392           0
    8.060     0.0017247     0.0005125           1         392           0
    8.120     0.0022006     0.0004146           1         392           0
    8.181     0.0025016     0.0003985           1         392           0
    8.241     0.0032071     0.0004625           1         392           0
    8.302     0.0033357     0.0004434           1         392           0
    8.362     0.0029840     0.0002680           2       16796           0
    8.423     0.0043580     0.0001930           2       16796           0
    8.483     0.0051940     0.0001940           2       16792           0
    8.544     0.0060490     0.0001810           2       16776           0
    8.604     0.0060798     0.0003201           2         392           0
    8.665     0.0068580     0.0001700           2         392           0
    8.725     0.0060118     0.0002621           2         392           0
    8.786     0.0067030     0.0001800           2         392           0
    8.846     0.0064630     0.0001970           2         392           0
    8.907     0.0069030     0.0001910           2         392           0
    8.967     0.0065715     0.0002924           2         392           0
    9.028     0.0061418     0.0002790           2         136           0
    9.088     0.0040620     0.0003233           2         136           0
    9.149     0.0045226     0.0003548           2         136           0
    9.209     0.0039457     0.0003481           2         136           0
    9.270     0.0034992     0.0002916           2         136           0
    9.330     0.0037273     0.0003539           2         136           0
    9.391     0.0032155     0.0003221           2         392           0
    9.451     0.0038797     0.0003667           2         392           0
    9.512     0.0038628     0.0003479           2         392           0
    9.572     0.0034807     0.0002717           2         392           0
    9.633     0.0042061     0.0002440           2         392           0
    9.693     0.0045141     0.0002553           2         392           0
    9.754     0.0034840     0.0001860           2       16796           0
    9.814     0.0031836     0.0002320           2       16796           0
    9.875     0.0032656     0.0002397           2         392           0
    9.935     0.0028940     0.0002135           2         392           0
    9.995     0.0025929     0.0002772           2         392           0
   10.056     0.0023967     0.0002725           2         392           0
   10.116     0.0021662     0.0002738           2         392           0
   10.177     0.0020210     0.0002699           2         392           0
   10.237     0.0018431     0.0002597           2         392           0
   10.298     0.0016230     0.0002685           2         392           0
   10.358     0.0016484     0.0002699           2         392           0
   10.419     0.0016942     0.0002847           2         392           0
   10.479     0.0016347     0.0002750           2         392           0
   10.540     0.0015770     0.0002714           2         392           0
   10.600     0.0014846     0.0002790           2         392           0
   10.661     0.0013790     0.0002789           2         392           0
   10.721     0.0016383     0.0002764           2         392           0
   10.782     0.0016423     0.0002662           2         392           0
   10.842     0.0016777     0.0002745           2         392           0
   10.903     0.0015714     0.0003082           2         392           0
   10.963     0.0016128     0.0003257           2         392           0
   11.024     0.0018273     0.0002961           2         392           0
   11.084     0.0016694     0.0003528           2         392           0
   11.145     0.0017075     0.0003619           2         392           0
   11.205     0.0016225     0.0003515           2         392           0
   11.266     0.0013930     0.0003344           2         392           0
   11.326     0.0014524     0.0003427           2         392           0
   11.387     0.0013072     0.0004263           2         412           0
   11.447     0.0010391     0.0004428           2         412           0
   11.508     0.0010639     0.0004474           2         392           0
   11.568     0.0013563     0.0004061           2         392           0
   11.628     0.0014850     0.0004106           2         392           0
   11.689     0.0008965     0.0004723           2         392           0
   11.750     0.0013195     0.0003991           2         392           0
   11.810     0.0016504     0.0004128           2         392           0
   11.870     0.0018448     0.0004111           2         392           0
   11.931     0.0021751     0.0004231           2         392           0
   11.991     0.0020495     0.0004044           2         392           0
   12.052     0.0018800     0.0004042           2         392           0
   12.112     0.0019186     0.0004137           2         392           0
   12.173     0.0019253     0.0004153           2         392           0
   12.233     0.0026022     0.0004381           2         392           0
   12.294     0.0025928     0.0004227           2         392           0
   12.354     0.0028929     0.0004199           2         392           0
   12.415     0.0035510     0.0004116           2         392           0
   12.475     0.0041383     0.0004122           2         392           0
   12.536     0.0040787     0.0004038           2         392           0
   12.596     0.0055284     0.0003809           2         392           0
   12.657     0.0072869     0.0003857           2         392           0
   12.717     0.0094960     0.0003872           2         392           0
   12.778     0.0097682     0.0003833           2         392           0
   12.838     0.0090361     0.0003758           2         392           0
   12.899     0.0071193     0.0003275           2         392           0
   12.959     0.0055600     0.0003232           2         392           0
   13.020     0.0049506     0.0004027           2         392           0
   13.080     0.0042683     0.0004351           2         392           0
   13.141     0.0041013     0.0004335           2         392           0
   13.201     0.0041896     0.0004507           2         392           0
   13.262     0.0041025     0.0004580           2         392           0
   13.322     0.0039970     0.0004810           2         392           0
   13.383     0.0041092     0.0004641           2         392           0
   13.443     0.0046261     0.0004718           2         392           0
   13.503     0.0045775     0.0005296           2         392           0
   13.564     0.0045222     0.0005357           2         392           0
   13.625     0.0047464     0.0005276           2         392           0
   13.685     0.0044335     0.0005388           2         392           0
   13.745     0.0042114     0.0005499           2         392           0
   13.806     0.0040066     0.0005663           2         392           0
   13.866     0.0047671     0.0005944           2         392           0
   13.927     0.0047782     0.0006092           2         392           0
   13.987     0.0049414     0.0006557           2         392           0
   14.048     0.0053324     0.0006727           2         392           0
   14.154     0.0078002     0.0004943           3        4360           0
   14.239     0.0082164     0.0004599           3        4360           0
   14.323     0.0087071     0.0006209           3        4360           0
   14.408     0.0107274     0.0004922           3        4360           0
   14.493     0.0120993     0.0004961           3        4360           0
   14.577     0.0105433     0.0004278           3        4360           0
   14.662     0.0065181     0.0005499           3        4360           0
   14.747     0.0065733     0.0004385           3        4360           0
   14.832     0.0043378     0.0006390           3        4360           0
   14.916     0.0044777     0.0007561           3        4360           0
   15.001     0.0048101     0.0006206           3        4360           0
   15.085     0.0043121     0.0006338           3        4360           0
   15.170     0.0036411     0.0005761           3        4360           0
   15.255     0.0033219     0.0006164           3        4360           0
   15.340     0.0043985     0.0006372           3        4360           0
   15.424     0.0036941     0.0005446           3        4360           0
   15.509     0.0032974     0.0004749           3        4360           0
   15.594     0.0035487     0.0004802           3        4360           0
   15.678     0.0034494     0.0004927           3        4360           0
   15.763     0.0032828     0.0004688           3        4360           0
   15.848     0.0034996     0.0006053           3        4360           0
   15.932     0.0039636     0.0007160           3        4360           0
   16.017     0.0035786     0.0007376           3        4360           0
   16.102     0.0043859     0.0007388           3        4360           0
   16.186     0.0030948     0.0007378           3        4360           0
   16.271     0.0032613     0.0007214           3        4360           0
   16.356     0.0028682     0.0007291           3        4360           0
   16.440     0.0038121     0.0007051           3        4360           0
   16.525     0.0033442     0.0004003           3        4360           0
   16.610     0.0025538     0.0005541           3        4360           0
   16.694     0.0022510     0.0005677           3        4360           0
   16.779     0.0023449     0.0006776           3        4360           0
   16.864     0.0023444     0.0008752           3        4360           0
   16.948     0.0029800     0.0006904           3        4360           0
   17.033     0.0030667     0.0006686           3        4360           0
   17.118     0.0031688     0.0013946           3        4360           0
   17.202     0.0034526     0.0010847           3        4360           0
   17.287     0.0029082     0.0008494           3        4360           0
   17.372     0.0035589     0.0007400           3        4360           0
   17.456     0.0045226     0.0006996           3        4360           0
   17.541     0.0043660     0.0008042           3        4360           0
   17.626     0.0050233     0.0007523           3        4360           0
   17.711     0.0047206     0.0007199           3        4360           0
   17.795     0.0043671     0.0007308           3        4360           0
   17.880     0.0038411     0.0007744           3        4360           0
   17.965     0.0032296     0.0008345           3        4360           0
   18.049     0.0042393     0.0006861           3        4360           0
   18.134     0.0042143     0.0009053           3        4360           0
   18.219     0.0045087     0.0011036           3        4360           0
   18.303     0.0046493     0.0042315           3        4360           0
   18.388     0.0037845     0.0010402           3        4360           0
   18.472     0.0047236     0.0009480           3        4360           0
   18.557     0.0073157     0.0010993           3        4360           0
   18.642     0.0080665     0.0040549           3        4360           0
   18.727     0.0078491     0.0021002           3        4360           0
   18.811     0.0072449     0.0008888           3        4360           0
   18.896     0.0068359     0.0008619           3        4360           0
   18.981     0.0066970     0.0006962           3        4360           0
   19.065     0.0065283     0.0006835           3        4360           0
   19.150     0.0061402     0.0009327           3        4360           0
   19.235     0.0063702     0.0012489           3    19009600           0
   19.404     0.0083330     0.0020957           3    19009600           0
   19.573     0.0040757     0.0015199           3    19009600           0
   19.743     0.0077905     0.0096320           3    19009600           0
   19.912     0.0065032     0.0015477           3    19009600           0
   20.081     0.0060389     0.0016823           3    19009600           0
   20.251     0.0060244     0.0014865           3    19009600           0
   20.420     0.0062649     0.0021860           3        4360           0
   20.590     0.0052503     0.0032166           3        4360           0
   20.759     0.0061798     0.0049011           3        4360           0
   20.928     0.0046691     0.0022016           3        4360           0
   21.097     0.0064012     0.0008993           4        4360           0
   21.267     0.0075232     0.0011019           4        4360           0
   21.436     0.0066993     0.0008984           4        4360           0
   21.606     0.0060177     0.0011480           4        4360           0
   21.775     0.0046013     0.0010458           4        4360           0
   21.944     0.0046132     0.0011832           4        4360           0
   22.114     0.0059962     0.0010350           4        4360           0
   22.283     0.0057081     0.0005104           4        4360           0
   22.452     0.0046085     0.0009176           4        4360           0
   22.622     0.0064148     0.0015319           4        4360           0
   22.791     0.0074248     0.0008267           4        4360           0
   22.960     0.0064630     0.0006461           4        4360           0
   23.130     0.0065519     0.0006568           4        4360           0
   23.299     0.0063609     0.0007401           4        4360           0
   23.469     0.0069169     0.0007556           4        4360           0
   23.638     0.0075626     0.0006611           4        4360           0
   23.807     0.0068045     0.0006715           4        4360           0
   23.976     0.0065765     0.0006985           4        4360           0
   24.146     0.0069045     0.0008208           4        4360           0
   24.315     0.0071551     0.0008540           4        4360           0
   24.485     0.0068550     0.0024834           4        4360           0
   24.654     0.0066904     0.0048640           4        4360           0
   24.823     0.0069173     0.0009550           4        4360           0
   24.993     0.0072938     0.0009638           4        4360           0
   25.162     0.0077815     0.0008738           4        4360           0
   25.331     0.0076866     0.0008326           4        4360           0
   25.501     0.0081421     0.0008548           4        4360           0
   25.670     0.0083755     0.0010003           4        4360           0
   25.839     0.0085064     0.0034691           4        4360           0
   26.009     0.0082598     0.0010918           4        4360           0
   26.178     0.0087210     0.0045781           4        4360           0
   26.347     0.0087535     0.0025436           4        4360           0
   26.517     0.0095845     0.0007991           4        4360           0
   26.686     0.0096105     0.0007737           4        4360           0
   26.856     0.0094023     0.0007781           4        4360           0
   27.025     0.0097515     0.0007896           4        4360           0
   27.194     0.0095158     0.0007830           4        4360           0
   27.364     0.0088355     0.0007710           4        4360           0
   27.533     0.0084591     0.0008088           4        4360           0
   27.702     0.0092197     0.0009087           4        4360           0
   27.872     0.0096256     0.0009421           4        4360           0
   28.041     0.0099509     0.0009583           4        4360           0
   28.210     0.0092158     0.0009668           4        4360           0
   28.380     0.0102533     0.0010386           4        4360           0
   28.549     0.0122098     0.0006704           4        4360           0
   28.719     0.0084417     0.0007413           4        4360           0
   28.888     0.0099698     0.0008554           4        4360           0
   29.057     0.0111849     0.0009392           4        4360           0
   29.226     0.0125212     0.0008304           4        4360           0
   29.396     0.0119363     0.0015232           4        4360           0
   29.565     0.0117779     0.0037071           4        4360           0
   29.735     0.0119486     0.0033157           4        4360           0
   29.904     0.0129450     0.0011202           4        4360           0
   30.073     0.0135844     0.0010790           4        4360           0
   30.243     0.0124433     0.0027533           4        4360           0
   30.412     0.0120892     0.0086204           4        4360           0
   30.581     0.0126948     0.0016706           4        4360           0
   30.751     0.0127329     0.0012190           4        4360           0
   30.920     0.0127143     0.0013561           4        4360           0
   31.089     0.0132232     0.0011392           4        4360           0
   31.259     0.0134281     0.0012254           4        4360           0
   31.428     0.0133207     0.0010140           4        4360           0
   31.597     0.0133778     0.0010125           4        4360           0
   31.767     0.0132647     0.0010937           4        4360           0
   31.936     0.0152030     0.0010108           4        4360           0
   32.105     0.0155500     0.0013543           4        4360           0
   32.275     0.0143623     0.0016489           4        4360           0
   32.444     0.0140537     0.0020135           4        4360           0
   32.614     0.0149225     0.0036586           4        4360           0
   32.783     0.0139305     0.0017859           4        4360           0
   32.952     0.0151151     0.0019311           4        4360           0
   33.122     0.0136689     0.0023932           4        4360           0
   33.291     0.0137969     0.0025351           4        4360           0
   33.460     0.0124341     0.0023569           4        4360           0
   33.630     0.0138287     0.0021424           4        4360           0
   33.799     0.0137130     0.0023891           4        4360           0
   33.968     0.0149897     0.0023261           4        4360           0
   34.138     0.0161215     0.0029511           4        4360           0
   34.307     0.0162129     0.0037211           4        4360           0
   34.477     0.0147315     0.0026896           4        4360           0
   34.646     0.0158524     0.0025024           4        4360           0
   34.815     0.0176810     0.0047119           4        4360           0
   34.985     0.0221858     0.0211303           4        4360           0
   35.154     0.0156804     0.0069099           4        4360           0
   35.323     0.0225049     0.0053587           4        4360           0
   35.493     0.0194839     0.0065402           4        4360           0
   35.662     0.0189140     0.0048842           4        4360           0
   35.831     0.0151822     0.0074948           4        4360           0
   36.001     0.0161386     0.0096389           4        4360           0
   36.170     0.0171073     0.0108592           4        4360           0
   36.339     0.0179914     0.0077961           4        4360           0
   36.509     0.0197157     0.0057354           4        4360           0
   36.678     0.0210291     0.0086011           4        4360           0
   36.847     0.0223440     0.0063287           4        4360           0
   37.017     0.0314314     0.0096916           4        4360           0
   37.186     0.0254745     0.0082995           4        4360           0
   37.355     0.0166127     0.0090130           4        4360           0
   37.525     0.0186562     0.0065132           4        4360           0
   37.694     0.0188450     0.0084178           4        4360           0
   37.864     0.0216826     0.0098106           4        4360           0
   38.033     0.0315987     0.0107708           4        4360           0
   38.202     0.0606673     0.0143773           4        4360           0
   38.372     0.0760990     0.0061870           4        4360           0
   38.541     0.0196799     0.0425817           4        4360           0
   38.710     0.0108465     0.0229889           4        4360           0
   38.880    -0.0022222     0.0233390           4        4360           0
   39.049     0.0482766     0.0455148           4        4360           0
   39.218     0.0268273     0.0228427           4        4360           0
   39.388     0.0247852     0.0251455           4        4360           0
   39.557     0.0136065     0.0282854           4        4360           0
   39.727     0.0074723     0.0299680           4        4360           0
   39.896     0.0093907     0.0146040           4        4488           0
   40.065     0.0061476     0.0111504           4        4488           0
   40.235     0.0007931     0.0064080           4        4488           0
   40.404    -0.0002812     0.0038891           4        4488           0
   40.573    -0.0001457     0.0013057           4        4488           0
   40.743     0.0001241     0.0004920           4        4508           0
   40.912     0.0000350     0.0001885           4        4488           0
   41.081     0.0000488     0.0002093           4        4488           0
   41.251    -0.0000238     0.0002044           4        4488           0
   41.420     0.0000146     0.0002912           4        4488           0
   41.589    -0.0005275     0.0003607           4        4488           0
   41.759     0.0014470     0.0083850           4        4488           0
   41.928     0.0007868     0.0465046           4        4508           0
   42.097    -0.0002891     0.0015351           4        4508           0
   42.267     0.0017357     0.0010365           4        4488           0
