wave flux error channelflag bitflag stitchflag
    5.127    -0.0002610     0.0032763           1         392           0
    5.157    -0.0005576     0.0020045           1         136           0
    5.187    -0.0001235     0.0010423           1         136           0
    5.217     0.0001886     0.0006137           1         136           0
    5.247     0.0007444     0.0006351           1         136           0
    5.278     0.0005164     0.0005771           1         136           0
    5.308     0.0004416     0.0005653           1         136           0
    5.338     0.0005684     0.0005392           1         392           0
    5.368     0.0005361     0.0005086           1         392           0
    5.399     0.0000767     0.0005520           1       16776           0
    5.429     0.0002146     0.0005236           1       16796           0
    5.459     0.0003381     0.0005164           1       16796           0
    5.489     0.0002466     0.0004769           1         392           0
    5.520     0.0002015     0.0004696           1         392           0
    5.550     0.0002484     0.0005191           1         392           0
    5.580     0.0004927     0.0004557           1         392           0
    5.610     0.0004109     0.0004762           1         392           0
    5.641     0.0002456     0.0004728           1        8468           0
    5.671     0.0004964     0.0004633           1        8468           0
    5.701     0.0006132     0.0004645           1         392           0
    5.731     0.0004816     0.0004587           1         392           0
    5.762     0.0001903     0.0004376           1         412           0
    5.792     0.0002818     0.0004952           1         412           0
    5.822     0.0000534     0.0005100           1         392           0
    5.852     0.0000975     0.0004997           1         392           0
    5.883     0.0002336     0.0005130           1         392           0
    5.913     0.0002711     0.0004674           1         136           0
    5.943     0.0006287     0.0005078           1         136           0
    5.973     0.0005660     0.0005031           1         136           0
    6.004     0.0005360     0.0004949           1         136           0
    6.034     0.0004124     0.0004912           1         136           0
    6.064     0.0002961     0.0005180           1         392           0
    6.094     0.0001998     0.0004968           1         392           0
    6.125     0.0004970     0.0004943           1         392           0
    6.155     0.0005254     0.0005187           1         392           0
    6.185     0.0002899     0.0004753           1         392           0
    6.215     0.0003437     0.0005068           1         392           0
    6.245     0.0003463     0.0004995           1         392           0
    6.276     0.0004615     0.0005241           1         392           0
    6.306     0.0001999     0.0005259           1         392           0
    6.336     0.0004311     0.0005925           1         392           0
    6.366     0.0004287     0.0006491           1         392           0
    6.397     0.0006316     0.0005421           1         392           0
    6.427     0.0005977     0.0005281           1         392           0
    6.457     0.0006541     0.0005816           1         392           0
    6.487     0.0007991     0.0005911           1         392           0
    6.518     0.0009611     0.0005790           1         392           0
    6.548     0.0009757     0.0006617           1         392           0
    6.578     0.0012686     0.0006611           1         392           0
    6.608     0.0015221     0.0006721           1         392           0
    6.639     0.0029557     0.0006868           1         136           0
    6.669     0.0031273     0.0006873           1         136           0
    6.699     0.0031113     0.0005936           1         136           0
    6.729     0.0024409     0.0006669           1         136           0
    6.760     0.0022319     0.0006694           1         136           0
    6.790     0.0016796     0.0006595           1         392           0
    6.820     0.0014761     0.0006600           1         392           0
    6.850     0.0011375     0.0007001           1         392           0
    6.881     0.0011348     0.0007632           1         392           0
    6.911     0.0009090     0.0006962           1         392           0
    6.941     0.0011112     0.0007863           1         392           0
    6.971     0.0009548     0.0007994           1         392           0
    7.002     0.0006259     0.0008058           1         392           0
    7.032     0.0006352     0.0007723           1         392           0
    7.062     0.0006708     0.0007482           1         392           0
    7.092     0.0006394     0.0008030           1         392           0
    7.122     0.0008561     0.0008482           1         392           0
    7.153     0.0009620     0.0007616           1         392           0
    7.183     0.0012193     0.0007672           1         392           0
    7.213     0.0011002     0.0007956           1         392           0
    7.243     0.0011956     0.0008678           1         392           0
    7.274     0.0011514     0.0009214           1         392           0
    7.304     0.0010056     0.0009291           1         392           0
    7.334     0.0014807     0.0011694           1       53312           0
    7.395     0.0010724     0.0012600           1       18496           0
    7.455     0.0014711     0.0011407           1       18496           0
    7.516     0.0014727     0.0011420           1       53312           0
    7.576     0.0016343     0.0015007           1      153664           0
    7.637     0.0016326     0.0006012           1         392           0
    7.697     0.0011254     0.0006264           1         392           0
    7.758     0.0013729     0.0007315           1         392           0
    7.818     0.0019648     0.0007202           1         392           0
    7.879     0.0023017     0.0006413           1         392           0
    7.939     0.0025443     0.0006947           1         392           0
    8.000     0.0032762     0.0006703           1         392           0
    8.060     0.0040172     0.0006204           1         392           0
    8.120     0.0045540     0.0005961           1         392           0
    8.181     0.0045443     0.0006050           1         392           0
    8.241     0.0043636     0.0005986           1         392           0
    8.302     0.0044393     0.0005842           1         392           0
    8.362     0.0044767     0.0003252           2       16796           0
    8.423     0.0045400     0.0003715           2       16796           0
    8.483     0.0040343     0.0003934           2       16792           0
    8.544     0.0033635     0.0003619           2       16776           0
    8.604     0.0030559     0.0004024           2         392           0
    8.665     0.0026269     0.0003876           2         392           0
    8.725     0.0023999     0.0003519           2         392           0
    8.786     0.0021438     0.0003435           2         392           0
    8.846     0.0022056     0.0003754           2         392           0
    8.907     0.0022925     0.0003739           2         392           0
    8.967     0.0025592     0.0003904           2         392           0
    9.028     0.0025295     0.0003902           2         136           0
    9.088     0.0026569     0.0003861           2         136           0
    9.149     0.0031287     0.0003873           2         136           0
    9.209     0.0030416     0.0003773           2         136           0
    9.270     0.0032567     0.0003640           2         136           0
    9.330     0.0030557     0.0003883           2         136           0
    9.391     0.0024495     0.0004010           2         392           0
    9.451     0.0016616     0.0003852           2         392           0
    9.512     0.0015861     0.0003831           2         392           0
    9.572     0.0014092     0.0003730           2         392           0
    9.633     0.0012268     0.0003570           2         392           0
    9.693     0.0011301     0.0003589           2         392           0
    9.754     0.0011085     0.0002897           2       16796           0
    9.814     0.0008768     0.0003172           2       16796           0
    9.875     0.0010208     0.0003319           2         392           0
    9.935     0.0008645     0.0003314           2         392           0
    9.995     0.0009025     0.0003001           2         392           0
   10.056     0.0008665     0.0003105           2         392           0
   10.116     0.0010516     0.0003086           2         392           0
   10.177     0.0010104     0.0003037           2         392           0
   10.237     0.0008129     0.0002994           2         392           0
   10.298     0.0009705     0.0003147           2         392           0
   10.358     0.0012175     0.0003181           2         392           0
   10.419     0.0010066     0.0003267           2         392           0
   10.479     0.0008544     0.0003432           2         392           0
   10.540     0.0010246     0.0003604           2         392           0
   10.600     0.0009348     0.0003345           2         392           0
   10.661     0.0010157     0.0003272           2         392           0
   10.721     0.0009727     0.0003486           2         392           0
   10.782     0.0010065     0.0003725           2         392           0
   10.842     0.0011148     0.0003612           2         392           0
   10.903     0.0008775     0.0003783           2         392           0
   10.963     0.0009856     0.0003910           2         392           0
   11.024     0.0010070     0.0004101           2         392           0
   11.084     0.0010868     0.0003989           2         392           0
   11.145     0.0010755     0.0003739           2         392           0
   11.205     0.0010553     0.0004209           2         392           0
   11.266     0.0012246     0.0003960           2         392           0
   11.326     0.0012608     0.0004148           2         392           0
   11.387     0.0013628     0.0004239           2         412           0
   11.447     0.0013474     0.0004076           2         412           0
   11.508     0.0016161     0.0004260           2         392           0
   11.568     0.0016192     0.0004521           2         392           0
   11.628     0.0012566     0.0004483           2         392           0
   11.689     0.0017858     0.0004471           2         392           0
   11.750     0.0018148     0.0004351           2         392           0
   11.810     0.0024304     0.0004499           2         392           0
   11.870     0.0028001     0.0004290           2         392           0
   11.931     0.0034257     0.0004409           2         392           0
   11.991     0.0052896     0.0004149           2         392           0
   12.052     0.0066953     0.0004965           2         392           0
   12.112     0.0065115     0.0004616           2         392           0
   12.173     0.0053971     0.0004750           2         392           0
   12.233     0.0044313     0.0004943           2         392           0
   12.294     0.0036674     0.0004827           2         392           0
   12.354     0.0030140     0.0004929           2         392           0
   12.415     0.0026538     0.0004830           2         392           0
   12.475     0.0024874     0.0004496           2         392           0
   12.536     0.0021376     0.0004570           2         392           0
   12.596     0.0021956     0.0004426           2         392           0
   12.657     0.0023200     0.0004384           2         392           0
   12.717     0.0024495     0.0004530           2         392           0
   12.778     0.0025851     0.0004526           2         392           0
   12.838     0.0024538     0.0004586           2         392           0
   12.899     0.0024641     0.0005033           2         392           0
   12.959     0.0023335     0.0005194           2         392           0
   13.020     0.0021611     0.0005160           2         392           0
   13.080     0.0020645     0.0005095           2         392           0
   13.141     0.0020527     0.0005537           2         392           0
   13.201     0.0024515     0.0005757           2         392           0
   13.262     0.0021954     0.0004361           2         392           0
   13.322     0.0021855     0.0005774           2         392           0
   13.383     0.0030018     0.0006011           2         392           0
   13.443     0.0032972     0.0005865           2         392           0
   13.503     0.0033776     0.0006297           2         392           0
   13.564     0.0034463     0.0005676           2         392           0
   13.625     0.0039386     0.0006165           2         392           0
   13.685     0.0042453     0.0006363           2         392           0
   13.745     0.0052463     0.0006333           2         392           0
   13.806     0.0041495     0.0006435           2         392           0
   13.866     0.0026030     0.0006322           2         392           0
   13.927     0.0024678     0.0006849           2         392           0
   13.987     0.0019632     0.0007378           2         392           0
   14.048     0.0021795     0.0006994           2         392           0
   14.154     0.0021835     0.0007229           3        4360           0
   14.239     0.0027552     0.0005421           3        4360           0
   14.323     0.0018013     0.0005832           3        4360           0
   14.408     0.0025695     0.0004830           3        4360           0
   14.493     0.0021527     0.0005659           3        4360           0
   14.577     0.0018776     0.0005782           3        4360           0
   14.662     0.0021007     0.0005367           3        4360           0
   14.747     0.0022597     0.0006639           3        4360           0
   14.832     0.0012780     0.0007013           3        4360           0
   14.916     0.0020030     0.0007122           3        4360           0
   15.001     0.0023712     0.0007074           3        4360           0
   15.085     0.0019715     0.0006657           3        4360           0
   15.170     0.0020655     0.0010530           3        4360           0
   15.255     0.0021732     0.0034039           3        4360           0
   15.340     0.0021369     0.0009342           3        4360           0
   15.424     0.0020874     0.0005632           3        4360           0
   15.509     0.0021529     0.0004941           3        4360           0
   15.594     0.0019186     0.0005050           3        4360           0
   15.678     0.0017153     0.0005118           3        4360           0
   15.763     0.0021464     0.0004743           3        4360           0
   15.848     0.0023412     0.0006164           3        4360           0
   15.932     0.0023040     0.0008798           3        4360           0
   16.017     0.0022162     0.0007199           3        4360           0
   16.102     0.0022150     0.0007437           3        4360           0
   16.186     0.0025295     0.0007800           3        4360           0
   16.271     0.0023612     0.0007960           3        4360           0
   16.356     0.0020697     0.0029145           3        4360           0
   16.440     0.0028022     0.0014547           3        4360           0
   16.525     0.0019411     0.0006706           3        4360           0
   16.610     0.0024995     0.0003893           3        4360           0
   16.694     0.0030477     0.0004056           3        4360           0
   16.779     0.0025601     0.0006935           3        4360           0
   16.864     0.0017257     0.0008811           3        4360           0
   16.948     0.0015414     0.0009372           3        4360           0
   17.033     0.0015813     0.0006755           3        4360           0
   17.118     0.0023917     0.0016521           3        4360           0
   17.202     0.0016344     0.0010679           3        4360           0
   17.287     0.0021595     0.0008165           3        4360           0
   17.372     0.0020043     0.0007983           3        4360           0
   17.456     0.0023010     0.0008460           3        4360           0
   17.541     0.0029006     0.0007313           3        4360           0
   17.626     0.0037475     0.0007527           3        4360           0
   17.711     0.0043583     0.0007517           3        4360           0
   17.795     0.0038990     0.0007567           3        4360           0
   17.880     0.0027173     0.0006994           3        4360           0
   17.965     0.0024466     0.0007291           3        4360           0
   18.049     0.0030704     0.0007735           3        4360           0
   18.134     0.0029175     0.0007335           3        4360           0
   18.219     0.0031777     0.0008843           3        4360           0
   18.303     0.0048629     0.0009286           3        4360           0
   18.388     0.0047092     0.0008165           3        4360           0
   18.472     0.0033037     0.0009143           3        4360           0
   18.557     0.0029552     0.0010732           3        4360           0
   18.642     0.0033598     0.0009948           3        4360           0
   18.727     0.0035271     0.0008972           3        4360           0
   18.811     0.0027699     0.0009339           3        4360           0
   18.896     0.0030066     0.0009490           3        4360           0
   18.981     0.0030562     0.0008487           3        4360           0
   19.065     0.0025197     0.0007734           3        4360           0
   19.150     0.0027701     0.0009839           3        4360           0
   19.235     0.0016258     0.0013634           3    19009600           0
   19.404     0.0023919     0.0022778           3    19009600           0
   19.573     0.0036318     0.0017972           3    19009600           0
   19.743     0.0017796     0.0014847           3    19009600           0
   19.912     0.0027098     0.0047399           3        4360           0
   20.081     0.0032813     0.0045957           3        4360           0
   20.251     0.0038373     0.0023744           3        4360           0
   20.420     0.0029205     0.0016667           3        4360           0
   20.590     0.0029488     0.0017310           3        4360           0
   20.759     0.0029875     0.0018039           3        4360           0
   20.928     0.0029443     0.0022550           3        4360           0
   21.097     0.0028442     0.0022303           3        4360           0
   21.267     0.0029833     0.0011391           4        4360           0
   21.436     0.0032890     0.0010839           4        4360           0
   21.606     0.0028277     0.0011095           4        4360           0
   21.775     0.0016773     0.0012078           4        4360           0
   21.944     0.0025886     0.0048240           4        4360           0
   22.114     0.0035839     0.0009724           4        4360           0
   22.283     0.0035058     0.0008592           4        4360           0
   22.452     0.0039577     0.0011743           4        4360           0
   22.622     0.0038598     0.0010514           4        4360           0
   22.791     0.0033335     0.0007624           4        4360           0
   22.960     0.0034431     0.0005982           4        4360           0
   23.130     0.0033764     0.0007327           4        4360           0
   23.299     0.0029992     0.0007298           4        4360           0
   23.469     0.0032741     0.0007344           4        4360           0
   23.638     0.0034260     0.0042147           4        4360           0
   23.807     0.0041715     0.0031274           4        4360           0
   23.976     0.0032309     0.0006708           4        4360           0
   24.146     0.0028030     0.0007901           4        4360           0
   24.315     0.0033017     0.0007682           4        4360           0
   24.485     0.0035408     0.0008748           4        4360           0
   24.654     0.0034518     0.0008314           4        4360           0
   24.823     0.0029253     0.0009025           4        4360           0
   24.993     0.0038150     0.0010016           4        4360           0
   25.162     0.0044702     0.0010404           4        4360           0
   25.331     0.0042296     0.0008858           4        4360           0
   25.501     0.0047276     0.0009117           4        4360           0
   25.670     0.0045947     0.0009587           4        4360           0
   25.839     0.0045504     0.0034786           4        4360           0
   26.009     0.0045688     0.0010944           4        4360           0
   26.178     0.0044239     0.0008286           4        4360           0
   26.347     0.0046136     0.0005702           4        4360           0
   26.517     0.0042753     0.0006269           4        4360           0
   26.686     0.0040392     0.0007559           4        4360           0
   26.856     0.0039684     0.0007631           4        4360           0
   27.025     0.0043657     0.0007216           4        4360           0
   27.194     0.0049619     0.0007406           4        4360           0
   27.364     0.0052273     0.0007547           4        4360           0
   27.533     0.0050113     0.0015340           4        4360           0
   27.702     0.0050948     0.0037902           4        4360           0
   27.872     0.0057209     0.0010674           4        4360           0
   28.041     0.0052101     0.0009859           4        4360           0
   28.210     0.0042525     0.0010656           4        4360           0
   28.380     0.0044294     0.0010101           4        4360           0
   28.549     0.0039059     0.0010164           4        4360           0
   28.719     0.0051671     0.0008534           4        4360           0
   28.888     0.0049215     0.0007939           4        4360           0
   29.057     0.0058005     0.0009076           4        4360           0
   29.226     0.0055054     0.0010013           4        4360           0
   29.396     0.0047465     0.0012179           4        4360           0
   29.565     0.0051430     0.0042940           4        4360           0
   29.735     0.0055151     0.0038866           4        4360           0
   29.904     0.0052985     0.0009744           4        4360           0
   30.073     0.0049712     0.0013441           4        4360           0
   30.243     0.0055802     0.0032548           4        4360           0
   30.412     0.0061565     0.0098580           4        4360           0
   30.581     0.0055640     0.0177519           4        4360           0
   30.751     0.0059301     0.0015265           4        4360           0
   30.920     0.0049998     0.0042379           4        4360           0
   31.089     0.0057799     0.0014067           4        4360           0
   31.259     0.0045551     0.0012166           4        4360           0
   31.428     0.0054546     0.0009913           4        4360           0
   31.597     0.0058904     0.0009866           4        4360           0
   31.767     0.0059497     0.0011308           4        4360           0
   31.936     0.0081257     0.0008746           4        4360           0
   32.105     0.0064340     0.0011054           4        4360           0
   32.275     0.0055393     0.0016657           4        4360           0
   32.444     0.0054851     0.0014080           4        4360           0
   32.614     0.0047552     0.0020238           4        4360           0
   32.783     0.0060095     0.0049872           4        4360           0
   32.952     0.0075600     0.0056052           4        4360           0
   33.122     0.0090442     0.0104950           4        4360           0
   33.291     0.0061027     0.0039809           4        4360           0
   33.460     0.0086866     0.0023627           4        4360           0
   33.630     0.0090004     0.0044031           4        4360           0
   33.799     0.0059463     0.0026019           4        4360           0
   33.968     0.0057710     0.0021701           4        4360           0
   34.138     0.0070366     0.0029245           4        4360           0
   34.307     0.0071377     0.0035625           4        4360           0
   34.477     0.0068455     0.0030015           4        4360           0
   34.646     0.0052767     0.0024961           4        4360           0
   34.815     0.0063170     0.0059367           4        4360           0
   34.985     0.0086081     0.0305181           4        4360           0
   35.154     0.0117968     0.0111032           4        4360           0
   35.323     0.0007410     0.0070135           4        4360           0
   35.493     0.0122315     0.0033587           4        4360           0
   35.662     0.0111758     0.0094015           4        4360           0
   35.831     0.0096339     0.0059945           4        4360           0
   36.001     0.0178550     0.0040268           4        4360           0
   36.170     0.0164584     0.0040172           4        4360           0
   36.339     0.0172554     0.0059004           4        4360           0
   36.509     0.0109658     0.0074925           4        4360           0
   36.678     0.0099082     0.0064452           4        4360           0
   36.847     0.0099551     0.0059464           4        4360           0
   37.017     0.0033099     0.0090843           4        4360           0
   37.186     0.0070341     0.0079823           4        4360           0
   37.355     0.0187004     0.0072854           4        4360           0
   37.525     0.0148179     0.0099944           4        4360           0
   37.694     0.0159845     0.0081711           4        4360           0
   37.864     0.0174871     0.0153174           4        4360           0
   38.033     0.0195774     0.0363905           4        4360           0
   38.202     0.0137290     0.0466244           4        4360           0
   38.372     0.0101267     0.0235737           4        4360           0
   38.541     0.0131358     0.0338262           4        4360           0
   38.710     0.0250881     0.0189000           4        4360           0
   38.880     0.0365944     0.0543708           4        4360           0
   39.049     0.0605002     0.5430622           4        4360           0
   39.218     0.0093076     0.1800878           4        4360           0
   39.388     0.0185428     0.0272818           4        4360           0
   39.557     0.0057286     0.0619856           4        4360           0
   39.727     0.0690996     0.1091088           4        4360           0
   39.896     0.0242667     0.0559422           4        4488           0
   40.065     0.0037799     0.0120287           4        4488           0
   40.235     0.0014055     0.0060133           4        4488           0
   40.404     0.0005410     0.0033091           4        4488           0
   40.573     0.0008645     0.0014661           4        4488           0
   40.743    -0.0002079     0.0006809           4        4508           0
   40.912    -0.0001380     0.0002991           4        4488           0
   41.081    -0.0000742     0.0002256           4        4488           0
   41.251    -0.0000367     0.0001663           4        4488           0
   41.420    -0.0000205     0.0003145           4        4488           0
   41.589     0.0000008     0.0005090           4        4488           0
   41.759     0.0000281     0.0006508           4        4488           0
   41.928     0.0003507     0.0027945           4        4508           0
   42.097    -0.0001194     0.0060200           4        4508           0
   42.267     0.0014601     0.0011533           4        4488           0
