wave flux error channelflag bitflag stitchflag
    5.127     0.0000586     0.0029373           1         392           0
    5.157     0.0003697     0.0018573           1         136           0
    5.187     0.0009880     0.0009460           1         136           0
    5.217     0.0007455     0.0005837           1         136           0
    5.247     0.0006382     0.0005923           1         136           0
    5.278     0.0004328     0.0006372           1         136           0
    5.308     0.0004702     0.0004791           1         136           0
    5.338     0.0004261     0.0004857           1         392           0
    5.368     0.0006459     0.0005251           1         392           0
    5.399     0.0007402     0.0005606           1       16776           0
    5.429     0.0004295     0.0005532           1       16796           0
    5.459     0.0003874     0.0005035           1       16796           0
    5.489     0.0005396     0.0004784           1         392           0
    5.520     0.0005899     0.0004463           1         392           0
    5.550     0.0006455     0.0005020           1         392           0
    5.580     0.0006371     0.0004890           1         392           0
    5.610     0.0007574     0.0005269           1         392           0
    5.641     0.0007534     0.0004662           1        8468           0
    5.671     0.0004184     0.0004381           1        8468           0
    5.701     0.0005007     0.0004371           1         392           0
    5.731     0.0006351     0.0004493           1         392           0
    5.762     0.0005520     0.0004704           1         412           0
    5.792     0.0005154     0.0005210           1         412           0
    5.822     0.0004623     0.0004541           1         392           0
    5.852     0.0007144     0.0005378           1         392           0
    5.883     0.0005247     0.0005465           1         392           0
    5.913     0.0004451     0.0004991           1         136           0
    5.943     0.0007222     0.0005574           1         136           0
    5.973     0.0006009     0.0005115           1         136           0
    6.004     0.0004961     0.0004891           1         136           0
    6.034     0.0010323     0.0004915           1         136           0
    6.064     0.0006661     0.0005024           1         392           0
    6.094     0.0006371     0.0004560           1         392           0
    6.125     0.0008019     0.0005236           1         392           0
    6.155     0.0008789     0.0005044           1         392           0
    6.185     0.0009832     0.0005005           1         392           0
    6.215     0.0010065     0.0004743           1         392           0
    6.245     0.0006627     0.0004984           1         392           0
    6.276     0.0007632     0.0005624           1         392           0
    6.306     0.0009636     0.0005672           1         392           0
    6.336     0.0005931     0.0005652           1         392           0
    6.366     0.0007709     0.0005615           1         392           0
    6.397     0.0004043     0.0005802           1         392           0
    6.427     0.0005873     0.0005648           1         392           0
    6.457     0.0010311     0.0005221           1         392           0
    6.487     0.0011692     0.0005497           1         392           0
    6.518     0.0014040     0.0006246           1         392           0
    6.548     0.0012245     0.0006659           1         392           0
    6.578     0.0015396     0.0006856           1         392           0
    6.608     0.0020985     0.0007397           1         392           0
    6.639     0.0030576     0.0006853           1         136           0
    6.669     0.0035182     0.0006682           1         136           0
    6.699     0.0034437     0.0005887           1         136           0
    6.729     0.0031026     0.0006216           1         136           0
    6.760     0.0027673     0.0006523           1         136           0
    6.790     0.0024368     0.0007371           1         392           0
    6.820     0.0018613     0.0006834           1         392           0
    6.850     0.0015095     0.0007162           1         392           0
    6.881     0.0016716     0.0007684           1         392           0
    6.911     0.0014742     0.0008397           1         392           0
    6.941     0.0018587     0.0006963           1         392           0
    6.971     0.0017132     0.0008597           1         392           0
    7.002     0.0014821     0.0008770           1         392           0
    7.032     0.0010991     0.0008464           1         392           0
    7.062     0.0010705     0.0008229           1         392           0
    7.092     0.0012383     0.0008115           1         392           0
    7.122     0.0014499     0.0008323           1         392           0
    7.153     0.0014992     0.0007781           1         392           0
    7.183     0.0010937     0.0007704           1         392           0
    7.213     0.0008870     0.0008244           1         392           0
    7.243     0.0016069     0.0008391           1         392           0
    7.274     0.0010343     0.0009009           1         392           0
    7.304     0.0013111     0.0009776           1         392           0
    7.334     0.0019062     0.0011789           1       53312           0
    7.395     0.0017694     0.0012960           1       18496           0
    7.455     0.0016354     0.0011923           1       18496           0
    7.516     0.0020915     0.0011090           1       53312           0
    7.576     0.0018993     0.0014785           1      153664           0
    7.637     0.0020970     0.0006316           1         392           0
    7.697     0.0019048     0.0006202           1         392           0
    7.758     0.0018957     0.0007501           1         392           0
    7.818     0.0022404     0.0007202           1         392           0
    7.879     0.0024999     0.0007341           1         392           0
    7.939     0.0029424     0.0007027           1         392           0
    8.000     0.0039468     0.0006643           1         392           0
    8.060     0.0047132     0.0006766           1         392           0
    8.120     0.0054077     0.0005988           1         392           0
    8.181     0.0060017     0.0005570           1         392           0
    8.241     0.0057977     0.0005752           1         392           0
    8.302     0.0056203     0.0005853           1         392           0
    8.362     0.0054964     0.0003745           2       16796           0
    8.423     0.0053369     0.0004834           2       16796           0
    8.483     0.0051291     0.0004285           2       16792           0
    8.544     0.0044899     0.0003295           2       16776           0
    8.604     0.0039942     0.0004392           2         392           0
    8.665     0.0033292     0.0003722           2         392           0
    8.725     0.0032611     0.0003450           2         392           0
    8.786     0.0032245     0.0003121           2         392           0
    8.846     0.0030961     0.0003324           2         392           0
    8.907     0.0029974     0.0003580           2         392           0
    8.967     0.0034999     0.0003967           2         392           0
    9.028     0.0032882     0.0004239           2         136           0
    9.088     0.0032518     0.0003892           2         136           0
    9.149     0.0036224     0.0003729           2         136           0
    9.209     0.0037655     0.0003809           2         136           0
    9.270     0.0036933     0.0003927           2         136           0
    9.330     0.0036809     0.0003376           2         136           0
    9.391     0.0028684     0.0004170           2         392           0
    9.451     0.0022637     0.0004142           2         392           0
    9.512     0.0019107     0.0003827           2         392           0
    9.572     0.0018062     0.0003507           2         392           0
    9.633     0.0015114     0.0003553           2         392           0
    9.693     0.0015931     0.0003416           2         392           0
    9.754     0.0027130     0.0001960           2       16796           0
    9.814     0.0015311     0.0003430           2       16796           0
    9.875     0.0016082     0.0003076           2         392           0
    9.935     0.0015566     0.0003424           2         392           0
    9.995     0.0013416     0.0003257           2         392           0
   10.056     0.0013125     0.0003147           2         392           0
   10.116     0.0011734     0.0002984           2         392           0
   10.177     0.0011415     0.0003005           2         392           0
   10.237     0.0013273     0.0003034           2         392           0
   10.298     0.0012123     0.0003071           2         392           0
   10.358     0.0012760     0.0003248           2         392           0
   10.419     0.0015433     0.0003468           2         392           0
   10.479     0.0013849     0.0003465           2         392           0
   10.540     0.0011911     0.0003439           2         392           0
   10.600     0.0010280     0.0003317           2         392           0
   10.661     0.0007508     0.0002884           2         392           0
   10.721     0.0010792     0.0003439           2         392           0
   10.782     0.0012309     0.0003588           2         392           0
   10.842     0.0011841     0.0003231           2         392           0
   10.903     0.0013188     0.0003451           2         392           0
   10.963     0.0013046     0.0003754           2         392           0
   11.024     0.0008929     0.0004014           2         392           0
   11.084     0.0009332     0.0003908           2         392           0
   11.145     0.0011418     0.0003822           2         392           0
   11.205     0.0011503     0.0004195           2         392           0
   11.266     0.0016192     0.0004042           2         392           0
   11.326     0.0013637     0.0004006           2         392           0
   11.387     0.0015025     0.0004155           2         412           0
   11.447     0.0016065     0.0004182           2         412           0
   11.508     0.0019342     0.0004510           2         392           0
   11.568     0.0016923     0.0004563           2         392           0
   11.628     0.0015323     0.0004376           2         392           0
   11.689     0.0017778     0.0004832           2         392           0
   11.750     0.0019747     0.0004365           2         392           0
   11.810     0.0025607     0.0004666           2         392           0
   11.870     0.0028245     0.0004731           2         392           0
   11.931     0.0031468     0.0004586           2         392           0
   11.991     0.0049241     0.0004776           2         392           0
   12.052     0.0072332     0.0004813           2         392           0
   12.112     0.0080207     0.0003442           2         392           0
   12.173     0.0063131     0.0004672           2         392           0
   12.233     0.0054718     0.0004969           2         392           0
   12.294     0.0044899     0.0004751           2         392           0
   12.354     0.0038633     0.0004735           2         392           0
   12.415     0.0034747     0.0004715           2         392           0
   12.475     0.0030457     0.0004754           2         392           0
   12.536     0.0028110     0.0004588           2         392           0
   12.596     0.0026281     0.0004121           2         392           0
   12.657     0.0026349     0.0004251           2         392           0
   12.717     0.0028017     0.0004283           2         392           0
   12.778     0.0029002     0.0004599           2         392           0
   12.838     0.0032625     0.0004523           2         392           0
   12.899     0.0033424     0.0004552           2         392           0
   12.959     0.0030786     0.0004931           2         392           0
   13.020     0.0028265     0.0005112           2         392           0
   13.080     0.0029780     0.0005148           2         392           0
   13.141     0.0031882     0.0005514           2         392           0
   13.201     0.0034508     0.0005329           2         392           0
   13.262     0.0034085     0.0005281           2         392           0
   13.322     0.0030894     0.0005610           2         392           0
   13.383     0.0035332     0.0005430           2         392           0
   13.443     0.0039555     0.0005896           2         392           0
   13.503     0.0044571     0.0006127           2         392           0
   13.564     0.0048120     0.0006291           2         392           0
   13.625     0.0048356     0.0006147           2         392           0
   13.685     0.0048802     0.0006417           2         392           0
   13.745     0.0066403     0.0006794           2         392           0
   13.806     0.0061704     0.0005702           2         392           0
   13.866     0.0038198     0.0006735           2         392           0
   13.927     0.0032219     0.0006948           2         392           0
   13.987     0.0026707     0.0007159           2         392           0
   14.048     0.0024990     0.0007372           2         392           0
   14.108     0.0027087     0.0007523           2         392           0
   14.154     0.0026970     0.0005045           3        4360           0
   14.239     0.0026965     0.0004263           3        4360           0
   14.323     0.0026948     0.0004257           3        4360           0
   14.408     0.0026714     0.0004022           3        4360           0
   14.493     0.0028968     0.0004112           3        4360           0
   14.577     0.0032018     0.0004348           3        4360           0
   14.662     0.0033358     0.0003852           3        4360           0
   14.747     0.0023222     0.0004825           3        4360           0
   14.832     0.0020484     0.0006395           3        4360           0
   14.916     0.0022030     0.0005060           3        4360           0
   15.001     0.0019919     0.0004907           3        4360           0
   15.085     0.0023535     0.0006379           3        4360           0
   15.170     0.0023219     0.0004046           3        4360           0
   15.255     0.0026165     0.0018087           3        4360           0
   15.340     0.0027116     0.0009043           3        4360           0
   15.424     0.0024347     0.0004413           3        4360           0
   15.509     0.0021436     0.0003712           3        4360           0
   15.594     0.0021588     0.0003900           3        4360           0
   15.678     0.0021552     0.0003982           3        4360           0
   15.763     0.0021179     0.0003682           3        4360           0
   15.848     0.0020393     0.0004289           3        4360           0
   15.932     0.0026908     0.0007755           3        4360           0
   16.017     0.0018673     0.0033082           3        4360           0
   16.102     0.0024019     0.0005435           3        4360           0
   16.186     0.0018637     0.0005208           3        4360           0
   16.271     0.0025929     0.0005363           3        4360           0
   16.356     0.0025560     0.0005532           3        4360           0
   16.440     0.0025160     0.0005195           3        4360           0
   16.525     0.0019366     0.0004449           3        4360           0
   16.610     0.0023290     0.0003605           3        4360           0
   16.694     0.0026091     0.0004291           3        4360           0
   16.779     0.0028923     0.0004606           3        4360           0
   16.864     0.0028706     0.0004884           3        4360           0
   16.948     0.0027070     0.0006565           3        4360           0
   17.033     0.0032260     0.0007543           3        4360           0
   17.118     0.0027628     0.0032236           3        4360           0
   17.202     0.0027989     0.0008094           3        4360           0
   17.287     0.0027468     0.0005383           3        4360           0
   17.372     0.0031972     0.0005860           3        4360           0
   17.456     0.0030438     0.0006256           3        4360           0
   17.541     0.0033726     0.0004932           3        4360           0
   17.626     0.0045358     0.0005461           3        4360           0
   17.711     0.0054400     0.0005393           3        4360           0
   17.795     0.0050194     0.0005545           3        4360           0
   17.880     0.0041930     0.0005400           3        4360           0
   17.965     0.0040183     0.0005649           3        4360           0
   18.049     0.0039947     0.0005607           3        4360           0
   18.134     0.0037698     0.0006002           3        4360           0
   18.219     0.0042344     0.0008358           3        4360           0
   18.303     0.0053454     0.0006571           3        4360           0
   18.388     0.0052124     0.0007540           3        4360           0
   18.472     0.0044824     0.0007362           3        4360           0
   18.557     0.0047811     0.0007363           3        4360           0
   18.642     0.0046700     0.0006579           3        4360           0
   18.727     0.0049070     0.0006005           3        4360           0
   18.811     0.0045254     0.0006629           3        4360           0
   18.896     0.0040198     0.0006508           3        4360           0
   18.981     0.0037492     0.0006107           3        4360           0
   19.065     0.0038617     0.0006270           3        4360           0
   19.150     0.0037084     0.0007089           3        4360           0
   19.235     0.0023667     0.0010477           3    19009600           0
   19.404     0.0028617     0.0016214           3    19009600           0
   19.573     0.0033144     0.0009988           3    19009600           0
   19.743     0.0030239     0.0010542           3    19009600           0
   19.912     0.0025136     0.0011137           3    19009600           0
   20.081     0.0037201     0.0011808           3    19009600           0
   20.251     0.0048477     0.0011043           3    19009600           0
   20.420     0.0042269     0.0011686           3    19009600           0
   20.590     0.0035069     0.0009987           3    19009600           0
   20.759     0.0036867     0.0011201           3    19009600           0
   20.928     0.0037413     0.0015003           3    19009600           0
   21.097     0.0040368     0.0030299           3        4360           0
   21.267     0.0050095     0.0015700           3        4360           0
   21.436     0.0042708     0.0007246           4        4360           0
   21.606     0.0034431     0.0007745           4        4360           0
   21.775     0.0044573     0.0007605           4        4360           0
   21.944     0.0049634     0.0006438           4        4360           0
   22.114     0.0034511     0.0007949           4        4360           0
   22.283     0.0047266     0.0006187           4        4360           0
   22.452     0.0042321     0.0006574           4        4360           0
   22.622     0.0037753     0.0005940           4        4360           0
   22.791     0.0040175     0.0005994           4        4360           0
   22.960     0.0044939     0.0005205           4        4360           0
   23.130     0.0048030     0.0005718           4        4360           0
   23.299     0.0049137     0.0005749           4        4360           0
   23.469     0.0051336     0.0006333           4        4360           0
   23.638     0.0044371     0.0006308           4        4360           0
   23.807     0.0046153     0.0005583           4        4360           0
   23.976     0.0050944     0.0005255           4        4360           0
   24.146     0.0049271     0.0006015           4        4360           0
   24.315     0.0048040     0.0005831           4        4360           0
   24.485     0.0048451     0.0005663           4        4360           0
   24.654     0.0055712     0.0006251           4        4360           0
   24.823     0.0058081     0.0006578           4        4360           0
   24.993     0.0059010     0.0007558           4        4360           0
   25.162     0.0064806     0.0005923           4        4360           0
   25.331     0.0064430     0.0006347           4        4360           0
   25.501     0.0060012     0.0006912           4        4360           0
   25.670     0.0070771     0.0007385           4        4360           0
   25.839     0.0065097     0.0020284           4        4360           0
   26.009     0.0060600     0.0007582           4        4360           0
   26.178     0.0065138     0.0005659           4        4360           0
   26.347     0.0065710     0.0005677           4        4360           0
   26.517     0.0069108     0.0005267           4        4360           0
   26.686     0.0068352     0.0006011           4        4360           0
   26.856     0.0064567     0.0005243           4        4360           0
   27.025     0.0063373     0.0005646           4        4360           0
   27.194     0.0068557     0.0005703           4        4360           0
   27.364     0.0066127     0.0005229           4        4360           0
   27.533     0.0069663     0.0005467           4        4360           0
   27.702     0.0072225     0.0006506           4        4360           0
   27.872     0.0078122     0.0008474           4        4360           0
   28.041     0.0086150     0.0008088           4        4360           0
   28.210     0.0106577     0.0005919           4        4360           0
   28.380     0.0069732     0.0007889           4        4360           0
   28.549     0.0068306     0.0007029           4        4360           0
   28.719     0.0076696     0.0006399           4        4360           0
   28.888     0.0080154     0.0006534           4        4360           0
   29.057     0.0079814     0.0007233           4        4360           0
   29.226     0.0077111     0.0008103           4        4360           0
   29.396     0.0088431     0.0008601           4        4360           0
   29.565     0.0100927     0.0008113           4        4360           0
   29.735     0.0083597     0.0019094           4        4360           0
   29.904     0.0085252     0.0008751           4        4360           0
   30.073     0.0086590     0.0006848           4        4360           0
   30.243     0.0092778     0.0023871           4        4360           0
   30.412     0.0092925     0.0065297           4        4360           0
   30.581     0.0093222     0.0012493           4        4360           0
   30.751     0.0092887     0.0009614           4        4360           0
   30.920     0.0085203     0.0009502           4        4360           0
   31.089     0.0088458     0.0009231           4        4360           0
   31.259     0.0089499     0.0008988           4        4360           0
   31.428     0.0099594     0.0007574           4        4360           0
   31.597     0.0102478     0.0007970           4        4360           0
   31.767     0.0109289     0.0007923           4        4360           0
   31.936     0.0111087     0.0008446           4        4360           0
   32.105     0.0099363     0.0009789           4        4360           0
   32.275     0.0098758     0.0011374           4        4360           0
   32.444     0.0110039     0.0015503           4        4360           0
   32.614     0.0124028     0.0026414           4        4360           0
   32.783     0.0099664     0.0012304           4        4360           0
   32.952     0.0113522     0.0013810           4        4360           0
   33.122     0.0107029     0.0015796           4        4360           0
   33.291     0.0102953     0.0015468           4        4360           0
   33.460     0.0134763     0.0015462           4        4360           0
   33.630     0.0132535     0.0015315           4        4360           0
   33.799     0.0129911     0.0016096           4        4360           0
   33.968     0.0141889     0.0017659           4        4360           0
   34.138     0.0135891     0.0022219           4        4360           0
   34.307     0.0121529     0.0023094           4        4360           0
   34.477     0.0138861     0.0020573           4        4360           0
   34.646     0.0130771     0.0018697           4        4360           0
   34.815     0.0122044     0.0025864           4        4360           0
   34.985     0.0165423     0.0093172           4        4360           0
   35.154     0.0112453     0.0038306           4        4360           0
   35.323     0.0142028     0.0065230           4        4360           0
   35.493     0.0167813     0.0253242           4        4360           0
   35.662     0.0091287     0.0076586           4        4360           0
   35.831     0.0143203     0.0027427           4        4360           0
   36.001     0.0193118     0.0024580           4        4360           0
   36.170     0.0141809     0.0028242           4        4360           0
   36.339     0.0118365     0.0031433           4        4360           0
   36.509     0.0164589     0.0035616           4        4360           0
   36.678     0.0188397     0.0032800           4        4360           0
   36.847     0.0167575     0.0053751           4        4360           0
   37.017     0.0187521     0.0074957           4        4360           0
   37.186     0.0196156     0.0107258           4        4360           0
   37.355     0.0182239     0.0071300           4        4360           0
   37.525     0.0262204     0.0043542           4        4360           0
   37.694     0.0244423     0.0058379           4        4360           0
   37.864     0.0189138     0.0176210           4        4360           0
   38.033     0.0173418     0.0363703           4        4360           0
   38.202     0.0280513     0.0284049           4        4360           0
   38.372     0.0229465     0.0230582           4        4360           0
   38.541     0.0266564     0.0219499           4        4360           0
   38.710     0.0126827     0.0239420           4        4360           0
   38.880     0.0199138     0.0340098           4        4360           0
   39.049    -0.0017645     0.0407846           4        4360           0
   39.218     0.0005743     0.0212823           4        4360           0
   39.388    -0.0054126     0.0099015           4        4360           0
   39.557    -0.0645526     0.0324386           4        4360           0
   39.727    -0.0345988     0.0579086           4        4360           0
   39.896     0.0114011     0.0208155           4        4488           0
   40.065     0.0037224     0.0076801           4        4488           0
   40.235     0.0014270     0.0059098           4        4488           0
   40.404     0.0004495     0.0017715           4        4488           0
   40.573     0.0004617     0.0008594           4        4488           0
   40.743     0.0001211     0.0004832           4        4508           0
   40.912    -0.0000348     0.0003832           4        4488           0
   41.081    -0.0001016     0.0002496           4        4488           0
   41.251     0.0000245     0.0001733           4        4488           0
   41.420    -0.0000610     0.0002188           4        4488           0
   41.589    -0.0003005     0.0003288           4        4488           0
   41.759    -0.0002235     0.0002804           4        4488           0
   41.928     0.0005467     0.0008786           4        4508           0
   42.097    -0.0000616     0.0006665           4        4508           0
   42.267     0.0013423     0.0007436           4        4488           0
