wave flux error channelflag bitflag stitchflag
    5.127     0.0001723     0.0033291           1         392           0
    5.157     0.0005312     0.0017814           1         136           0
    5.187     0.0003359     0.0009486           1         136           0
    5.217     0.0000250     0.0005666           1         136           0
    5.247     0.0000650     0.0005459           1         136           0
    5.278     0.0000694     0.0006683           1         136           0
    5.308     0.0002695     0.0005936           1         136           0
    5.338     0.0002186     0.0005982           1         392           0
    5.368    -0.0001316     0.0006137           1         392           0
    5.399     0.0002355     0.0005731           1       16776           0
    5.429     0.0003407     0.0006348           1       16796           0
    5.459     0.0002132     0.0005843           1       16796           0
    5.489     0.0000095     0.0005000           1         392           0
    5.520     0.0002748     0.0004888           1         392           0
    5.550     0.0000847     0.0005100           1         392           0
    5.580     0.0000652     0.0004966           1         392           0
    5.610     0.0003537     0.0004586           1         392           0
    5.641    -0.0000695     0.0004439           1        8468           0
    5.671    -0.0000520     0.0004622           1        8468           0
    5.701     0.0001453     0.0004692           1         392           0
    5.731     0.0001839     0.0004367           1         392           0
    5.762     0.0000974     0.0004876           1         412           0
    5.792     0.0001807     0.0004882           1         412           0
    5.822     0.0000561     0.0004781           1         392           0
    5.852    -0.0004992     0.0005125           1         392           0
    5.883    -0.0001473     0.0005963           1         392           0
    5.913     0.0003107     0.0005025           1         136           0
    5.943     0.0001577     0.0005220           1         136           0
    5.973     0.0001003     0.0004814           1         136           0
    6.004    -0.0000104     0.0004770           1         136           0
    6.034     0.0001307     0.0004934           1         136           0
    6.064     0.0001824     0.0004800           1         392           0
    6.094    -0.0000212     0.0003720           1         392           0
    6.125     0.0002533     0.0004831           1         392           0
    6.155     0.0003226     0.0005103           1         392           0
    6.185    -0.0000461     0.0004530           1         392           0
    6.215     0.0000245     0.0004452           1         392           0
    6.245     0.0002624     0.0004501           1         392           0
    6.276     0.0002867     0.0004756           1         392           0
    6.306     0.0002729     0.0005059           1         392           0
    6.336     0.0002811     0.0005265           1         392           0
    6.366     0.0003437     0.0005401           1         392           0
    6.397     0.0002852     0.0005280           1         392           0
    6.427     0.0003381     0.0005182           1         392           0
    6.457     0.0006441     0.0005019           1         392           0
    6.487     0.0000635     0.0005703           1         392           0
    6.518     0.0001261     0.0006166           1         392           0
    6.548     0.0001227     0.0007072           1         392           0
    6.578     0.0007702     0.0007628           1         392           0
    6.608     0.0014335     0.0007958           1         392           0
    6.639     0.0032126     0.0004776           1         136           0
    6.669     0.0033369     0.0005285           1         136           0
    6.699     0.0037341     0.0004324           1         136           0
    6.729     0.0024180     0.0004030           1         136           0
    6.760     0.0021636     0.0005852           1         136           0
    6.790     0.0019742     0.0005265           1         392           0
    6.820     0.0004958     0.0008154           1         392           0
    6.850     0.0005443     0.0007663           1         392           0
    6.881     0.0005559     0.0008364           1         392           0
    6.911     0.0003310     0.0007661           1         392           0
    6.941     0.0006826     0.0007560           1         392           0
    6.971     0.0001875     0.0008030           1         392           0
    7.002     0.0002502     0.0009007           1         392           0
    7.032     0.0003671     0.0008304           1         392           0
    7.062     0.0003165     0.0008532           1         392           0
    7.092     0.0008197     0.0008240           1         392           0
    7.122     0.0006295     0.0009086           1         392           0
    7.153     0.0005057     0.0008199           1         392           0
    7.183     0.0006868     0.0007962           1         392           0
    7.213     0.0012336     0.0008275           1         392           0
    7.243     0.0006026     0.0008404           1         392           0
    7.274     0.0005052     0.0009014           1         392           0
    7.304     0.0008944     0.0008750           1         392           0
    7.334     0.0005244     0.0011461           1       53312           0
    7.395     0.0002673     0.0012176           1       18496           0
    7.455     0.0003573     0.0010343           1       18496           0
    7.516     0.0011678     0.0010358           1       53312           0
    7.576     0.0011409     0.0013996           1      153664           0
    7.637     0.0005096     0.0005332           1         392           0
    7.697     0.0003888     0.0005943           1         392           0
    7.758     0.0013574     0.0005563           1         392           0
    7.818     0.0015596     0.0005232           1         392           0
    7.879     0.0013793     0.0005981           1         392           0
    7.939     0.0026189     0.0004539           1         392           0
    8.000     0.0033490     0.0004513           1         392           0
    8.060     0.0040123     0.0004361           1         392           0
    8.120     0.0047539     0.0004042           1         392           0
    8.181     0.0049616     0.0004235           1         392           0
    8.241     0.0047491     0.0003957           1         392           0
    8.302     0.0044368     0.0004338           1         392           0
    8.362     0.0044572     0.0002677           2       16796           0
    8.423     0.0042394     0.0002455           2       16796           0
    8.483     0.0037587     0.0002540           2       16792           0
    8.544     0.0036024     0.0002650           2       16776           0
    8.604     0.0031053     0.0002503           2         392           0
    8.665     0.0023782     0.0002252           2         392           0
    8.725     0.0022793     0.0002364           2         392           0
    8.786     0.0022031     0.0002228           2         392           0
    8.846     0.0020522     0.0002230           2         392           0
    8.907     0.0024037     0.0002521           2         392           0
    8.967     0.0024836     0.0003008           2         392           0
    9.028     0.0025707     0.0002639           2         136           0
    9.088     0.0029401     0.0002957           2         136           0
    9.149     0.0030566     0.0002676           2         136           0
    9.209     0.0030615     0.0002910           2         136           0
    9.270     0.0031226     0.0002812           2         136           0
    9.330     0.0025819     0.0003225           2         136           0
    9.391     0.0024372     0.0002845           2         392           0
    9.451     0.0018529     0.0003373           2         392           0
    9.512     0.0016779     0.0002737           2         392           0
    9.572     0.0011175     0.0003230           2         392           0
    9.633     0.0010656     0.0002889           2         392           0
    9.693     0.0008685     0.0003032           2         392           0
    9.754     0.0005803     0.0003767           2       16796           0
    9.814     0.0004834     0.0003448           2       16796           0
    9.875     0.0003535     0.0003773           2         392           0
    9.935     0.0002779     0.0003235           2         392           0
    9.995     0.0005185     0.0002787           2         392           0
   10.056     0.0011192     0.0002270           2         392           0
   10.116     0.0011600     0.0002351           2         392           0
   10.177     0.0005298     0.0002966           2         392           0
   10.237     0.0010059     0.0002247           2         392           0
   10.298     0.0010197     0.0002316           2         392           0
   10.358     0.0007471     0.0002683           2         392           0
   10.419     0.0006497     0.0002658           2         392           0
   10.479     0.0003839     0.0003162           2         392           0
   10.540     0.0004431     0.0003036           2         392           0
   10.600     0.0005275     0.0003195           2         392           0
   10.661     0.0006368     0.0002767           2         392           0
   10.721     0.0006381     0.0002812           2         392           0
   10.782     0.0006773     0.0002721           2         392           0
   10.842     0.0003632     0.0003498           2         392           0
   10.903     0.0009111     0.0002341           2         392           0
   10.963     0.0009088     0.0003057           2         392           0
   11.024     0.0008173     0.0003430           2         392           0
   11.084     0.0003611     0.0003935           2         392           0
   11.145     0.0006336     0.0003159           2         392           0
   11.205     0.0006682     0.0003520           2         392           0
   11.266     0.0011786     0.0003728           2         392           0
   11.326     0.0010398     0.0003432           2         392           0
   11.387     0.0007370     0.0004266           2         412           0
   11.447     0.0010955     0.0003654           2         412           0
   11.508     0.0008807     0.0004345           2         392           0
   11.568     0.0008203     0.0004455           2         392           0
   11.628     0.0018336     0.0003126           2         392           0
   11.689     0.0014204     0.0004101           2         392           0
   11.750     0.0016152     0.0004168           2         392           0
   11.810     0.0017845     0.0004024           2         392           0
   11.870     0.0022378     0.0004034           2         392           0
   11.931     0.0024537     0.0004185           2         392           0
   11.991     0.0054109     0.0003139           2         392           0
   12.052     0.0068756     0.0003515           2         392           0
   12.112     0.0065448     0.0003541           2         392           0
   12.173     0.0053604     0.0003346           2         392           0
   12.233     0.0043079     0.0003778           2         392           0
   12.294     0.0034897     0.0003461           2         392           0
   12.354     0.0026227     0.0004167           2         392           0
   12.415     0.0021778     0.0004017           2         392           0
   12.475     0.0018033     0.0003891           2         392           0
   12.536     0.0015774     0.0004066           2         392           0
   12.596     0.0015172     0.0003638           2         392           0
   12.657     0.0015531     0.0003881           2         392           0
   12.717     0.0020221     0.0003858           2         392           0
   12.778     0.0019096     0.0003774           2         392           0
   12.838     0.0017446     0.0003692           2         392           0
   12.899     0.0027059     0.0003097           2         392           0
   12.959     0.0025261     0.0003280           2         392           0
   13.020     0.0022074     0.0003077           2         392           0
   13.080     0.0019394     0.0004143           2         392           0
   13.141     0.0018718     0.0004431           2         392           0
   13.201     0.0024214     0.0004508           2         392           0
   13.262     0.0022417     0.0004529           2         392           0
   13.322     0.0024152     0.0004589           2         392           0
   13.383     0.0030200     0.0003974           2         392           0
   13.443     0.0033295     0.0003986           2         392           0
   13.503     0.0029843     0.0005045           2         392           0
   13.564     0.0032264     0.0005307           2         392           0
   13.625     0.0027562     0.0005326           2         392           0
   13.685     0.0039434     0.0005806           2         392           0
   13.745     0.0051104     0.0006018           2         392           0
   13.806     0.0033811     0.0005907           2         392           0
   13.866     0.0015520     0.0006917           2         392           0
   13.927     0.0016141     0.0007727           2         392           0
   13.987     0.0011853     0.0007277           2         392           0
   14.069     0.0022399     0.0005531           3        4360           0
   14.154     0.0030138     0.0003367           3        4360           0
   14.239     0.0026466     0.0004085           3        4360           0
   14.323     0.0021262     0.0003611           3        4360           0
   14.408     0.0020126     0.0003683           3        4360           0
   14.493     0.0020829     0.0004332           3        4360           0
   14.577     0.0019591     0.0004452           3        4360           0
   14.662     0.0016382     0.0004394           3        4360           0
   14.747     0.0013712     0.0004549           3        4360           0
   14.832     0.0013397     0.0004095           3        4360           0
   14.916     0.0010140     0.0005608           3        4360           0
   15.001     0.0014293     0.0005037           3        4360           0
   15.085     0.0016185     0.0004192           3        4360           0
   15.170     0.0012881     0.0004903           3        4360           0
   15.255     0.0013023     0.0004572           3        4360           0
   15.340     0.0014028     0.0003976           3        4360           0
   15.424     0.0012396     0.0004210           3        4360           0
   15.509     0.0014269     0.0003805           3        4360           0
   15.594     0.0020132     0.0003215           3        4360           0
   15.678     0.0016542     0.0004118           3        4360           0
   15.763     0.0011070     0.0003730           3        4360           0
   15.848     0.0012744     0.0003910           3        4360           0
   15.932     0.0016877     0.0004611           3        4360           0
   16.017     0.0011421     0.0005531           3        4360           0
   16.102     0.0009240     0.0006624           3        4360           0
   16.186     0.0004898     0.0004594           3        4360           0
   16.271     0.0008427     0.0009226           3        4360           0
   16.356     0.0009958     0.0026272           3        4360           0
   16.440     0.0016797     0.0011588           3        4360           0
   16.525     0.0025432     0.0003232           3        4360           0
   16.610     0.0033623     0.0003005           3        4360           0
   16.694     0.0036381     0.0002992           3        4360           0
   16.779     0.0020885     0.0004699           3        4360           0
   16.864     0.0012685     0.0004358           3        4360           0
   16.948     0.0012216     0.0006464           3        4360           0
   17.033     0.0017792     0.0005053           3        4360           0
   17.118     0.0017708     0.0010400           3        4360           0
   17.202     0.0012465     0.0007985           3        4360           0
   17.287     0.0014173     0.0006052           3        4360           0
   17.372     0.0014472     0.0006309           3        4360           0
   17.456     0.0024785     0.0006070           3        4360           0
   17.541     0.0024906     0.0005417           3        4360           0
   17.626     0.0029804     0.0005525           3        4360           0
   17.711     0.0032258     0.0005422           3        4360           0
   17.795     0.0027384     0.0005563           3        4360           0
   17.880     0.0021313     0.0005335           3        4360           0
   17.965     0.0020627     0.0005730           3        4360           0
   18.049     0.0025476     0.0005928           3        4360           0
   18.134     0.0027115     0.0006405           3        4360           0
   18.219     0.0028836     0.0007127           3        4360           0
   18.303     0.0038365     0.0007352           3        4360           0
   18.388     0.0114095     0.0006574           3        4360           0
   18.472     0.0036831     0.0007035           3        4360           0
   18.557     0.0031479     0.0008248           3        4360           0
   18.642     0.0035737     0.0006628           3        4360           0
   18.727     0.0032265     0.0006155           3        4360           0
   18.811     0.0023222     0.0006458           3        4360           0
   18.896     0.0023807     0.0005364           3        4360           0
   18.981     0.0024026     0.0005703           3        4360           0
   19.065     0.0025653     0.0005874           3        4360           0
   19.150     0.0022549     0.0007227           3        4360           0
   19.235     0.0012410     0.0009733           3    19009600           0
   19.404     0.0016836     0.0015969           3    19009600           0
   19.573     0.0024488     0.0013466           3    19009600           0
   19.743     0.0019690     0.0012040           3    19009600           0
   19.912     0.0020839     0.0011849           3    19009600           0
   20.081     0.0031051     0.0046251           3        4360           0
   20.251     0.0033909     0.0019297           3        4360           0
   20.420     0.0029302     0.0014019           3        4360           0
   20.590     0.0027314     0.0012426           3        4360           0
   20.759     0.0028904     0.0015920           3        4360           0
   20.928     0.0028663     0.0061237           3        4360           0
   21.097     0.0031467     0.0006206           4        4360           0
   21.267     0.0027778     0.0007807           4        4360           0
   21.436     0.0028030     0.0007848           4        4360           0
   21.606     0.0027397     0.0007439           4        4360           0
   21.775     0.0034545     0.0007474           4        4360           0
   21.944     0.0036324     0.0007752           4        4360           0
   22.114     0.0026957     0.0007922           4        4360           0
   22.283     0.0030638     0.0006195           4        4360           0
   22.452     0.0039672     0.0007011           4        4360           0
   22.622     0.0031506     0.0033389           4        4360           0
   22.791     0.0028663     0.0008656           4        4360           0
   22.960     0.0033653     0.0004982           4        4360           0
   23.130     0.0031337     0.0005854           4        4360           0
   23.299     0.0029321     0.0006029           4        4360           0
   23.469     0.0032206     0.0006054           4        4360           0
   23.638     0.0033877     0.0006000           4        4360           0
   23.807     0.0030434     0.0005245           4        4360           0
   23.976     0.0027797     0.0004164           4        4360           0
   24.146     0.0034091     0.0005860           4        4360           0
   24.315     0.0032581     0.0006071           4        4360           0
   24.485     0.0039906     0.0011162           4        4360           0
   24.654     0.0031792     0.0005205           4        4360           0
   24.823     0.0032632     0.0026967           4        4360           0
   24.993     0.0043326     0.0007875           4        4360           0
   25.162     0.0037396     0.0007734           4        4360           0
   25.331     0.0038773     0.0019598           4        4360           0
   25.501     0.0039704     0.0006838           4        4360           0
   25.670     0.0039478     0.0007470           4        4360           0
   25.839     0.0050502     0.0020234           4        4360           0
   26.009     0.0036313     0.0007348           4        4360           0
   26.178     0.0039741     0.0005577           4        4360           0
   26.347     0.0039742     0.0005444           4        4360           0
   26.517     0.0039300     0.0005347           4        4360           0
   26.686     0.0042187     0.0006001           4        4360           0
   26.856     0.0044558     0.0004991           4        4360           0
   27.025     0.0044268     0.0005618           4        4360           0
   27.194     0.0042045     0.0005852           4        4360           0
   27.364     0.0037355     0.0005714           4        4360           0
   27.533     0.0050127     0.0006136           4        4360           0
   27.702     0.0056521     0.0007262           4        4360           0
   27.872     0.0055242     0.0006914           4        4360           0
   28.041     0.0056156     0.0007361           4        4360           0
   28.210     0.0053938     0.0005213           4        4360           0
   28.380     0.0040959     0.0007591           4        4360           0
   28.549     0.0055864     0.0007311           4        4360           0
   28.719     0.0057599     0.0006416           4        4360           0
   28.888     0.0052877     0.0006375           4        4360           0
   29.057     0.0053637     0.0008389           4        4360           0
   29.226     0.0050547     0.0008738           4        4360           0
   29.396     0.0051755     0.0010131           4        4360           0
   29.565     0.0063145     0.0009537           4        4360           0
   29.735     0.0067443     0.0007214           4        4360           0
   29.904     0.0066068     0.0008513           4        4360           0
   30.073     0.0063257     0.0006582           4        4360           0
   30.243     0.0059639     0.0007514           4        4360           0
   30.412     0.0056775     0.0009061           4        4360           0
   30.581     0.0053924     0.0011489           4        4360           0
   30.751     0.0070517     0.0009500           4        4360           0
   30.920     0.0065462     0.0009587           4        4360           0
   31.089     0.0064519     0.0009495           4        4360           0
   31.259     0.0078495     0.0008538           4        4360           0
   31.428     0.0066732     0.0007872           4        4360           0
   31.597     0.0065899     0.0009828           4        4360           0
   31.767     0.0069489     0.0009493           4        4360           0
   31.936     0.0066703     0.0008736           4        4360           0
   32.105     0.0065452     0.0013365           4        4360           0
   32.275     0.0074804     0.0021850           4        4360           0
   32.444     0.0082563     0.0010506           4        4360           0
   32.614     0.0068811     0.0013528           4        4360           0
   32.783     0.0071297     0.0013350           4        4360           0
   32.952     0.0076560     0.0014207           4        4360           0
   33.122     0.0067759     0.0014968           4        4360           0
   33.291     0.0063018     0.0014744           4        4360           0
   33.460     0.0080376     0.0013483           4        4360           0
   33.630     0.0050491     0.0013476           4        4360           0
   33.799     0.0065360     0.0014003           4        4360           0
   33.968     0.0078169     0.0015596           4        4360           0
   34.138     0.0085420     0.0018152           4        4360           0
   34.307     0.0096602     0.0017942           4        4360           0
   34.477     0.0090514     0.0020465           4        4360           0
   34.646     0.0085996     0.0018795           4        4360           0
   34.815     0.0092716     0.0046901           4        4360           0
   34.985     0.0105617     0.0095795           4        4360           0
   35.154     0.0093952     0.0039268           4        4360           0
   35.323     0.0076072     0.0044906           4        4360           0
   35.493     0.0081843     0.0027086           4        4360           0
   35.662     0.0143154     0.0029756           4        4360           0
   35.831     0.0132914     0.0027025           4        4360           0
   36.001     0.0131834     0.0026604           4        4360           0
   36.170     0.0129329     0.0034632           4        4360           0
   36.339     0.0063201     0.0067885           4        4360           0
   36.509     0.0104473     0.0105393           4        4360           0
   36.678     0.0113408     0.0059322           4        4360           0
   36.847     0.0213327     0.0028862           4        4360           0
   37.017     0.0089360     0.0030896           4        4360           0
   37.186     0.0163424     0.0037013           4        4360           0
   37.355     0.0201660     0.0067276           4        4360           0
   37.525     0.0249359     0.0046297           4        4360           0
   37.694     0.0197418     0.0054438           4        4360           0
   37.864     0.0111222     0.0064714           4        4360           0
   38.033     0.0158986     0.0221446           4        4360           0
   38.202     0.0132729     0.0355804           4        4360           0
   38.372     0.0195877     0.0143616           4        4360           0
   38.541     0.0134878     0.0200396           4        4360           0
   38.710     0.0106873     0.0141647           4        4360           0
   38.880     0.0133268     0.0476000           4        4360           0
   39.049     0.0058666     0.2474667           4        4360           0
   39.218     0.0120956     0.0932113           4        4360           0
   39.388     0.0071284     0.0169040           4        4360           0
   39.557     0.0001029     0.0349036           4        4360           0
   39.727     0.0031361     0.0630544           4        4360           0
   39.896     0.0101658     0.0285289           4        4488           0
   40.065     0.0062326     0.0090174           4        4488           0
   40.235     0.0012343     0.0042456           4        4488           0
   40.404     0.0001429     0.0023781           4        4488           0
   40.573     0.0007348     0.0007502           4        4488           0
   40.743     0.0001026     0.0003641           4        4508           0
   40.912     0.0000176     0.0001954           4        4488           0
   41.081     0.0000186     0.0001462           4        4488           0
   41.251     0.0000019     0.0001411           4        4488           0
   41.420    -0.0001073     0.0002301           4        4488           0
   41.589    -0.0000211     0.0002697           4        4488           0
   41.759     0.0004697     0.0003243           4        4488           0
   41.928     0.0000971     0.0009312           4        4508           0
   42.097     0.0001423     0.0005950           4        4508           0
   42.267     0.0012687     0.0006927           4        4488           0
